100,60,1,0
100,61,2,0
100,62,3,0
100,63,4,0
100,64,5,0
100,65,6,0
100,66,7,0
100,67,8,0
100,68,9,0
100,69,10,0
100,70,11,0
100,71,12,0
100,72,13,0
100,73,14,0
100,74,15,0
100,75,16,0
100,76,17,0
100,77,18,0
100,78,19,0
100,79,20,0
100,80,21,0
100,81,22,0
100,82,23,0
100,83,24,0
100,84,25,0
100,85,26,0
100,86,27,0
100,87,28,0
100,59,29,0
100,89,30,0
100,90,31,0
100,91,32,0
100,92,33,0
100,93,34,0
100,94,35,0
100,1434,36,0
100,1272,37,0
100,1435,38,0
100,96,39,0
100,97,40,0
100,98,41,0
100,99,42,0
100,1231,43,0
100,1232,44,0
100,101,45,0
100,102,46,0
100,103,47,0
100,104,48,0
100,105,49,0
100,106,50,0
100,109,51,0
100,110,52,0
100,111,53,0
100,112,54,0
100,114,55,0
100,1545,56,0
100,1356,57,0
100,1360,58,0
100,118,59,0
100,119,60,0
100,120,61,0
100,121,62,0
100,122,63,0
100,123,64,0
100,124,65,0
100,125,66,0
100,126,67,0
100,127,68,0
100,130,69,0
100,131,70,0
100,132,71,0
100,133,72,0
100,134,73,0
100,135,74,0
100,136,75,0
100,137,76,0
100,138,77,0
100,139,78,0
100,140,79,0
100,141,80,0
100,142,81,0
100,143,82,0
100,2,83,1
100,1646,84,0
100,1647,85,1
101,1647,1,0
101,1648,2,0
101,1649,3,0
101,2,4,0
101,3,5,0
101,4,6,0
101,5,7,0
101,6,8,0
101,7,9,0
101,8,10,0
101,9,11,0
101,10,12,0
101,11,13,0
101,12,14,0
101,13,15,0
101,14,16,0
101,15,17,0
101,16,18,0
101,17,19,0
101,18,20,0
101,19,21,0
101,20,22,0
101,21,23,0
101,22,24,0
101,23,25,0
101,24,26,0
101,25,27,0
101,27,28,0
101,28,29,0
101,29,30,0
101,30,31,0
101,31,32,0
101,32,33,0
101,33,34,0
101,34,35,0
101,35,36,0
101,1273,37,0
101,37,38,0
101,38,39,0
101,1544,40,0
101,1355,41,0
101,1271,42,0
101,42,43,0
101,44,44,0
101,46,45,0
101,47,46,0
101,49,47,0
101,50,48,0
101,51,49,0
101,52,50,0
101,53,51,0
101,54,52,0
101,55,53,0
101,56,54,0
101,57,55,0
101,58,56,0
101,59,57,0
101,60,58,1
200,1432,1,0
200,1433,2,0
200,1256,3,0
200,155,4,0
200,156,5,0
200,157,6,0
200,158,7,0
200,159,8,0
200,160,9,0
200,161,10,0
200,162,11,0
200,163,12,0
200,164,13,0
200,165,14,0
200,59,15,0
200,166,16,0
200,167,17,0
200,168,18,0
200,170,19,0
200,172,20,0
200,173,21,0
200,174,22,0
200,175,23,0
200,176,24,0
200,178,25,0
200,35,26,0
200,1273,27,0
200,37,28,0
200,38,29,0
200,1544,30,0
200,1355,31,0
200,1362,32,0
200,236,33,0
200,237,34,0
200,791,35,0
200,792,36,0
200,793,37,0
200,794,38,0
200,795,39,0
200,796,40,0
200,797,41,0
200,798,42,0
200,799,43,0
200,800,44,0
200,801,45,0
200,802,46,0
200,803,47,0
200,804,48,0
200,805,49,0
200,806,50,0
200,807,51,0
200,808,52,0
200,809,53,0
200,810,54,0
200,811,55,0
200,812,56,0
200,813,57,0
200,814,58,0
200,815,59,0
200,816,60,0
200,817,61,0
200,818,62,0
200,1265,63,0
200,819,64,0
200,1032,65,0
200,1033,66,0
200,1034,67,0
200,1035,68,0
200,1036,69,0
200,1037,70,0
200,1440,71,0
200,1441,72,0
200,1442,73,0
200,1453,74,0
200,528,75,1
201,528,1,0
201,530,2,0
201,820,3,0
201,821,4,0
201,822,5,0
201,823,6,0
201,1443,7,0
201,1038,8,0
201,1039,9,0
201,1040,10,0
201,1041,11,0
201,1042,12,0
201,1043,13,0
201,1044,14,0
201,1045,15,0
201,1046,16,0
201,1047,17,0
201,1048,18,0
201,1049,19,0
201,1051,20,0
201,1052,21,0
201,1053,22,0
201,1054,23,0
201,1055,24,0
201,1056,25,0
201,1057,26,0
201,1059,27,0
201,1060,28,0
201,1061,29,0
201,1062,30,0
201,1063,31,0
201,283,32,0
201,284,33,0
201,41,34,0
201,114,35,0
201,1545,36,0
201,1356,37,0
201,1360,38,0
201,118,39,0
201,181,40,0
201,183,41,0
201,185,42,0
201,186,43,0
201,187,44,0
201,189,45,0
201,191,46,0
201,58,47,0
201,59,48,0
201,166,49,0
201,193,50,0
201,194,51,0
201,195,52,0
201,196,53,0
201,197,54,0
201,198,55,0
201,199,56,0
201,200,57,0
201,201,58,0
201,144,59,0
201,145,60,0
201,146,61,0
201,147,62,0
201,148,63,0
201,149,64,0
201,150,65,0
201,151,66,0
201,1255,67,0
201,1569,68,0
201,1431,69,0
201,1541,70,0
201,1432,71,1
300,202,1,0
300,203,2,0
300,1262,3,0
300,204,4,0
300,205,5,0
300,206,6,0
300,207,7,0
300,208,8,0
300,209,9,0
300,210,10,0
300,211,11,0
300,212,12,0
300,213,13,0
300,214,14,0
300,215,15,0
300,216,16,0
300,1266,17,0
300,217,18,0
300,218,19,0
300,219,20,0
300,220,21,0
300,221,22,0
300,222,23,0
300,223,24,0
300,224,25,0
300,225,26,0
300,226,27,0
300,227,28,0
300,228,29,0
300,229,30,0
300,230,31,0
300,231,32,0
300,232,33,0
300,233,34,0
300,178,35,0
300,35,36,0
300,1273,37,0
300,37,38,0
300,38,39,0
300,1538,40,0
300,1355,41,0
300,1362,42,0
300,236,43,0
300,237,44,0
300,238,45,0
300,240,46,0
300,241,47,0
300,242,48,0
300,1568,49,0
300,247,50,0
300,248,51,0
300,249,52,0
300,383,53,0
300,384,54,0
300,385,55,1
301,385,1,0
301,384,2,0
301,270,3,0
301,271,4,0
301,1551,5,0
301,277,6,0
301,279,7,0
301,280,8,0
301,281,9,0
301,283,10,0
301,284,11,0
301,41,12,0
301,114,13,0
301,180,14,0
301,1356,15,0
301,1360,16,0
301,118,17,0
301,181,18,0
301,183,19,0
301,286,20,0
301,287,21,0
301,288,22,0
301,289,23,0
301,290,24,0
301,291,25,0
301,292,26,0
301,293,27,0
301,294,28,0
301,295,29,0
301,296,30,0
301,1227,31,0
301,297,32,0
301,298,33,0
301,299,34,0
301,300,35,0
301,301,36,0
301,302,37,0
301,303,38,0
301,304,39,0
301,305,40,0
301,306,41,0
301,307,42,0
301,308,43,0
301,1235,44,0
301,309,45,0
301,310,46,0
301,311,47,0
301,312,48,0
301,313,49,0
301,314,50,0
301,315,51,0
301,316,52,0
301,317,53,0
301,318,54,0
301,319,55,0
301,320,56,0
301,321,57,0
301,322,58,0
301,202,59,1
400,323,1,0
400,324,2,0
400,325,3,0
400,326,4,0
400,327,5,0
400,328,6,0
400,1331,7,0
400,329,8,0
400,330,9,0
400,331,10,0
400,332,11,0
400,333,12,0
400,334,13,0
400,335,14,0
400,336,15,0
400,1234,16,0
400,337,17,0
400,338,18,0
400,339,19,0
400,340,20,0
400,341,21,0
400,342,22,0
400,343,23,0
400,344,24,0
400,345,25,0
400,346,26,0
400,347,27,0
400,348,28,0
400,350,29,0
400,351,30,0
400,352,31,0
400,353,32,0
400,354,33,0
400,356,34,0
400,357,35,0
400,358,36,0
400,359,37,0
400,176,38,0
400,178,39,0
400,1367,40,0
400,1368,41,0
400,1369,42,0
400,112,43,0
400,114,44,0
400,1545,45,0
400,1356,46,0
400,360,47,0
400,361,48,0
400,362,49,0
400,363,50,0
400,364,51,0
400,365,52,0
400,366,53,0
400,368,54,0
400,369,55,0
400,370,56,0
400,372,57,0
400,374,58,0
400,375,59,0
400,376,60,0
400,377,61,0
400,378,62,0
400,1444,63,0
400,245,64,0
400,246,65,0
400,247,66,0
400,248,67,0
400,249,68,0
400,250,69,0
400,251,70,0
400,252,71,0
400,253,72,0
400,254,73,0
400,255,74,0
400,256,75,0
400,257,76,0
400,258,77,0
400,259,78,0
400,260,79,0
400,261,80,1
401,261,1,0
401,262,2,0
401,263,3,0
401,265,4,0
401,266,5,0
401,267,6,0
401,268,7,0
401,269,8,0
401,270,9,0
401,271,10,0
401,272,11,0
401,273,12,0
401,387,13,0
401,388,14,0
401,389,15,0
401,390,16,0
401,391,17,0
401,392,18,0
401,394,19,0
401,395,20,0
401,396,21,0
401,398,22,0
401,400,23,0
401,401,24,0
401,402,25,0
401,403,26,0
401,404,27,0
401,38,28,0
401,1544,29,0
401,1355,30,0
401,1271,31,0
401,1364,32,0
401,1365,33,0
401,1366,34,0
401,181,35,0
401,405,36,0
401,406,37,0
401,407,38,0
401,408,39,0
401,410,40,0
401,411,41,0
401,412,42,0
401,413,43,0
401,414,44,0
401,415,45,0
401,416,46,0
401,417,47,0
401,419,48,0
401,420,49,0
401,421,50,0
401,423,51,0
401,425,52,0
401,426,53,0
401,427,54,0
401,428,55,0
401,429,56,0
401,430,57,0
401,431,58,0
401,432,59,0
401,433,60,0
401,434,61,0
401,435,62,0
401,436,63,0
401,437,64,0
401,438,65,0
401,439,66,0
401,440,67,0
401,441,68,0
401,442,69,0
401,323,70,1
500,1545,1,0
500,1356,2,0
500,1360,3,0
500,118,4,0
500,181,5,0
500,183,6,0
500,185,7,0
500,186,8,0
500,187,9,0
500,480,10,0
500,481,11,0
500,482,12,0
500,483,13,0
500,484,14,0
500,485,15,0
500,486,16,0
500,488,17,0
500,160,18,0
500,161,19,0
500,1536,20,0
500,1454,21,0
500,59,22,0
500,60,23,0
500,61,24,0
500,62,25,0
500,63,26,0
500,64,27,0
500,65,28,0
500,66,29,0
500,67,30,0
500,68,31,0
500,69,32,1
501,69,1,0
501,70,2,0
501,71,3,0
501,72,4,0
501,73,5,0
501,74,6,0
501,75,7,0
501,76,8,0
501,77,9,0
501,78,10,0
501,79,11,0
501,80,12,0
501,81,13,0
501,82,14,0
501,83,15,0
501,84,16,0
501,85,17,0
501,86,18,0
501,87,19,0
501,88,20,0
501,193,21,0
501,1455,22,0
501,487,23,0
501,488,24,0
501,160,25,0
501,161,26,0
501,470,27,0
501,471,28,0
501,472,29,0
501,473,30,0
501,474,31,0
501,475,32,0
501,172,33,0
501,173,34,0
501,174,35,0
501,175,36,0
501,176,37,0
501,178,38,0
501,1367,39,0
501,1368,40,0
501,1369,41,0
501,112,42,0
501,114,43,0
501,1545,44,1
600,1421,1,0
600,444,2,0
600,445,3,0
600,446,4,0
600,447,5,0
600,448,6,0
600,449,7,0
600,1159,8,0
600,1160,9,0
600,1161,10,0
600,458,11,0
600,459,12,0
600,460,13,0
600,461,14,0
600,215,15,0
600,216,16,0
600,462,17,0
600,463,18,0
600,464,19,0
600,465,20,0
600,466,21,0
600,467,22,0
600,468,23,0
600,1536,24,0
600,1454,25,0
600,59,26,0
600,60,27,0
600,1456,28,0
600,1457,29,0
600,1458,30,0
600,1459,31,0
600,1460,32,0
600,1461,33,0
600,1462,34,0
600,1463,35,0
600,1166,36,1
601,1166,1,0
601,1168,2,0
601,1167,3,0
601,1279,4,0
601,1467,5,0
601,1468,6,0
601,1469,7,0
601,1434,8,0
601,96,9,0
601,1470,10,0
601,1471,11,0
601,1472,12,0
601,1473,13,0
601,1474,14,0
601,88,15,0
601,193,16,0
601,1455,17,0
601,487,18,0
601,488,19,0
601,490,20,0
601,491,21,0
601,492,22,0
601,493,23,0
601,425,24,0
601,426,25,0
601,427,26,0
601,494,27,0
601,1268,28,0
601,495,29,0
601,496,30,0
601,497,31,0
601,862,32,0
601,863,33,0
601,864,34,0
601,865,35,0
601,507,36,0
601,508,37,0
601,509,38,0
601,510,39,0
601,511,40,0
601,512,41,0
601,443,42,0
601,1421,43,1
700,602,1,0
700,603,2,0
700,604,3,0
700,605,4,0
700,606,5,0
700,764,6,0
700,1370,7,0
700,1387,8,0
700,1566,9,0
700,1403,10,0
700,1567,11,0
700,1388,12,0
700,1371,13,0
700,607,14,0
700,608,15,0
700,609,16,0
700,610,17,0
700,611,18,0
700,612,19,0
700,613,20,0
700,614,21,0
700,261,22,0
700,937,23,0
700,938,24,0
700,939,25,0
700,940,26,0
700,941,27,0
700,942,28,0
700,943,29,0
700,944,30,0
700,945,31,0
700,946,32,0
700,947,33,0
700,948,34,0
700,949,35,0
700,1137,36,0
700,1138,37,0
700,650,38,0
700,651,39,0
700,652,40,0
700,653,41,0
700,654,42,0
700,403,43,0
700,404,44,0
700,38,45,0
700,1537,46,0
700,1355,47,0
700,1361,48,0
700,656,49,0
700,657,50,0
700,658,51,0
700,659,52,0
700,660,53,0
700,662,54,0
700,1633,55,0
700,1634,56,0
700,1635,57,0
700,1636,58,0
700,634,59,0
700,635,60,0
700,636,61,0
700,637,62,0
700,513,63,0
700,514,64,0
700,515,65,0
700,516,66,0
700,517,67,0
700,518,68,0
700,519,69,0
700,520,70,0
700,521,71,0
700,522,72,0
700,738,73,0
700,523,74,0
700,739,75,0
700,524,76,0
700,525,77,0
700,526,78,0
700,1233,79,0
700,1453,80,0
700,528,81,1
701,528,1,0
701,529,2,0
701,1372,3,0
701,1422,4,0
701,1420,5,0
701,1436,6,0
701,1373,7,0
701,1374,8,0
701,1375,9,0
701,533,10,0
701,534,11,0
701,535,12,0
701,536,13,0
701,537,14,0
701,538,15,0
701,539,16,0
701,540,17,0
701,541,18,0
701,542,19,0
701,543,20,0
701,544,21,0
701,545,22,0
701,546,23,0
701,547,24,0
701,548,25,0
701,549,26,0
701,550,27,0
701,551,28,0
701,552,29,0
701,553,30,0
701,554,31,0
701,555,32,0
701,556,33,0
701,557,34,0
701,558,35,0
701,559,36,0
701,560,37,0
701,561,38,0
701,562,39,0
701,563,40,0
701,564,41,0
701,565,42,0
701,566,43,0
701,568,44,0
701,570,45,0
701,571,46,0
701,572,47,0
701,574,48,0
701,575,49,0
701,576,50,0
701,577,51,0
701,579,52,0
701,41,53,0
701,114,54,0
701,1333,55,0
701,1356,56,0
701,360,57,0
701,361,58,0
701,362,59,0
701,363,60,0
701,364,61,0
701,365,62,0
701,366,63,0
701,368,64,0
701,369,65,0
701,370,66,0
701,372,67,0
701,580,68,0
701,583,69,0
701,584,70,0
701,585,71,0
701,263,72,0
701,265,73,0
701,586,74,0
701,587,75,0
701,588,76,0
701,589,77,0
701,590,78,0
701,591,79,0
701,592,80,0
701,593,81,0
701,594,82,0
701,595,83,0
701,1229,84,0
701,596,85,0
701,597,86,0
701,598,87,0
701,599,88,0
701,600,89,0
701,601,90,0
701,602,91,1
800,1166,1,0
800,1168,2,0
800,1167,3,0
800,1275,4,0
800,1276,5,0
800,1277,6,0
800,1477,7,0
800,1478,8,0
800,1479,9,0
800,1480,10,0
800,1481,11,0
800,1482,12,0
800,1483,13,0
800,1583,14,0
800,1484,15,0
800,1485,16,0
800,1486,17,0
800,1487,18,0
800,1390,19,0
800,1163,20,0
800,1164,21,0
800,1330,22,0
800,1165,23,0
800,1336,24,0
800,1488,25,0
800,1274,26,0
800,1282,27,0
800,1283,28,0
800,1284,29,0
800,1389,30,0
800,673,31,0
800,674,32,0
800,1379,33,0
800,675,34,0
800,676,35,0
800,677,36,0
800,678,37,0
800,679,38,0
800,680,39,0
800,681,40,0
800,682,41,0
800,683,42,0
800,684,43,0
800,685,44,0
800,686,45,0
800,687,46,0
800,688,47,0
800,689,48,0
800,690,49,0
800,114,50,0
800,180,51,0
800,1542,52,0
800,886,53,0
800,887,54,0
800,888,55,0
800,889,56,0
800,890,57,0
800,891,58,0
800,892,59,0
800,893,60,0
800,894,61,0
800,895,62,0
800,896,63,0
800,897,64,0
800,898,65,0
800,899,66,0
800,900,67,0
800,901,68,0
800,902,69,0
800,904,70,0
800,903,71,0
800,905,72,0
800,906,73,0
800,907,74,0
800,908,75,0
800,910,76,0
800,911,77,0
800,912,78,0
800,913,79,0
800,914,80,0
800,915,81,0
800,916,82,0
800,917,83,0
800,1384,84,0
800,1337,85,0
800,918,86,0
800,919,87,0
800,920,88,0
800,921,89,0
800,922,90,0
800,923,91,0
800,924,92,0
800,584,93,0
800,925,94,0
800,926,95,0
800,927,96,0
800,928,97,0
800,929,98,0
800,930,99,0
800,931,100,0
800,599,101,0
800,600,102,0
800,601,103,0
800,602,104,1
801,602,1,0
801,603,2,0
801,604,3,0
801,772,4,0
801,773,5,0
801,1110,6,0
801,1111,7,0
801,1112,8,0
801,1113,9,0
801,1114,10,0
801,1115,11,0
801,261,12,0
801,1116,13,0
801,1117,14,0
801,1118,15,0
801,1119,16,0
801,1120,17,0
801,1121,18,0
801,1122,19,0
801,1263,20,0
801,1123,21,0
801,1125,22,0
801,1126,23,0
801,1127,24,0
801,1128,25,0
801,1129,26,0
801,1130,27,0
801,1131,28,0
801,1132,29,0
801,1133,30,0
801,1134,31,0
801,1135,32,0
801,1136,33,0
801,948,34,0
801,949,35,0
801,950,36,0
801,951,37,0
801,952,38,0
801,953,39,0
801,954,40,0
801,364,41,0
801,955,42,0
801,956,43,0
801,957,44,0
801,958,45,0
801,959,46,0
801,1538,47,0
801,1355,48,0
801,1361,49,0
801,656,50,0
801,657,51,0
801,658,52,0
801,659,53,0
801,660,54,0
801,662,55,0
801,663,56,0
801,664,57,0
801,665,58,0
801,666,59,0
801,667,60,0
801,668,61,0
801,669,62,0
801,1490,63,0
801,1491,64,0
801,1492,65,0
801,1493,66,0
801,1494,67,0
801,1495,68,0
801,1166,69,1
900,602,1,0
900,603,2,0
900,604,3,0
900,772,4,0
900,773,5,0
900,1264,6,0
900,774,7,0
900,775,8,0
900,776,9,0
900,777,10,0
900,778,11,0
900,779,12,0
900,780,13,0
900,781,14,0
900,782,15,0
900,783,16,0
900,784,17,0
900,785,18,0
900,786,19,0
900,1380,20,0
900,787,21,0
900,788,22,0
900,789,23,0
900,790,24,0
900,255,25,0
900,256,26,0
900,257,27,0
900,258,28,0
900,259,29,0
900,260,30,0
900,261,31,0
900,615,32,0
900,391,33,0
900,392,34,0
900,394,35,0
900,395,36,0
900,396,37,0
900,398,38,0
900,400,39,0
900,401,40,0
900,402,41,0
900,403,42,0
900,404,43,0
900,38,44,0
900,1537,45,0
900,1355,46,0
900,1362,47,0
900,618,48,0
900,620,49,0
900,621,50,0
900,622,51,0
900,623,52,0
900,624,53,0
900,625,54,0
900,626,55,0
900,628,56,0
900,629,57,0
900,630,58,0
900,631,59,0
900,632,60,0
900,633,61,0
900,634,62,0
900,635,63,0
900,636,64,0
900,637,65,0
900,513,66,0
900,710,67,0
900,711,68,0
900,712,69,0
900,713,70,0
900,714,71,0
900,715,72,0
900,716,73,0
900,717,74,0
900,718,75,0
900,719,76,0
900,720,77,0
900,721,78,0
900,722,79,0
900,723,80,0
900,724,81,0
900,725,82,0
900,726,83,0
900,727,84,0
900,728,85,0
900,729,86,0
900,730,87,0
900,731,88,0
900,732,89,0
900,733,90,0
900,1582,91,0
900,1580,92,0
900,1581,93,0
900,1420,94,0
900,1436,95,0
900,1475,96,0
900,1476,97,0
900,1267,98,0
900,528,99,1
901,528,1,0
901,530,2,0
901,531,3,0
901,532,4,0
901,740,5,0
901,741,6,0
901,742,7,0
901,743,8,0
901,744,9,0
901,745,10,0
901,746,11,0
901,747,12,0
901,748,13,0
901,750,14,0
901,749,15,0
901,751,16,0
901,752,17,0
901,558,18,0
901,559,19,0
901,560,20,0
901,561,21,0
901,1637,22,0
901,1638,23,0
901,1639,24,0
901,1640,25,0
901,684,26,0
901,685,27,0
901,686,28,0
901,687,29,0
901,688,30,0
901,689,31,0
901,690,32,0
901,114,33,0
901,1333,34,0
901,1356,35,0
901,360,36,0
901,361,37,0
901,691,38,0
901,692,39,0
901,693,40,0
901,694,41,0
901,695,42,0
901,1093,43,0
901,900,44,0
901,901,45,0
901,1094,46,0
901,1095,47,0
901,1096,48,0
901,1097,49,0
901,1098,50,0
901,1099,51,0
901,1100,52,0
901,1101,53,0
901,1102,54,0
901,1103,55,0
901,1104,56,0
901,924,57,0
901,584,58,0
901,753,59,0
901,754,60,0
901,755,61,0
901,756,62,0
901,757,63,0
901,758,64,0
901,759,65,0
901,760,66,0
901,761,67,0
901,762,68,0
901,763,69,0
901,764,70,0
901,1370,71,0
901,1387,72,0
901,1566,73,0
901,1403,74,0
901,1567,75,0
901,1388,76,0
901,765,77,0
901,766,78,0
901,767,79,0
901,768,80,0
901,1312,81,0
901,769,82,0
901,770,83,0
901,771,84,0
901,599,85,0
901,600,86,0
901,601,87,0
901,602,88,1
1000,638,1,0
1000,640,2,0
1000,641,3,0
1000,642,4,0
1000,643,5,0
1000,644,6,0
1000,646,7,0
1000,647,8,0
1000,648,9,0
1000,649,10,0
1000,650,11,0
1000,651,12,0
1000,652,13,0
1000,653,14,0
1000,654,15,0
1000,403,16,0
1000,404,17,0
1000,38,18,0
1000,1544,19,0
1000,1355,20,0
1000,1271,21,0
1000,42,22,0
1000,44,23,0
1000,46,24,0
1000,960,25,0
1000,961,26,0
1000,962,27,0
1000,186,28,0
1000,963,29,0
1000,964,30,0
1000,965,31,0
1000,966,32,0
1000,967,33,0
1000,968,34,0
1000,969,35,0
1000,970,36,0
1000,971,37,0
1000,296,38,0
1000,972,39,0
1000,974,40,0
1000,975,41,0
1000,976,42,0
1000,977,43,0
1000,978,44,0
1000,979,45,0
1000,980,46,0
1000,981,47,0
1000,982,48,0
1000,983,49,0
1000,984,50,0
1000,986,51,0
1000,987,52,0
1000,988,53,0
1000,989,54,0
1000,306,55,0
1000,307,56,0
1000,497,57,0
1000,862,58,0
1000,863,59,0
1000,864,60,0
1000,865,61,0
1000,507,62,0
1000,508,63,0
1000,509,64,0
1000,510,65,0
1000,1624,66,0
1000,1625,67,1
1000,1496,68,0
1000,458,69,0
1000,459,70,1
1001,1625,1,0
1001,1627,2,0
1001,1628,3,0
1001,1626,4,0
1001,504,5,0
1001,505,6,0
1001,506,7,0
1001,1159,8,0
1001,1160,9,0
1001,1161,10,0
1001,458,11,0
1001,459,12,0
1001,338,13,0
1001,1064,14,0
1001,1065,15,0
1001,1066,16,0
1001,1067,17,0
1001,1068,18,0
1001,1069,19,0
1001,1070,20,0
1001,1071,21,0
1001,1072,22,0
1001,1073,23,0
1001,1074,24,0
1001,1075,25,0
1001,1076,26,0
1001,1077,27,0
1001,1078,28,0
1001,1079,29,0
1001,1080,30,0
1001,1081,31,0
1001,1082,32,0
1001,1083,33,0
1001,1084,34,0
1001,1085,35,0
1001,1086,36,0
1001,1087,37,0
1001,1088,38,0
1001,1089,39,0
1001,1090,40,0
1001,1091,41,0
1001,1092,42,0
1001,109,43,0
1001,110,44,0
1001,111,45,0
1001,112,46,0
1001,114,47,0
1001,1545,48,0
1001,1356,49,0
1001,360,50,0
1001,361,51,0
1001,691,52,0
1001,692,53,0
1001,693,54,0
1001,694,55,0
1001,695,56,0
1001,696,57,0
1001,697,58,0
1001,698,59,0
1001,699,60,0
1001,700,61,0
1001,702,62,0
1001,703,63,0
1001,704,64,0
1001,705,65,0
1001,706,66,0
1001,707,67,0
1001,708,68,0
1001,638,69,1
1200,497,1,0
1200,862,2,0
1200,863,3,0
1200,864,4,0
1200,865,5,0
1200,450,6,0
1200,452,7,0
1200,453,8,0
1200,866,9,0
1200,867,10,0
1200,868,11,0
1200,869,12,0
1200,870,13,0
1200,871,14,0
1200,872,15,0
1200,873,16,0
1200,874,17,0
1200,875,18,0
1200,876,19,0
1200,877,20,0
1200,878,21,0
1200,879,22,0
1200,880,23,0
1200,23,24,0
1200,24,25,0
1200,25,26,0
1200,27,27,0
1200,28,28,0
1200,29,29,0
1200,881,30,0
1200,882,31,0
1200,883,32,0
1200,884,33,0
1200,37,34,0
1200,38,35,0
1200,1544,36,0
1200,1355,37,0
1200,1362,38,0
1200,236,39,0
1200,237,40,0
1200,238,41,0
1200,240,42,0
1200,990,43,0
1200,991,44,0
1200,992,45,0
1200,993,46,0
1200,994,47,0
1200,995,48,0
1200,996,49,0
1200,997,50,0
1200,998,51,0
1200,999,52,0
1200,1000,53,0
1200,1001,54,0
1200,1002,55,0
1200,1003,56,0
1200,1004,57,0
1200,1005,58,0
1200,1006,59,0
1200,1007,60,0
1200,1008,61,0
1200,1009,62,0
1200,1010,63,0
1200,1011,64,0
1200,1012,65,0
1200,1013,66,0
1200,1014,67,0
1200,1015,68,0
1200,1016,69,0
1200,1017,70,0
1200,836,71,0
1200,837,72,0
1200,838,73,0
1200,1328,74,0
1200,1018,75,0
1200,1019,76,0
1200,1020,77,0
1200,1021,78,0
1200,1022,79,0
1200,829,80,0
1200,830,81,0
1200,1620,82,0
1200,1621,83,0
1200,1503,84,0
1200,1525,85,0
1200,1526,86,0
1200,1527,87,0
1200,1528,88,0
1200,1442,89,0
1200,1453,90,0
1200,528,91,1
1201,528,1,0
1201,1548,2,0
1201,1441,3,0
1201,1505,4,0
1201,1506,5,0
1201,1507,6,0
1201,1508,7,0
1201,1622,8,0
1201,1623,9,0
1201,1517,10,0
1201,830,11,0
1201,831,12,0
1201,832,13,0
1201,833,14,0
1201,834,15,0
1201,835,16,0
1201,836,17,0
1201,837,18,0
1201,838,19,0
1201,839,20,0
1201,840,21,0
1201,841,22,0
1201,842,23,0
1201,843,24,0
1201,844,25,0
1201,845,26,0
1201,846,27,0
1201,847,28,0
1201,848,29,0
1201,849,30,0
1201,850,31,0
1201,851,32,0
1201,852,33,0
1201,853,34,0
1201,854,35,0
1201,855,36,0
1201,856,37,0
1201,857,38,0
1201,858,39,0
1201,859,40,0
1201,860,41,0
1201,861,42,0
1201,280,43,0
1201,281,44,0
1201,283,45,0
1201,284,46,0
1201,41,47,0
1201,114,48,0
1201,1545,49,0
1201,1356,50,0
1201,1360,51,0
1201,1139,52,0
1201,1140,53,0
1201,1141,54,0
1201,1142,55,0
1201,124,56,0
1201,125,57,0
1201,126,58,0
1201,127,59,0
1201,130,60,0
1201,131,61,0
1201,132,62,0
1201,1143,63,0
1201,1144,64,0
1201,1145,65,0
1201,1146,66,0
1201,1147,67,0
1201,1148,68,0
1201,1149,69,0
1201,1150,70,0
1201,1151,71,0
1201,1152,72,0
1201,1153,73,0
1201,1154,74,0
1201,1155,75,0
1201,1156,76,0
1201,1157,77,0
1201,1158,78,0
1201,1549,79,0
1201,454,80,0
1201,455,81,0
1201,1500,82,0
1201,1501,83,0
1201,987,84,0
1201,988,85,0
1201,989,86,0
1201,306,87,0
1201,307,88,0
1201,497,89,1
1500,1189,1,0
1500,887,2,0
1500,888,3,0
1500,889,4,0
1500,890,5,0
1500,891,6,0
1500,956,7,0
1500,957,8,0
1500,958,9,0
1500,1195,10,0
1500,1196,11,0
1500,1197,12,0
1500,691,13,0
1500,692,14,0
1500,1199,15,0
1500,1174,16,0
1500,652,17,0
1500,653,18,0
1500,654,19,0
1500,403,20,0
1500,404,21,0
1500,38,22,0
1500,1537,23,0
1500,1355,24,0
1500,1361,25,0
1500,656,26,0
1500,657,27,0
1500,658,28,0
1500,1180,29,0
1500,1181,30,0
1500,1182,31,0
1500,1183,32,0
1500,1539,33,0
1500,1540,34,0
1500,1391,35,0
1500,1529,36,0
1500,1588,37,0
1500,1057,38,0
1500,1059,39,0
1500,1060,40,0
1500,1188,41,0
1600,1432,1,0
1600,1433,2,0
1600,1569,3,0
1600,1570,4,0
1600,1571,5,0
1600,1572,6,0
1600,1574,7,0
1600,1575,8,0
1600,1576,9,0
1600,1577,10,0
1600,1578,11,0
1600,153,12,0
1600,1423,13,0
1600,1530,14,0
1600,1531,15,0
1600,1532,16,0
1600,1533,17,0
1600,1534,18,0
1600,1206,19,0
1600,1207,20,0
1600,1208,21,0
1600,1209,22,0
1600,1210,23,0
1600,1211,24,0
1600,1535,25,0
1600,202,26,0
1600,203,27,0
1600,1262,28,0
1600,204,29,0
1600,1451,30,0
1600,1452,31,0
1700,1589,1,0
1700,1578,2,0
1700,153,3,0
1700,1423,4,0
1700,1424,5,0
1700,1425,6,0
1700,439,7,0
1700,440,8,0
1700,441,9,0
1700,442,10,0
1700,323,11,0
1700,1445,12,0
1700,1212,13,0
1700,1213,14,0
1700,1214,15,0
1700,1215,16,0
1700,1216,17,0
1700,1217,18,0
1700,1218,19,0
1700,1219,20,0
1700,1446,21,0
1700,1447,22,0
1700,1448,23,0
1700,1449,24,0
1700,1450,25,0
1700,1222,26,0
1700,1223,27,0
1700,1270,28,0
1700,1224,29,0
1700,1225,30,0
1700,1226,31,0
1700,321,32,0
1700,322,33,0
1700,202,34,0
1700,203,35,0
1700,1262,36,0
1700,204,37,0
1700,1451,38,0
1700,1452,39,0
1700,1432,40,0
1700,1433,41,0
1800,1566,1,0
1800,1403,2,0
1800,1418,3,0
1800,1411,4,0
1800,1412,5,0
1800,1413,6,0
1800,1419,7,0
1800,1414,8,0
1800,1584,9,0
1800,1415,10,0
1800,1416,11,0
1800,1417,12,0
1800,612,13,0
1800,613,14,0
1800,614,15,0
1800,261,16,0
1800,262,17,0
1800,263,18,0
1800,265,19,0
1800,266,20,0
1800,267,21,0
1800,268,22,0
1800,269,23,0
1800,1664,24,0
1800,271,25,0
1800,1586,26,0
1800,382,27,1
1801,382,1,0
1801,1228,2,0
1801,1663,3,0
1801,250,4,0
1801,251,5,0
1801,252,6,0
1801,253,7,0
1801,254,8,0
1801,255,9,0
1801,256,10,0
1801,257,11,0
1801,258,12,0
1801,583,13,0
1801,584,14,0
1801,753,15,0
1801,754,16,0
1801,755,17,0
1801,1393,18,0
1801,1394,19,0
1801,1395,20,0
1801,1396,21,0
1801,1585,22,0
1801,1397,23,0
1801,1554,24,0
1801,1555,25,0
1801,1556,26,0
1801,1557,27,0
1801,1558,28,0
1801,1563,29,0
1801,1559,30,0
1801,1560,31,0
1801,1561,32,0
1801,1562,33,0
1801,1406,34,0
1801,1407,35,0
1801,1566,36,1
2100,752,1,0
2100,710,2,0
2100,1293,3,0
2100,1295,4,0
2100,1296,5,0
2100,1297,6,0
2100,732,7,0
2100,733,8,0
2100,734,9,0
2100,735,10,0
2100,736,11,0
2100,737,12,0
2100,1298,13,0
2100,1299,14,0
2100,520,15,0
2100,1591,16,0
2100,824,17,0
2100,1043,18,0
2100,1010,19,0
2100,1011,20,0
2100,1012,21,0
2100,1013,22,0
2100,1014,23,0
2100,1015,24,0
2100,1016,25,0
2100,1017,26,0
2100,836,27,0
2100,248,28,0
2100,249,29,1
2101,249,1,0
2101,383,2,0
2101,384,3,0
2101,838,4,0
2101,839,5,0
2101,840,6,0
2101,841,7,0
2101,842,8,0
2101,843,9,0
2101,844,10,0
2101,845,11,0
2101,811,12,0
2101,1031,13,0
2101,1443,14,0
2101,742,15,0
2101,743,16,0
2101,744,17,0
2101,745,18,0
2101,746,19,0
2101,747,20,0
2101,1318,21,0
2101,752,22,1
2200,830,1,0
2200,1518,2,0
2200,1593,3,0
2200,1510,4,0
2200,1511,5,0
2200,1594,6,0
2200,1607,7,0
2200,1608,8,0
2200,1595,9,0
2200,1596,10,0
2200,1597,11,0
2200,1598,12,0
2200,1600,13,0
2200,1601,14,0
2200,1602,15,0
2200,1603,16,0
2200,1604,17,0
2200,1605,18,0
2200,1606,19,0
2200,831,20,0
2200,832,21,0
2200,833,22,0
2200,834,23,0
2200,835,24,0
2200,836,25,0
2200,270,26,0
2200,250,27,0
2200,251,28,0
2200,252,29,0
2200,253,30,0
2200,254,31,0
2200,586,32,0
2200,587,33,1
2201,587,1,0
2201,588,2,0
2201,1592,3,0
2201,775,4,0
2201,776,5,0
2201,777,6,0
2201,778,7,0
2201,779,8,0
2201,780,9,0
2201,781,10,0
2201,782,11,0
2201,783,12,0
2201,885,13,0
2201,909,14,0
2201,249,15,0
2201,383,16,0
2201,838,17,0
2201,1328,18,0
2201,1018,19,0
2201,1019,20,0
2201,1020,21,0
2201,1021,22,0
2201,1022,23,0
2201,829,24,0
2201,830,25,1
3000,202,1,0
3000,337,2,0
3000,340,3,0
3000,219,4,0
3000,172,5,0
3000,37,6,0
3000,38,7,0
3000,1538,8,0
3000,1355,9,0
3000,1362,10,0
3000,238,11,0
3000,241,12,0
3000,248,13,0
3000,249,14,0
3000,383,15,0
3000,384,16,1
3001,384,1,0
3001,270,2,0
3001,271,3,0
3001,280,4,0
3001,283,5,0
3001,41,6,0
3001,114,7,0
3001,180,8,0
3001,1356,9,0
3001,1360,10,0
3001,480,11,0
3001,420,12,0
3001,305,13,0
3001,308,14,0
3001,202,15,1
4000,1423,1,0
4000,1424,2,0
4000,1425,3,0
4000,439,4,0
4000,440,5,0
4000,441,6,0
4000,1426,7,0
4000,1427,8,0
4000,1428,9,0
4000,1429,10,0
4000,1430,11,0
4000,1564,12,0
4000,1431,13,0
4000,1541,14,0
4000,1432,15,0
4000,1433,16,0
4000,1569,17,0
4000,1609,18,0
4000,1610,19,0
4000,158,20,0
4000,86,21,0
4000,87,22,0
4000,88,23,0
4000,172,24,0
4000,175,25,0
4000,35,26,0
4000,37,27,0
4000,360,28,0
4000,361,29,0
4000,362,30,0
4000,363,31,0
4000,364,32,0
4000,365,33,0
4000,369,34,0
4000,580,35,0
4000,584,36,0
4000,585,37,0
4000,1105,38,0
4000,1107,39,0
4000,1108,40,0
4000,1109,41,0
4000,598,42,0
4000,1641,43,0
4000,605,44,0
4000,606,45,0
4000,764,46,0
4000,1370,47,0
4000,1387,48,0
4000,1566,49,1
4001,1566,1,0
4001,1403,2,0
4001,1418,3,0
4001,1411,4,0
4001,1615,5,0
4001,1557,6,0
4001,1558,7,0
4001,1563,8,0
4001,1616,9,0
4001,1617,10,0
4001,1409,11,0
4001,1618,12,0
4001,1619,13,0
4001,1388,14,0
4001,1371,15,0
4001,769,16,0
4001,770,17,0
4001,771,18,0
4001,772,19,0
4001,773,20,0
4001,1264,21,0
4001,932,22,0
4001,933,23,0
4001,934,24,0
4001,936,25,0
4001,259,26,0
4001,260,27,0
4001,261,28,0
4001,391,29,0
4001,395,30,0
4001,400,31,0
4001,401,32,0
4001,402,33,0
4001,403,34,0
4001,404,35,0
4001,1360,36,0
4001,181,37,0
4001,186,38,0
4001,189,39,0
4001,60,40,0
4001,61,41,0
4001,1552,42,0
4001,1611,43,0
4001,1612,44,0
4001,1577,45,0
4001,1578,46,0
4001,153,47,0
4001,1423,48,1
5000,1544,1,0
5000,1355,2,0
5000,1362,3,0
5000,618,4,0
5000,622,5,0
5000,625,6,0
5000,629,7,0
5000,1265,8,0
5000,819,9,0
5000,521,10,0
5000,522,11,0
5000,738,12,0
5000,523,13,0
5000,739,14,0
5000,524,15,0
5000,525,16,0
5000,526,17,0
5000,1233,18,0
5000,1453,19,0
5000,528,20,0
5000,529,21,0
5000,1665,22,0
5000,1666,23,0
5000,1667,24,1
5001,1667,1,0
5001,1668,2,0
5001,1267,3,0
5001,528,4,0
5001,530,5,0
5001,531,6,0
5001,532,7,0
5001,740,8,0
5001,741,9,0
5001,1038,10,0
5001,1613,11,0
5001,566,12,0
5001,571,13,0
5001,575,14,0
5001,579,15,0
5001,1547,16,0
5001,1544,17,1
6000,1333,1,0
6000,1361,2,0
6000,656,3,0
6000,657,4,0
6000,658,5,0
6000,811,6,0
6000,825,7,0
6000,827,8,0
6000,828,9,0
6000,1326,10,0
6000,829,11,0
6000,830,12,0
6000,1518,13,0
6000,1593,14,0
6000,1510,15,0
6000,1511,16,0
6000,1614,17,1
6001,1614,1,0
6001,1629,2,0
6001,1630,3,0
6001,1631,4,0
6001,1642,5,0
6001,1643,6,0
6001,1644,7,0
6001,1645,8,0
6001,1595,9,0
6001,1596,10,0
6001,1597,11,0
6001,1598,12,0
6001,1600,13,0
6001,1512,14,0
6001,1523,15,0
6001,1516,16,0
6001,1517,17,0
6001,830,18,0
6001,1023,19,0
6001,1024,20,0
6001,1025,21,0
6001,1026,22,0
6001,1027,23,0
6001,1028,24,0
6001,1043,25,0
6001,686,26,0
6001,687,27,0
6001,688,28,0
6001,689,29,0
6001,690,30,0
6001,114,31,0
6001,1333,32,1
