'202302-MVS-Saturday-01',100,63800,,'',0,7000,,'',0,3000,,'',0,7000,,'',0,3000,,'',0,7000,,'',0,3000,,'',0,7000,,'',0,3000,,'',0,7000,,'',0,3000,,'',0,7000,,'',0,3000,,'',0,7000,,'',0,3000,,'',0,7000,,'',0,3000,,'',0,7000,,'',0,3000,,'',0,7000,,'',0,3000,,'',0,7000,,'',0,3000,,'',0,7000,,'',0,1800,,'',0,1700,,'',0,1300,,'',0,5700,,'',0,1300,,'',0,1700,,'',0,1300,,'',0,5700,,'',0,1700,,'',0,2200,,'',0,700,,'',0,6300,4,'',0,800,,'',0,2200,,'',0,7800,,'',0,2200,,'',0,7800,,'',0,2200,,'',0,7700,,'',0
'202302-MVS-Saturday-01',101,70300,4,'',0,3000,4,'',0,7000,4,'',0,3000,4,'',0,7000,4,'',0,3000,4,'',0,7000,4,'',0,3000,4,'',0,7000,4,'',0,3000,4,'',0,7000,4,'',0,3000,4,'',0,7000,4,'',0,3000,4,'',0,7000,4,'',0,3000,4,'',0,7000,4,'',0,3000,4,'',0,7000,4,'',0,3000,4,'',0,7000,4,'',0,3000,4,'',0,7000,4,'',0,2300,4,'',0,3000,4,'',0,7000,4,'',0,3000,4,'',0,7300,4,'',0,3000,4,'',0,7000,4,'',0,10000,4,'',0,10000,4,'',0,10000,4,'',0
'202302-MVS-Sunday-01',100,74500,,'',0,6200,,'',0,3800,,'',0,6200,,'',0,3800,,'',0,6200,,'',0,3800,,'',0,6200,,'',0,3800,,'',0,6200,,'',0,3800,,'',0,6200,,'',0,3800,,'',0,6200,,'',0,3800,,'',0,6200,,'',0,3800,,'',0,6200,,'',0,3800,,'',0,6200,,'',0,3800,,'',0,6200,,'',0,3800,0,'Uplands',0,6200,4,'',0
'202302-MVS-Sunday-01',101,84500,4,'',0,10000,4,'',0,10000,4,'',0,10000,4,'',0,10000,4,'',0,10000,4,'',0,10000,4,'',0,10000,4,'',0,10000,4,'',0,10000,4,'',0,10000,4,'',0
'202302-MVS-Weekday-01',100,53900,,'',0,1500,0,'Westerra',0,5500,,'',0,1500,0,'Westerra',0,1500,,'',0,1500,0,'Westerra',0,5500,,'',0,1500,0,'Westerra',0,1500,,'',0,1500,0,'Westerra',0,5500,,'',0,1500,0,'Broad N',0,1500,,'',0,7000,,'',0,3000,,'',0,7000,,'',0,3000,,'',0,7000,,'',0,3000,,'',0,7000,,'',0,3000,,'',0,7000,,'',0,3000,,'',0,7000,,'',0,3000,,'',0,1500,0,'Westerra',0,5500,,'',0,1500,0,'Westerra',0,1500,,'',0,1500,0,'Westerra',0,5500,,'',0,1500,0,'Westerra',0,1500,,'',0,1500,0,'Westerra',0,5500,,'',0,1500,0,'Westerra',0,1500,,'',0,1500,0,'Westerra',0,6900,,'',0,700,,'',0,2200,,'',0,4800,,'',0,2200,,'',0,800,,'',0,2200,,'',0,4800,,'',0,2200,,'',0,800,,'',0,2200,,'',0,700,,'',0,6200,4,'',0,900,,'',0,2200,,'',0,7800,,'',0,2200,,'',0,7800,,'',0,2200,,'',0,7700,0,'Uplands',0,2200,4,'',0
'202302-MVS-Weekday-01',101,53900,4,'',0,7000,4,'',0,3000,4,'',0,1500,4,'',0,5500,4,'',0,1500,4,'',0,1500,4,'',0,1500,4,'',0,5500,4,'',0,1500,4,'',0,1500,4,'',0,1500,4,'',0,5500,4,'',0,3000,4,'',0,7000,4,'',0,3000,4,'',0,7000,4,'',0,3000,4,'',0,7000,4,'',0,3000,4,'',0,7000,4,'',0,3000,4,'',0,7000,4,'',0,3000,4,'',0,7000,4,'',0,3000,4,'',0,1500,4,'',0,5500,4,'',0,1500,4,'',0,1500,4,'',0,1500,4,'',0,5500,4,'',0,1500,4,'',0,1500,4,'',0,1400,4,'',0,6700,4,'',0,1000,4,'',0,2900,4,'',0,7000,4,'',0,3000,4,'',0,7000,4,'',0,3000,4,'',0,7000,4,'',0,10000,4,'',0,10000,4,'',0,10000,4,'',0
'202302-MVS-Saturday-01',500,71400,,'',0,10000,,'',0,10000,,'',0,10000,,'',0,10000,,'',0,10000,,'',0,10000,,'',0,10000,,'',0,10000,,'',0,10000,,'',0,10000,,'',0,10000,,'',0
'202302-MVS-Weekday-01',500,62400,,'',0,3000,,'',0,7000,,'',0,3000,,'',0,7000,,'',0,9000,,'',0,10000,,'',0,10000,,'',0,10000,,'',0,10000,,'',0,10000,,'',0,10000,,'',0,3400,,'',0,7600,,'',0,3000,,'',0,7000,,'',0,3500,,'',0
'202302-MVS-Weekday-01',600,63900,0,'Westhill',0,7000,0,'Westhill',0,3000,0,'Westhill',0,7000,0,'Westhill',0,3000,0,'Ross Ind',0,7000,4,'',0,3000,4,'',0,50000,0,'Westhill',0,10000,0,'Westhill',0,7000,0,'Westhill',0,3000,0,'Westhill',0,7000,0,'Westhill',0,3000,0,'Westhill',0,7000,0,'Westhill',0
'202302-MVS-Weekday-01',4001,63000,,'',0,7000,,'',0,3000,,'',0,7000,,'',0,3000,,'',0,7000,,'',0,3000,,'',0,7000,,'',0,3000,,'',0,7000,,'',0,3000,,'',0,7000,,'',0,3000,,'',0,7000,,'',0,3000,,'',0,7000,,'',0,3000,,'',0,7000,,'',0,3000,,'',0,7000,,'',0,3000,,'',0,7000,,'',0,3000,,'',0,7000,,'',0,3000,,'',0,10000,,'',0,10000,,'',0,10000,,'',0
