'202303-MVS-Saturday-01',700,60300,,'',0,10000,,'',0,3000,,'',0,7000,,'',0,3000,,'',0,7000,,'',0,3000,,'',0,7000,,'',0,3000,,'',0,7000,,'',0,3000,,'',0,7000,,'',0,3000,,'',0,7000,,'',0,3000,,'',0,7000,,'',0,3000,,'',0,7000,,'',0,3000,,'',0,7000,,'',0,3000,,'',0,7000,,'',0,3000,,'',0,8500,,'',0,8500,,'',0,3000,,'',0,10700,,'',0,10000,,'',0,10000,,'',0,10000,,'',0
'202303-MVS-Saturday-01',701,70000,4,'',0,10000,4,'',0,3000,4,'',0,7000,4,'',0,3000,4,'',0,7000,4,'',0,3000,4,'',0,7000,4,'',0,3000,4,'',0,7000,4,'',0,3000,4,'',0,7000,4,'',0,3000,4,'',0,7000,4,'',0,3000,4,'',0,7000,4,'',0,3000,4,'',0,7000,4,'',0,3000,4,'',0,7000,4,'',0,3000,4,'',0,7000,4,'',0,3000,4,'',0,7000,4,'',0,3000,4,'',0,10000,4,'',0,7800,4,'',0,3000,4,'',0,10000,4,'',0,10000,4,'',0,10000,4,'',0
'202303-MVS-Sunday-01',700,75500,,'',0,10000,,'',0,10000,,'',0,10000,,'',0,10000,,'',0,9000,,'',0,10000,,'',0,10000,,'',0,10000,,'',0,10000,,'',0,10000,,'',0,8500,0,'Whitmore',0
'202303-MVS-Sunday-01',701,85300,4,'',0,10000,4,'',0,10000,4,'',0,17700,4,'',0,10000,4,'',0,10000,4,'',0,10000,4,'',0,10000,4,'',0,10000,4,'',0,10000,4,'',0
'202303-MVS-Sunday-02',700,75500,,'',0,10000,,'',0,10000,,'',0,10000,,'',0,10000,,'',0,9000,,'',0,10000,,'',0,10000,,'',0,10000,,'',0,10000,,'',0,10000,,'',0,10000,0,'Mt Royal',0,10000,0,'Mt Royal',0,10000,0,'Mt Royal',0,10000,0,'Mt Royal',0,10000,0,'Mt Royal',0,10000,0,'Mt Royal',0,10000,0,'Mt Royal',0
'202303-MVS-Sunday-02',701,85300,4,'',0,10000,4,'',0,10000,4,'',0,17700,4,'',0,10000,4,'',0,10000,4,'',0,10000,4,'',0,10000,4,'',0,10000,4,'',0,10000,4,'',0,10000,4,'',0,10000,4,'',0,10000,4,'',0,10000,4,'',0,10000,4,'',0,10000,4,'',0,10000,4,'',0,10000,4,'',0
'202303-MVS-Weekday-01',700,53500,,'',0,7000,,'',0,1500,0,'Whitmore',0,1500,,'',0,1500,,'',0,5500,,'',0,1500,,'',0,1500,,'',0,1500,,'',0,5500,,'',0,1500,,'',0,1500,,'',0,7000,,'',0,3000,,'',0,7000,,'',0,3000,,'',0,7000,,'',0,3000,,'',0,7000,,'',0,3000,,'',0,7000,,'',0,3000,,'',0,7000,,'',0,2500,,'',0,7000,,'',0,3000,,'',0,7000,,'',0,3000,,'',0,7000,,'',0,3300,,'',0,8500,,'',0,8500,,'',0,3000,,'',0,10700,,'',0,10000,,'',0,10000,,'',0,10000,,'',0
'202303-MVS-Weekday-01',701,63000,4,'',0,7000,4,'',0,3000,4,'',0,2000,4,'',0,5000,4,'',0,1500,4,'',0,1500,4,'',0,1500,4,'',0,5500,4,'',0,3000,4,'',0,7000,4,'',0,3000,4,'',0,7000,4,'',0,3000,4,'',0,7000,4,'',0,3000,4,'',0,7000,4,'',0,3000,4,'',0,7000,4,'',0,3000,4,'',0,7000,4,'',0,3000,4,'',0,7000,4,'',0,3000,4,'',0,2500,4,'',0,7000,4,'',0,7500,4,'',0,3000,4,'',0,7000,4,'',0,3000,4,'',0,10000,4,'',0,7800,4,'',0,3000,4,'',0,10000,4,'',0,10000,4,'',0,10000,4,'',0
'202303-MVS-Saturday-01',800,71500,4,'',0,10000,4,'',0,10000,4,'',0,3000,4,'',0,7000,4,'',0,3000,4,'',0,7000,4,'',0,3000,4,'',0,7000,4,'',0,3000,4,'',0,7000,4,'',0,3000,4,'',0,7000,4,'',0,3000,4,'',0,7000,4,'',0,3000,4,'',0,7000,4,'',0,3000,4,'',0,7000,4,'',0,3000,4,'',0,7000,4,'',0,3000,4,'',0,10000,4,'',0,10000,4,'',0,10000,4,'',0
'202303-MVS-Saturday-01',801,61700,,'',0,10000,,'',0,10000,,'',0,3000,,'',0,7000,,'',0,3000,,'',0,7000,,'',0,3000,,'',0,7000,,'',0,3000,,'',0,7000,,'',0,3000,,'',0,7000,,'',0,3000,,'',0,7000,,'',0,3000,,'',0,7000,,'',0,3000,,'',0,7000,,'',0,3000,,'',0,7000,,'',0,2800,,'',0,10000,,'',0,10000,,'',0,10000,,'',0
'202303-MVS-Sunday-01',800,90000,4,'',0,10000,4,'',0,10000,4,'',0,10000,4,'',0,10000,4,'',0,10000,4,'',0,10000,4,'',0,10000,4,'',0,10000,4,'',0,10000,4,'',0,5500,4,'',0
'202303-MVS-Sunday-01',801,80000,,'',0,10000,,'',0,10000,,'',0,10000,,'',0,10000,,'',0,10000,,'',0,10000,,'',0,10000,,'',0,10000,,'',0,10000,,'',0,10000,,'',0
'202303-MVS-Sunday-02',800,90000,4,'',0,10000,4,'',0,10000,4,'',0,10000,4,'',0,10000,4,'',0,10000,4,'',0,10000,4,'',0,10000,4,'',0,10000,4,'',0,10000,4,'',0,5500,4,'',0,10000,4,'',0,10000,4,'',0,10000,4,'',0,10000,4,'',0,10000,4,'',0,10000,4,'',0,10000,4,'',0
'202303-MVS-Sunday-02',801,80000,,'',0,10000,,'',0,10000,,'',0,10000,,'',0,10000,,'',0,10000,,'',0,10000,,'',0,10000,,'',0,10000,,'',0,10000,,'',0,10000,,'',0,10000,,'',0,10000,,'',0,10000,,'',0,10000,,'',0,10000,,'',0,10000,,'',0,10000,,'',0
'202303-MVS-Weekday-01',800,63000,4,'',0,7000,4,'',0,3000,4,'',0,7000,4,'',0,3000,4,'',0,7000,4,'',0,3000,4,'',0,7000,4,'',0,3000,4,'',0,7000,4,'',0,3000,4,'',0,7000,4,'',0,3000,4,'',0,7000,4,'',0,3000,4,'',0,7000,4,'',0,3000,4,'',0,7000,4,'',0,3000,4,'',0,7000,4,'',0,3000,4,'',0,7000,4,'',0,3000,4,'',0,7000,4,'',0,3000,4,'',0,7000,4,'',0,4500,4,'',0,10000,4,'',0,10000,4,'',0
'202303-MVS-Weekday-01',801,53200,,'',0,7000,,'',0,3000,,'',0,7000,,'',0,3000,,'',0,7000,,'',0,3000,,'',0,7000,,'',0,3000,,'',0,7000,,'',0,3000,,'',0,7000,,'',0,3000,,'',0,7000,,'',0,3000,,'',0,7000,,'',0,3000,,'',0,7000,,'',0,3000,,'',0,7000,,'',0,3000,,'',0,7000,,'',0,3000,,'',0,7000,,'',0,4300,,'',0,10000,,'',0,10000,,'',0,10000,,'',0
'202303-MVS-Saturday-01',900,55700,,'',0,7000,,'',0,3000,,'',0,7000,,'',0,3000,,'',0,7000,,'',0,3000,,'',0,7000,,'',0,3000,,'',0,7000,,'',0,3000,,'',0,7000,,'',0,3000,,'',0,7000,,'',0,3000,,'',0,7000,,'',0,3000,,'',0,7000,,'',0,3000,,'',0,7000,,'',0,3000,,'',0,7000,,'',0,9000,,'',0,3000,,'',0,7000,,'',0,8500,,'',0,3000,,'',0,8500,,'',0,10000,,'',0,10000,,'',0,10000,,'',0
'202303-MVS-Saturday-01',901,72700,4,'',0,3000,4,'',0,7000,4,'',0,3000,4,'',0,7000,4,'',0,3000,4,'',0,7000,4,'',0,3000,4,'',0,7000,4,'',0,3000,4,'',0,7000,4,'',0,3000,4,'',0,7000,4,'',0,3000,4,'',0,7000,4,'',0,3000,4,'',0,7000,4,'',0,3000,4,'',0,7000,4,'',0,3000,4,'',0,7000,4,'',0,3000,4,'',0,7000,4,'',0,3000,4,'',0,7500,4,'',0,8500,4,'',0,8500,4,'',0,3000,4,'',0,8500,4,'',0,10000,4,'',0,10000,4,'',0
'202303-MVS-Sunday-01',900,73500,,'',0,9700,,'',0,10000,,'',0,10000,,'',0,9500,,'',0,10000,,'',0,10000,,'',0,10000,,'',0,10000,,'',0,10000,,'',0,10000,,'',0
'202303-MVS-Sunday-01',901,83200,4,'',0,10000,4,'',0,10000,4,'',0,18100,4,'',0,10000,4,'',0,10000,4,'',0,10000,4,'',0,10000,4,'',0,10000,4,'',0,10000,4,'',0,10000,4,'',0
'202303-MVS-Sunday-02',900,73500,,'',0,9700,,'',0,10000,,'',0,10000,,'',0,9500,,'',0,10000,,'',0,10000,,'',0,10000,,'',0,10000,,'',0,10000,,'',0,10000,,'',0,10000,0,'Eastview',0,10000,0,'Eastview',0,10000,0,'Eastview',0,10000,0,'Eastview',0,10000,0,'Eastview',0,10000,0,'Eastview',0,10000,0,'Eastview',0,10000,0,'Eastview',0
'202303-MVS-Sunday-02',901,83200,4,'',0,10000,4,'',0,10000,4,'',0,18100,4,'',0,10000,4,'',0,10000,4,'',0,10000,4,'',0,10000,4,'',0,10000,4,'',0,10000,4,'',0,10000,4,'',0,10000,4,'',0,10000,4,'',0,10000,4,'',0,10000,4,'',0,10000,4,'',0,10000,4,'',0,10000,4,'',0
'202303-MVS-Weekday-01',900,52700,,'',0,3000,,'',0,6500,,'',0,3000,,'',0,7000,,'',0,3000,,'',0,7000,,'',0,3500,,'',0,7000,,'',0,3000,,'',0,7000,,'',0,3000,,'',0,7000,,'',0,3000,,'',0,7000,,'',0,3000,,'',0,7000,,'',0,3000,,'',0,7000,,'',0,1500,,'',0,1500,,'',0,5500,,'',0,1500,,'',0,3000,,'',0,5500,,'',0,1500,,'',0,1500,,'',0,7000,,'',0,3000,,'',0,7000,,'',0,4500,,'',0,7500,,'',0,8500,,'',0,10000,,'',0,10000,,'',0,10000,,'',0
'202303-MVS-Weekday-01',901,65200,4,'',0,7000,4,'',0,3000,4,'',0,7000,4,'',0,3000,4,'',0,7500,4,'',0,3000,4,'',0,7000,4,'',0,3000,4,'',0,7000,4,'',0,3000,4,'',0,7000,4,'',0,3000,4,'',0,7000,4,'',0,3000,4,'',0,7000,4,'',0,3000,4,'',0,7000,4,'',0,3000,4,'',0,5500,4,'',0,1500,4,'',0,1500,4,'',0,1500,4,'',0,5500,4,'',0,1500,4,'',0,1500,4,'',0,1500,4,'',0,7000,4,'',0,3000,4,'',0,7500,4,'',0,8500,4,'',0,8500,4,'',0,3000,4,'',0,8500,4,'',0,10000,4,'',0,10000,4,'',0
