201,'Saturday-01',637,,2849,32,,,0,70,,2850,32,,,0,30,,2851,32,,,0,70,,2852,32,,,0,30,,2853,32,,,0,70,,2854,32,,,0,30,,2855,32,,,0,70,,2856,32,,,0,30,,2857,32,,,0,70,,2858,32,,,0,30,,2859,32,,,0,70,,2860,32,,,0,30,,2861,32,,,0,70,,2862,32,,,0,30,,2863,32,,,0,70,,2864,32,,,0,30,,2865,32,,,0,70,,2866,32,,,0,30,,2867,32,,,0,70,,2868,32,,,0,30,,2869,32,,,0,70,,2870,32,,,0,30,,2871,32,,,0,70,,2872,32,,,0,30,,2873,32,,,0,70,,2874,32,,,0,30,,2875,32,,,0,70,,2876,32,,,0,30,,2877,32,,,0,70,,2878,32,,,0,99,,2879,32,,,0,100,,2880,32,,,0,100,,2881,32,,,0
201,'Sunday-01',823,,2882,32,,,0,30,,2883,32,,,0,70,,2884,32,,,0,30,,2885,32,,,0,70,,2886,32,,,0,30,,2887,32,,,0,70,,2888,32,,,0,30,,2889,32,,,0,70,,2890,32,,,0,30,,2891,32,,,0,70,,2892,32,,,0,30,,2893,32,,,0,70,,2894,32,,,0,30,,2895,32,,,0,70,,2896,32,,,0,30,,2897,32,,,0,70,,2898,32,,,0,30,,2899,32,,,0,70,,2900,32,,,0,30,,2901,32,,,0
201,'Weekday-01',607,,2904,32,,,0,30,,2905,32,,,0,15,,2906,32,,,0,55,,2907,32,,,0,15,,2908,32,,,0,15,,2909,32,,,0,15,,2910,32,,,0,55,,2945,32,,,0,15,,2911,32,,,0,15,,2912,32,,,0,16,,2946,32,,,0,54,,2944,32,,,0,30,,2913,32,,,0,70,,2914,32,,,0,30,,2915,32,,,0,70,,2916,32,,,0,30,,2917,32,,,0,70,,2918,32,,,0,30,,2919,32,,,0,70,,2920,32,,,0,25,,2921,32,,,0,70,,2922,32,,,0,35,,2923,32,,,0,70,,2924,32,,,0,15,,2925,32,,,0,15,,2926,32,,,0,12,,2927,32,,,0,58,,2928,32,,,0,15,,2929,32,,,0,15,,2930,32,,,0,15,,2931,32,,,0,55,,2932,32,,,0,30,,2933,32,,,0,70,,2934,32,,,0,30,,2935,32,,,0,70,,2936,32,,,0,30,,2937,32,,,0,70,,2938,32,,,0,30,,2939,32,,,0,70,,2940,32,,,0,99,,2941,32,,,0,100,,2942,32,,,0,100,,2943,32,,,0
301,'Saturday-01',702,,3065,10,,,0,30,,3042,10,,,0,70,,3043,10,,,0,30,,3044,10,,,0,70,,3045,10,,,0,30,,3046,10,,,0,70,,3047,10,,,0,30,,3048,10,,,0,70,,3049,10,,,0,30,,3066,10,,,0,70,,3050,10,,,0,30,,3067,10,,,0,70,,3068,10,,,0,30,,3069,10,,,0,70,,3070,10,,,0,30,,3051,10,,,0,70,,3052,10,,,0,30,,3071,10,,,0,70,,3053,10,,,0,30,,3054,10,,,0,70,,3055,10,,,0,30,,3056,10,,,0,70,,3072,10,,,0,31,,3073,10,,,0,79,,3057,9,,,0,30,,3058,9,,,0,70,,3059,9,,,0,30,,3060,9,,,0,70,,3061,9,,,0,100,,3062,9,,,0,100,,3063,9,,,0,100,,3064,9,,,0
301,'Sunday-01',825,,3074,10,,,0,30,,3085,10,,,0,70,,3086,10,,,0,30,,3087,10,,,0,70,,3088,10,,,0,30,,3089,10,,,0,70,,3090,10,,,0,30,,3091,10,,,0,70,,3092,10,,,0,30,,3093,10,,,0,70,,3094,10,,,0,30,,3075,10,,,0,70,,3076,10,,,0,30,,3077,10,,,0,70,,3078,10,,,0,30,,3079,10,,,0,70,,3080,10,,,0,30,,3081,10,,,0,70,,3082,10,,,0,30,,3083,10,,,0,70,,3084,10,,,0
301,'Weekday-01',557,,3095,10,,,0,70,,3096,10,,,0,30,,3097,10,,,0,55,,3098,10,,,0,15,,3099,10,,,0,15,,3100,10,,,0,15,,3101,10,,,0,55,,3102,10,,,0,15,,3103,10,,,0,30,,3104,10,,,0,70,,3105,10,,,0,30,,3106,10,,,0,70,,3107,10,,,0,30,,3108,10,,,0,70,,3109,10,,,0,30,,3110,10,,,0,70,,3111,10,,,0,30,,3112,10,,,0,70,,3113,10,,,0,30,,3114,10,,,0,70,,3115,10,,,0,30,,3116,10,,,0,55,,3117,10,,,0,15,,3118,10,,,0,15,,3119,10,,,0,15,,3120,10,,,0,70,,3121,10,,,0,15,,3122,10,,,0,15,,3123,10,,,0,55,,3124,10,,,0,30,,3125,10,,,0,70,,3126,9,,,0,30,,3127,9,,,0,70,,3128,9,,,0,30,,3129,9,,,0,70,,3130,9,,,0,30,,3131,9,,,0,70,,3132,9,,,0,30,,3136,9,,,0,70,,3135,10,,,0,100,,3133,9,,,0,100,,3134,9,,,0
1201,'Saturday-01',639,,4090,35,,,0,100,,4091,35,,,0,100,,4092,35,,,0,70,,4096,45,,,0,30,,4097,45,,,0,70,,4098,45,,,0,30,,4099,45,,,0,70,,4100,45,,,0,30,,4101,45,,,0,70,,4102,45,,,0,30,,4103,45,,,0,70,,4104,45,,,0,30,,4105,45,,,0,70,,4106,45,,,0,30,,4107,45,,,0,70,,4108,45,,,0,30,,4109,45,,,0,70,,4110,45,,,0,30,,4111,45,,,0,70,,4112,45,,,0,30,,4095,45,,,0,70,,4094,45,,,0,100,,4093,32,,,0,100,,4116,32,,,0,100,,4117,32,,,0,100,,4113,32,,,0,100,,4114,32,,,0,100,,4115,32,,,0
1201,'Sunday-01',824,,4118,35,,,0,100,,4119,35,,,0,100,,4120,35,,,0,100,,4121,35,,,0,100,,4122,35,,,0,100,,4123,35,,,0,100,,4124,35,,,0,100,,4125,35,,,0,100,,4126,35,,,0,100,,4127,35,,,0,100,,4128,35,,,0
1201,'Weekday-01',639,,4156,42,,,0,70,,4157,42,,,0,30,,4158,42,,,0,70,,4159,42,,,0,30,,4160,42,,,0,70,,4135,45,,,0,30,,4146,45,,,0,70,,4147,45,,,0,30,,4148,45,,,0,70,,4149,45,,,0,30,,4150,45,,,0,70,,4151,45,,,0,30,,4152,45,,,0,70,,4153,45,,,0,30,,4136,45,,,0,70,,4137,45,,,0,30,,4138,45,,,0,70,,4139,45,,,0,30,,4145,45,,,0,70,,4140,45,,,0,30,,4141,45,,,0,70,,4142,45,,,0,30,,4143,45,,,0,70,,4144,45,,,0,30,,4154,45,,,0,70,,4129,32,,,0,100,,4130,32,,,0,100,,4131,32,,,0,100,,4132,32,,,0,100,,4133,32,,,0,100,,4134,32,,,0
3001,'Weekday-01',729,,4540,5,,,0,30,,4534,5,,,0,70,,4541,5,,,0,30,,4542,5,,,0,70,,4543,5,,,0,30,,4544,5,,,0,70,,4535,5,,,0,30,,4536,5,,,0,70,,4545,5,,,0,77,,4546,5,,,0,30,,4547,5,,,0,70,,4548,5,,,0,30,,4549,5,,,0,70,,4537,5,,,0,30,,4550,5,,,0,70,,4551,5,,,0,30,,4552,5,,,0,70,,4553,5,,,0,30,,4538,5,,,0,70,,4539,5,,,0,30,,4554,5,,,0
