400,'Saturday-01',646,,3169,46,,,0,70,,3137,46,,,0,30,,3168,46,,,0,70,,3167,46,,,0,30,,3138,46,,,0,70,,3166,46,,,0,30,,3139,46,,,0,70,,3165,46,,,0,30,,3164,46,,,0,70,,3140,46,,,0,30,,3163,46,,,0,70,,3141,46,,,0,30,,3142,46,,,0,70,,3162,46,,,0,30,,3161,46,,,0,70,,3143,46,,,0,30,,3160,46,,,0,70,,3159,46,,,0,30,,3144,46,,,0,70,,3145,46,,,0,30,,3146,46,,,0,70,,3158,46,,,0,30,,3157,46,,,0,70,,3156,46,,,0,30,,3147,46,,,0,70,,3148,46,,,0,30,,3155,46,,,0,70,,3154,46,,,0,30,,3153,46,,,0,70,,3149,46,,,0,100,,3152,46,,,0,100,,3151,46,,,0,100,,3150,46,,,0
400,'Sunday-01',831,,3170,46,,,0,70,,3181,46,,,0,30,,3171,46,,,0,70,,3182,46,,,0,30,,3172,46,,,0,70,,3183,46,,,0,30,,3173,46,,,0,70,,3184,46,,,0,30,,3174,46,,,0,70,,3185,46,,,0,30,,3175,46,,,0,70,,3186,46,,,0,30,,3176,46,,,0,70,,3187,46,,,0,30,,3177,46,,,0,70,,3188,46,,,0,30,,3178,46,,,0,70,,3189,46,,,0,30,,3179,46,,,0,70,,3190,46,,,0,30,,3180,46,,,0
400,'Weekday-01',617,,3191,46,,,0,30,,3192,46,,,0,70,,3193,46,,,0,30,,3194,46,,,0,70,,3195,46,,,0,30,,3196,46,,,0,70,,3197,46,,,0,30,,3198,46,,,0,70,,3199,46,,,0,30,,3200,46,,,0,70,,3201,46,,,0,30,,3202,46,,,0,70,,3203,46,,,0,30,,3204,46,,,0,70,,3205,46,,,0,30,,3206,46,,,0,70,,3207,46,,,0,30,,3208,46,,,0,70,,3209,46,,,0,30,,3210,46,,,0,70,,3211,46,,,0,30,,3212,46,,,0,70,,3213,46,,,0,30,,3214,46,,,0,70,,3215,46,,,0,29,,3216,46,,,0,70,,3217,46,,,0,30,,3218,46,,,0,70,,3219,46,,,0,30,,3220,46,,,0,70,,3221,46,,,0,100,,3222,46,,,0,100,,3223,46,,,0,100,,3224,46,,,0
701,'Saturday-01',632,,3489,57,,,0,100,,3490,57,,,0,70,,3491,57,,,0,30,,3492,57,,,0,70,,3493,57,,,0,30,,3494,57,,,0,70,,3495,57,,,0,30,,3496,57,,,0,70,,3497,57,,,0,30,,3498,57,,,0,70,,3499,57,,,0,30,,3500,57,,,0,70,,3501,57,,,0,30,,3502,57,,,0,70,,3503,57,,,0,30,,3504,57,,,0,70,,3505,57,,,0,30,,3506,57,,,0,70,,3507,57,,,0,30,,3508,57,,,0,70,,3509,57,,,0,30,,3510,57,,,0,70,,3511,57,,,0,30,,3512,57,,,0,70,,3513,57,,,0,100,,3516,57,,,0,45,,3517,57,,,0,69,,3518,57,,,0,100,,3519,57,,,0,100,,3520,57,,,0,100,,3515,57,,,0
701,'Sunday-01',832,,3521,57,,,0,70,,3522,57,,,0,30,,3523,57,,,0,70,,3524,57,,,0,30,,3525,57,,,0,70,,3526,57,,,0,30,,3527,57,,,0,70,,3528,57,,,0,30,,3529,57,,,0,70,,3530,57,,,0,30,,3531,57,,,0,70,,3532,57,,,0,30,,3533,57,,,0,70,,3534,57,,,0,30,,3535,57,,,0,70,,3536,57,,,0,30,,3537,57,,,0,70,,3538,57,,,0,30,,3539,57,,,0,70,,3540,57,,,0,30,,3541,57,,,0
701,'Weekday-01',602,,3542,57,,,0,30,,3543,57,,,0,70,,3544,57,,,0,20,,3545,57,,,0,10,,3546,57,,,0,15,,3547,57,,,0,55,,3548,57,,,0,15,,3549,57,,,0,15,,3550,57,,,0,70,,3551,57,,,0,30,,3552,57,,,0,70,,3553,57,,,0,30,,3554,57,,,0,70,,3555,57,,,0,30,,3556,57,,,0,70,,3557,57,,,0,30,,3558,57,,,0,70,,3559,57,,,0,30,,3560,57,,,0,70,,3561,57,,,0,30,,3562,57,,,0,70,,3563,57,,,0,30,,3564,57,,,0,70,,3565,57,,,0,25,,3566,57,,,0,30,,3567,57,,,0,75,,3568,57,,,0,70,,3569,57,,,0,30,,3570,57,,,0,70,,3571,57,,,0,100,,3572,57,,,0,45,,3573,57,,,0,69,,3574,57,,,0,100,,3575,57,,,0,100,,3576,57,,,0,100,,3577,57,,,0
901,'Saturday-01',647,,3790,36,,,0,70,,3791,36,,,0,30,,3792,36,,,0,70,,3793,36,,,0,30,,3794,36,,,0,70,,3795,36,,,0,30,,3796,36,,,0,70,,3797,36,,,0,30,,3798,36,,,0,70,,3799,36,,,0,30,,3800,36,,,0,70,,3801,36,,,0,30,,3802,36,,,0,70,,3803,36,,,0,30,,3804,36,,,0,70,,3805,36,,,0,30,,3806,36,,,0,70,,3807,36,,,0,30,,3808,36,,,0,70,,3809,36,,,0,30,,3810,36,,,0,70,,3811,36,,,0,30,,3812,36,,,0,70,,3813,36,,,0,85,,3814,36,,,0,45,,3815,36,,,0,85,,3816,36,,,0,70,,3817,36,,,0,45,,3818,36,,,0,100,,3819,36,,,0,100,,3820,36,,,0
901,'Sunday-01',817,,3839,36,,,0,30,,3829,36,,,0,70,,3840,36,,,0,30,,3830,36,,,0,70,,3841,36,,,0,30,,3831,36,,,0,70,,3821,36,,,0,30,,3832,36,,,0,70,,3822,36,,,0,30,,3833,36,,,0,70,,3823,36,,,0,30,,3834,36,,,0,70,,3824,36,,,0,30,,3835,36,,,0,70,,3825,36,,,0,30,,3836,36,,,0,70,,3826,36,,,0,30,,3837,36,,,0,70,,3827,36,,,0,30,,3838,36,,,0,70,,3828,36,,,0
901,'Weekday-01',612,,3842,36,,,0,30,,3843,36,,,0,70,,3844,36,,,0,30,,3845,36,,,0,70,,3846,36,,,0,35,,3847,36,,,0,70,,3848,36,,,0,30,,3849,36,,,0,70,,3850,36,,,0,30,,3851,36,,,0,70,,3852,36,,,0,30,,3853,36,,,0,70,,3854,36,,,0,30,,3855,36,,,0,70,,3856,36,,,0,30,,3857,36,,,0,70,,3858,36,,,0,30,,3859,36,,,0,70,,3860,36,,,0,15,,3861,36,,,0,15,,3862,36,,,0,55,,3863,36,,,0,15,,3864,36,,,0,15,,3865,36,,,0,15,,3866,36,,,0,55,,3867,36,,,0,15,,3868,36,,,0,30,,3869,36,,,0,70,,3870,36,,,0,85,,3871,36,,,0,44,,3872,36,,,0,85,,3873,36,,,0,70,,3874,36,,,0,45,,3875,36,,,0,100,,3876,36,,,0,100,,3877,36,,,0
1001,'Saturday-01',642,,3946,38,,,0,100,,3947,38,,,0,100,,3948,38,,,0,70,,3949,38,,,0,30,,3950,38,,,0,70,,3951,38,,,0,30,,3952,38,,,0,70,,3953,38,,,0,30,,3954,38,,,0,70,,3955,38,,,0,30,,3956,38,,,0,70,,3957,38,,,0,30,,3958,38,,,0,70,,3959,38,,,0,30,,3960,38,,,0,70,,3961,38,,,0,30,,3962,38,,,0,70,,3963,38,,,0,30,,3964,38,,,0,70,,3965,38,,,0,30,,3966,38,,,0,71,,3967,38,,,0,103,,3969,38,,,0,85,,3970,38,,,0,45,,3971,38,,,0,70,,3972,38,,,0,101,,3973,38,,,0
1001,'Sunday-01',832,,3974,38,,,0,100,,3975,38,,,0,100,,3976,38,,,0,100,,3977,38,,,0,100,,3978,38,,,0,100,,3979,38,,,0,100,,3980,38,,,0,100,,3981,38,,,0,100,,3982,38,,,0,100,,3983,38,,,0,100,,3984,38,,,0
1001,'Weekday-01',612,,4017,8,,,0,30,,4003,49,,,0,70,,4004,49,,,0,30,,4005,49,,,0,70,,4006,49,,,0,30,,4007,49,,,0,70,,4008,49,,,0,30,,3985,38,,,0,70,,3986,38,,,0,30,,3987,38,,,0,70,,3988,38,,,0,30,,3989,38,,,0,70,,3990,38,,,0,30,,3991,38,,,0,70,,3992,38,,,0,30,,3993,38,,,0,70,,3994,38,,,0,30,,3995,38,,,0,70,,3996,38,,,0,30,,3997,38,,,0,70,,4009,49,,,0,30,,4010,49,,,0,70,,4011,49,,,0,30,,4012,49,,,0,70,,4013,49,,,0,20,,4014,49,,,0,84,,3998,38,,,0,85,,3999,38,,,0,45,,4000,38,,,0,70,,4001,38,,,0,101,,4002,38,,,0
4000,'Saturday-01',620,,4555,28,,,0,30,,4556,28,,,0,70,,4557,28,,,0,30,,4558,28,,,0,70,,4559,28,,,0,30,,4560,28,,,0,70,,4561,28,,,0,30,,4562,28,,,0,70,,4563,28,,,0,30,,4564,28,,,0,70,,4565,28,,,0,30,,4566,28,,,0,70,,4567,28,,,0,30,,4568,28,,,0,70,,4569,28,,,0,30,,4570,28,,,0,70,,4571,28,,,0,30,,4572,28,,,0,70,,4573,28,,,0,30,,4574,28,,,0,70,,4575,28,,,0,30,,4576,28,,,0,70,,4577,28,,,0,30,,4578,28,,,0,70,,4579,28,,,0,30,,4580,28,,,0,70,,4581,28,,,0,30,,4582,28,,,0,70,,4583,28,,,0,30,,4584,28,,,0,70,,4585,28,,,0,30,,4586,28,,,0,70,,4587,28,,,0,30,,4588,28,,,0,70,,4589,28,,,0,100,,4590,28,,,0
4000,'Sunday-01',820,,4591,28,,,0,30,,4592,28,,,0,70,,4593,28,,,0,30,,4594,28,,,0,70,,4595,28,,,0,30,,4596,28,,,0,70,,4597,28,,,0,30,,4598,28,,,0,70,,4599,28,,,0,30,,4600,28,,,0,70,,4601,28,,,0,30,,4602,28,,,0,70,,4603,28,,,0,30,,4604,28,,,0,70,,4605,28,,,0,30,,4606,28,,,0,70,,4607,28,,,0,30,,4608,28,,,0,70,,4609,28,,,0,30,,4610,28,,,0,70,,4611,28,,,0
4000,'Weekday-01',620,,4649,28,,,0,30,,4640,28,,,0,70,,4641,28,,,0,30,,4642,28,,,0,70,,4643,28,,,0,30,,4644,28,,,0,70,,4645,28,,,0,30,,4646,28,,,0,70,,4647,28,,,0,30,,4648,28,,,0,70,,4615,28,,,0,30,,4637,28,,,0,70,,4636,28,,,0,30,,4635,28,,,0,70,,4634,28,,,0,30,,4616,28,,,0,70,,4633,28,,,0,30,,4632,28,,,0,70,,4638,28,,,0,30,,4617,28,,,0,70,,4618,28,,,0,30,,4619,28,,,0,70,,4631,28,,,0,30,,4639,28,,,0,70,,4621,28,,,0,30,,4623,28,,,0,70,,4630,28,,,0,30,,4629,28,,,0,70,,4628,28,,,0,30,,4620,28,,,0,70,,4627,28,,,0,30,,4626,28,,,0,70,,4625,28,,,0,30,,4624,28,,,0,70,,4614,28,,,0,100,,4622,28,,,0
