200,'Saturday-01',648,,2754,32,,,0,70,,2755,32,,,0,30,,2756,32,,,0,70,,2757,32,,,0,30,,2758,32,,,0,70,,2759,32,,,0,30,,2760,32,,,0,70,,2761,32,,,0,30,,2762,32,,,0,70,,2763,32,,,0,30,,2764,32,,,0,70,,2765,32,,,0,30,,2766,32,,,0,70,,2767,32,,,0,30,,2768,32,,,0,70,,2769,32,,,0,30,,2770,32,,,0,70,,2771,32,,,0,30,,2772,32,,,0,70,,2773,32,,,0,30,,2774,32,,,0,70,,2775,32,,,0,30,,2776,32,,,0,70,,2777,32,,,0,30,,2778,32,,,0,70,,2779,32,,,0,30,,2781,32,,,0,69,,2782,32,,,0,31,,2783,32,,,0,69,,2784,32,,,0,100,,2785,32,,,0,100,,2786,32,,,0,100,,2787,32,,,0
200,'Sunday-01',833,,2788,32,,,0,70,,2789,32,,,0,30,,2790,32,,,0,70,,2791,32,,,0,30,,2792,32,,,0,70,,2793,32,,,0,30,,2794,32,,,0,70,,2795,32,,,0,30,,2796,32,,,0,70,,2797,32,,,0,30,,2798,32,,,0,70,,2799,32,,,0,30,,2800,32,,,0,70,,2801,32,,,0,30,,2802,32,,,0,70,,2803,32,,,0,30,,2804,32,,,0,70,,2805,32,,,0,30,,2806,32,,,0
200,'Weekday-01',618,,2808,32,,,0,30,,2807,32,,,0,55,,2848,32,,,0,15,,2811,32,,,0,15,,2812,32,,,0,15,,2813,32,,,0,55,,2814,32,,,0,15,,2809,32,,,0,15,,2810,32,,,0,70,,2815,32,,,0,30,,2816,32,,,0,20,,2839,32,,,0,70,,2820,32,,,0,30,,2821,32,,,0,70,,2822,32,,,0,30,,2823,32,,,0,70,,2824,32,,,0,30,,2825,32,,,0,70,,2826,32,,,0,30,,2817,32,,,0,69,,2818,32,,,0,25,,2819,32,,,0,67,,2827,32,,,0,19,,2828,32,,,0,15,,2829,32,,,0,55,,2830,32,,,0,15,,2831,32,,,0,15,,2832,32,,,0,15,,2833,32,,,0,55,,2834,32,,,0,15,,2835,32,,,0,30,,2840,32,,,0,70,,2841,32,,,0,30,,2842,32,,,0,70,,2843,32,,,0,30,,2844,32,,,0,70,,2836,32,,,0,30,,2837,32,,,0,69,,2838,32,,,0,100,,2845,32,,,0,100,,2846,32,,,0,100,,2847,32,,,0
300,'Saturday-01',646,,2964,42,,,0,70,,2947,42,,,0,30,,2948,42,,,0,70,,2949,42,,,0,30,,2950,42,,,0,70,,2951,42,,,0,30,,2952,42,,,0,70,,2953,42,,,0,30,,2954,42,,,0,70,,2965,42,,,0,30,,2955,42,,,0,70,,2966,42,,,0,30,,2967,42,,,0,70,,2968,42,,,0,30,,2969,42,,,0,70,,2956,42,,,0,30,,2957,42,,,0,70,,2970,42,,,0,30,,2958,42,,,0,70,,2959,42,,,0,30,,2960,42,,,0,70,,2961,42,,,0,30,,2971,42,,,0,71,,2972,42,,,0,30,,2962,42,,,0,70,,2973,42,,,0,30,,2963,42,,,0,70,,2974,42,,,0,29,,2978,42,,,0,71,,2975,42,,,0,100,,2976,42,,,0,100,,2977,42,,,0,99,,2979,42,,,0
300,'Sunday-01',831,,2980,42,,,0,70,,2981,42,,,0,30,,2982,42,,,0,70,,2983,42,,,0,30,,2984,42,,,0,70,,2985,42,,,0,30,,2986,42,,,0,70,,2987,42,,,0,30,,2988,42,,,0,70,,2989,42,,,0,30,,2990,42,,,0,70,,2991,42,,,0,30,,2992,42,,,0,70,,2993,42,,,0,30,,2994,42,,,0,70,,2995,42,,,0,30,,2996,42,,,0,70,,2997,42,,,0,30,,2998,42,,,0,70,,2999,42,,,0,30,,3000,42,,,0
300,'Weekday-01',616,,3001,42,,,0,30,,3002,42,,,0,55,,3003,42,,,0,15,,3004,42,,,0,15,,3005,42,,,0,15,,3006,42,,,0,55,,3007,42,,,0,15,,3008,42,,,0,15,,3009,42,,,0,15,,3010,42,,,0,70,,3011,42,,,0,30,,3012,42,,,0,70,,3013,42,,,0,30,,3014,42,,,0,70,,3015,42,,,0,30,,3016,42,,,0,70,,3017,42,,,0,30,,3018,42,,,0,70,,3019,42,,,0,30,,3020,42,,,0,70,,3021,42,,,0,30,,3022,42,,,0,70,,3023,42,,,0,30,,3024,42,,,0,55,,3025,42,,,0,15,,3026,42,,,0,15,,3027,42,,,0,15,,3028,42,,,0,55,,3029,42,,,0,16,,3030,42,,,0,30,,3031,42,,,0,70,,3032,42,,,0,30,,3033,42,,,0,70,,3034,42,,,0,30,,3035,42,,,0,70,,3036,42,,,0,30,,3041,42,,,0,70,,3040,42,,,0,100,,3037,42,,,0,100,,3038,42,,,0,99,,3039,42,,,0
900,'Saturday-01',632,,3701,47,,,0,70,,3702,47,,,0,30,,3703,47,,,0,70,,3704,47,,,0,30,,3705,47,,,0,70,,3706,47,,,0,30,,3707,47,,,0,70,,3708,47,,,0,30,,3709,47,,,0,70,,3710,47,,,0,30,,3711,47,,,0,70,,3712,47,,,0,30,,3713,47,,,0,70,,3714,47,,,0,30,,3715,47,,,0,70,,3716,47,,,0,30,,3717,47,,,0,70,,3718,47,,,0,30,,3719,47,,,0,70,,3720,47,,,0,30,,3721,47,,,0,70,,3722,47,,,0,44,,3723,47,,,0,70,,3724,47,,,0,30,,3725,47,,,0,85,,3726,47,,,0,70,,3728,47,,,0,45,,3729,47,,,0,100,,3730,47,,,0,100,,3731,47,,,0,100,,3727,47,,,0
900,'Sunday-01',802,,3751,47,,,0,30,,3753,47,,,0,70,,3741,47,,,0,30,,3740,47,,,0,70,,3742,47,,,0,30,,3735,47,,,0,70,,3743,47,,,0,30,,3736,47,,,0,70,,3744,47,,,0,30,,3737,47,,,0,70,,3745,47,,,0,30,,3738,47,,,0,70,,3746,47,,,0,30,,3739,47,,,0,70,,3747,47,,,0,30,,3732,47,,,0,70,,3748,47,,,0,30,,3733,47,,,0,70,,3749,47,,,0,30,,3734,47,,,0,70,,3750,47,,,0,30,,3752,47,,,0
900,'Weekday-01',601,,3754,47,,,0,30,,3755,47,,,0,26,,3756,47,,,0,70,,3757,47,,,0,30,,3758,47,,,0,70,,3759,47,,,0,30,,3760,47,,,0,75,,3761,47,,,0,70,,3762,47,,,0,30,,3763,47,,,0,70,,3764,47,,,0,30,,3765,47,,,0,70,,3766,47,,,0,30,,3767,47,,,0,70,,3768,47,,,0,30,,3769,47,,,0,70,,3770,47,,,0,30,,3771,47,,,0,70,,3772,47,,,0,15,,3773,47,,,0,15,,3774,47,,,0,15,,3775,47,,,0,55,,3776,47,,,0,30,,3777,47,,,0,15,,3778,47,,,0,55,,3779,47,,,0,15,,3780,47,,,0,29,,3781,47,,,0,70,,3782,47,,,0,30,,3783,47,,,0,85,,3784,47,,,0,70,,3785,47,,,0,45,,3786,47,,,0,100,,3787,47,,,0,100,,3788,47,,,0,100,,3789,47,,,0
1200,'Saturday-01',646,,4018,38,,,0,100,,4019,38,,,0,101,,4020,38,,,0,70,,4021,38,,,0,30,,4022,38,,,0,70,,4023,38,,,0,30,,4024,38,,,0,70,,4025,38,,,0,30,,4026,38,,,0,70,,4027,38,,,0,30,,4028,38,,,0,70,,4029,38,,,0,30,,4030,38,,,0,70,,4031,38,,,0,30,,4032,38,,,0,70,,4033,38,,,0,30,,4034,38,,,0,70,,4035,38,,,0,30,,4036,38,,,0,70,,4041,38,,,0,30,,4042,38,,,0,69,,4037,38,,,0,100,,4038,38,,,0,100,,4043,38,,,0,100,,4044,38,,,0,100,,4045,38,,,0,100,,4046,38,,,0,100,,4047,38,,,0
1200,'Sunday-01',831,,4048,38,,,0,100,,4049,38,,,0,100,,4050,38,,,0,100,,4051,38,,,0,100,,4052,38,,,0,100,,4053,38,,,0,100,,4054,38,,,0,100,,4055,38,,,0,100,,4056,38,,,0,100,,4057,38,,,0,100,,4058,38,,,0
1200,'Weekday-01',617,,4086,38,,,0,30,,4087,38,,,0,70,,4088,38,,,0,30,,4089,38,,,0,70,,4075,38,,,0,30,,4076,38,,,0,70,,4067,38,,,0,30,,4068,38,,,0,70,,4066,38,,,0,30,,4065,38,,,0,70,,4064,38,,,0,30,,4063,38,,,0,70,,4062,38,,,0,30,,4061,38,,,0,70,,4060,38,,,0,30,,4059,38,,,0,70,,4084,38,,,0,30,,4083,38,,,0,70,,4082,38,,,0,30,,4081,38,,,0,70,,4077,38,,,0,30,,4078,38,,,0,70,,4079,38,,,0,30,,4080,38,,,0,70,,4085,38,,,0,100,,4069,38,,,0,100,,4070,38,,,0,100,,4071,38,,,0,100,,4072,38,,,0,100,,4073,38,,,0,100,,4074,38,,,0
2400,'Weekday-01',559,,4457,5,,,0,60,,4458,5,,,0,20,,4459,5,,,0,20,,4460,5,,,0,60,,4461,5,,,0,20,,4462,5,,,0,20,,4463,5,,,0,60,,4464,5,,,0,20,,4465,5,,,0,20,,4466,5,,,0,700,,4467,5,,,0,80,,4468,5,,,0,80,,4469,5,,,0,40,,4470,5,,,0,80,,4471,5,,,0,80,,4472,5,,,0,40,,4473,5,,,0,80,,4474,5,,,0,20,,4475,5,,,0,60,,4476,5,,,0,20,,4477,5,,,0,20,,4478,5,,,0,60,,4479,5,,,0,20,,4480,5,,,0,20,,4481,5,,,0,60,,4482,5,,,0,20,,4483,5,,,0,20,,4484,5,,,0,60,,4485,5,,,0
3000,'Weekday-01',655,,4519,10,,,0,70,,4513,10,,,0,30,,4520,10,,,0,70,,4521,10,,,0,30,,4522,10,,,0,70,,4523,10,,,0,30,,4514,10,,,0,70,,4515,10,,,0,30,,4524,10,,,0,72,,4525,10,,,0,30,,4526,10,,,0,70,,4527,10,,,0,32,,4528,10,,,0,70,,4516,10,,,0,30,,4529,10,,,0,70,,4530,10,,,0,30,,4531,10,,,0,70,,4532,10,,,0,30,,4517,10,,,0,70,,4518,10,,,0,30,,4533,10,,,0
5000,'Saturday-01',637,,4748,3,,,0,100,,4749,3,,,0,100,,4750,3,,,0,70,,4751,3,,,0,30,,4752,3,,,0,70,,4753,3,,,0,30,,4754,3,,,0,70,,4755,3,,,0,30,,4756,3,,,0,70,,4757,3,,,0,30,,4758,3,,,0,70,,4759,3,,,0,30,,4760,3,,,0,70,,4761,3,,,0,30,,4762,3,,,0,70,,4763,3,,,0,30,,4764,3,,,0,70,,4765,3,,,0,30,,4766,3,,,0,70,,4767,3,,,0,30,,4768,3,,,0,70,,4769,3,,,0,30,,4770,3,,,0,70,,4771,3,,,0,30,,4772,3,,,0,70,,4773,3,,,0,30,,4774,3,,,0,70,,4775,3,,,0,40,,4745,3,,,0,100,,4746,3,,,0,100,,4747,3,,,0
5000,'Sunday-01',832,,4776,3,,,0,100,,4777,3,,,0,100,,4778,3,,,0,70,,4779,3,,,0,30,,4780,3,,,0,70,,4781,3,,,0,30,,4782,3,,,0,70,,4783,3,,,0,30,,4784,3,,,0,70,,4785,3,,,0,30,,4786,3,,,0,70,,4787,3,,,0,30,,4788,3,,,0,70,,4789,3,,,0,30,,4790,3,,,0,70,,4791,3,,,0
5000,'Weekday-01',607,,4792,3,,,0,30,,4793,3,,,0,70,,4794,3,,,0,30,,4795,3,,,0,70,,4796,3,,,0,30,,4797,3,,,0,70,,4798,3,,,0,30,,4799,3,,,0,70,,4800,3,,,0,30,,4801,3,,,0,70,,4802,3,,,0,30,,4803,3,,,0,70,,4804,3,,,0,30,,4805,3,,,0,70,,4806,3,,,0,30,,4807,3,,,0,70,,4808,3,,,0,30,,4809,3,,,0,70,,4810,3,,,0,30,,4811,3,,,0,70,,4812,3,,,0,30,,4813,3,,,0,70,,4814,3,,,0,30,,4815,3,,,0,70,,4816,3,,,0,30,,4817,3,,,0,70,,4818,3,,,0,30,,4819,3,,,0,70,,4820,3,,,0,30,,4821,3,,,0,70,,4822,3,,,0,40,,4823,3,0,11 12,0,100,,4824,3,0,11 12,0,100,,4825,3,0,11 12,0
