100,'Saturday-01',615,,2565,26,0,5,0,30,,2566,26,0,5,0,100,,2571,26,0,5,0,70,,2572,26,0,5,0,30,,2573,26,0,5,0,70,,2574,26,0,5,0,30,,2575,26,0,5,0,70,,2576,26,0,5,0,30,,2577,26,0,5,0,70,,2578,26,0,5,0,30,,2579,26,0,5,0,55,,2584,1,0,5,0,15,,2567,26,0,5,0,30,,2568,26,0,5,0,70,,2589,26,0,5,0,30,,2590,26,0,5,0,60,,2569,26,0,5,0,30,,2570,26,0,5,0,70,,2585,26,0,5,0,30,,2586,26,0,5,0,70,,2587,26,0,5,0,30,,2588,26,0,5,0,70,,2591,26,0,5,0,30,,2592,26,0,5,0,70,,2593,26,0,5,0,109,,2580,55,0,5,0,30,,2581,55,0,5,0,70,,2594,55,0,5,0,43,,2595,55,0,5,0,70,,2582,55,0,5,0,95,,2596,55,0,5,0,85,,2597,55,0,5,0,18,,2598,55,0,5,0,105,,2583,55,0,5,0
100,'Sunday-01',812,,2602,55,0,5,0,100,,2603,55,0,5,0,100,,2604,55,0,5,0,100,,2605,55,0,5,0,100,,2607,55,0,5,0,100,,2608,55,0,5,0,105,,2609,55,0,5,0,100,,2610,55,0,5,0,105,,2611,55,0,5,0,100,,2606,55,0,5,0,108,,2600,55,0,5,0
100,'Weekday-01',600,,2612,1,0,5,0,15,,2624,26,0,8,0,10,,2650,26,0,8,0,5,,2625,26,0,8,0,15,,2626,26,0,8,0,55,,2627,26,0,8,0,20,,2613,26,0,5,0,15,,2630,26,0,8,0,15,,2614,26,0,5,0,60,,2615,26,0,5,0,20,,2616,26,0,5,0,70,,2617,26,0,5,0,20,,2618,26,0,5,0,20,,2619,26,0,5,0,75,,2635,28,0,5,0,30,,2636,28,0,5,0,70,,2637,28,0,5,0,30,,2638,28,0,5,0,70,,2631,28,0,8,0,30,,2632,28,0,8,0,70,,2628,26,0,8,0,30,,2629,26,0,8,0,70,,2633,28,0,8,0,30,,2634,28,0,8,0,70,,2657,28,0,8,0,10,,2651,26,0,8,0,20,,2639,28,0,5,0,10,,2652,26,0,8,0,60,,2640,28,0,5,0,10,,2653,26,0,8,0,15,,2620,26,0,5,0,15,,2654,26,0,8,0,55,,2621,26,0,5,0,15,,2655,26,0,8,0,15,,2622,26,0,5,0,70,,2656,26,0,8,0,20,,2623,26,0,5,0,70,,2641,55,0,5,0,30,,2642,55,0,5,0,75,,2658,55,0,8,0,10,,2645,55,0,8,0,35,,2646,55,0,8,0,70,,2647,55,0,8,0,100,,2648,55,0,8,0,20,,2649,55,0,8,0,100,,2643,55,0,5,0,88,,2644,55,0,5,0
201,'Saturday-01',645,,2849,36,,,0,70,,2850,36,,,0,30,,2851,36,,,0,70,,2852,36,,,0,30,,2853,36,,,0,70,,2854,36,,,0,30,,2855,36,,,0,70,,2856,36,,,0,30,,2857,36,,,0,70,,2858,36,,,0,30,,2859,36,,,0,70,,2860,36,,,0,30,,2861,36,,,0,70,,2862,36,,,0,30,,2863,36,,,0,70,,2864,36,,,0,30,,2865,36,,,0,70,,2866,36,,,0,30,,2867,36,,,0,70,,2868,36,,,0,30,,2869,36,,,0,70,,2870,36,,,0,30,,2871,36,,,0,70,,2872,36,,,0,30,,2873,36,,,0,70,,2874,36,,,0,30,,2875,36,,,0,70,,2876,36,,,0,30,,2877,36,,,0,70,,2878,36,,,0,100,,2879,36,,,0,100,,2880,36,,,0,100,,2881,36,,,0
201,'Sunday-01',830,,2882,36,,,0,70,,2883,36,,,0,30,,2884,36,,,0,70,,2885,36,,,0,30,,2886,36,,,0,70,,2887,36,,,0,30,,2888,36,,,0,70,,2889,36,,,0,30,,2890,36,,,0,70,,2891,36,,,0,30,,2892,36,,,0,70,,2893,36,,,0,30,,2894,36,,,0,70,,2895,36,,,0,30,,2896,36,,,0,70,,2897,36,,,0,30,,2898,36,,,0,70,,2899,36,,,0,30,,2900,36,,,0,70,,2901,36,,,0
201,'Weekday-01',615,,2904,36,,,0,30,,2905,36,,,0,55,,2906,36,,,0,15,,2907,36,,,0,15,,2908,36,,,0,15,,2909,36,,,0,55,,2910,36,,,0,15,,2945,36,,,0,15,,2911,36,,,0,15,,2912,36,,,0,55,,2946,36,4,,0,15,,2944,36,,,0,30,,2913,36,,,0,70,,2914,36,,,0,30,,2915,36,,,0,70,,2916,36,,,0,30,,2917,36,,,0,70,,2918,36,,,0,30,,2919,36,,,0,70,,2920,36,,,0,25,,2921,36,,,0,70,,2922,36,,,0,35,,2923,36,,,0,70,,2924,36,,,0,15,,2925,36,,,0,15,,2926,36,,,0,55,,2927,36,,,0,15,,2928,36,,,0,15,,2929,36,,,0,15,,2930,36,,,0,55,,2931,36,,,0,15,,2932,36,,,0,30,,2933,36,,,0,70,,2934,36,,,0,30,,2935,36,,,0,70,,2936,36,,,0,30,,2937,36,,,0,70,,2938,36,,,0,30,,2939,36,,,0,70,,2940,36,,,0,100,,2941,36,,,0,100,,2942,36,,,0,100,,2943,36,,,0
400,'Saturday-01',645,,3169,44,,,0,70,,3137,44,,,0,30,,3168,44,,,0,70,,3167,44,,,0,30,,3138,44,,,0,70,,3166,44,,,0,30,,3139,44,,,0,70,,3165,44,,,0,30,,3164,44,,,0,70,,3140,44,,,0,30,,3163,44,,,0,70,,3141,44,,,0,30,,3142,44,,,0,70,,3162,44,,,0,30,,3161,44,,,0,70,,3143,44,,,0,30,,3160,44,,,0,70,,3159,44,,,0,30,,3144,44,,,0,70,,3145,44,,,0,30,,3146,44,,,0,70,,3158,44,,,0,30,,3157,44,,,0,70,,3156,44,,,0,30,,3147,44,,,0,70,,3148,44,,,0,30,,3155,44,,,0,70,,3154,44,,,0,30,,3153,44,,,0,70,,3149,44,,,0,100,,3152,44,,,0,100,,3151,44,,,0,100,,3150,44,,,0
400,'Sunday-01',830,,3170,44,,,0,70,,3181,44,,,0,30,,3171,44,,,0,70,,3182,44,,,0,30,,3172,44,,,0,70,,3183,44,,,0,30,,3173,44,,,0,70,,3184,44,,,0,30,,3174,44,,,0,70,,3185,44,,,0,30,,3175,44,,,0,70,,3186,44,,,0,30,,3176,44,,,0,70,,3187,44,,,0,30,,3177,44,,,0,70,,3188,44,,,0,30,,3178,44,,,0,70,,3189,44,,,0,30,,3179,44,,,0,70,,3190,44,,,0,30,,3180,44,,,0
400,'Weekday-01',615,,3191,44,,,0,30,,3192,44,,,0,70,,3193,44,,,0,30,,3194,44,,,0,70,,3195,44,,,0,30,,3196,44,,,0,70,,3197,44,,,0,30,,3198,44,,,0,70,,3199,44,,,0,30,,3200,44,,,0,70,,3201,44,,,0,30,,3202,44,,,0,70,,3203,44,,,0,30,,3204,44,,,0,70,,3205,44,,,0,30,,3206,44,,,0,70,,3207,44,,,0,30,,3208,44,,,0,70,,3209,44,,,0,30,,3210,44,,,0,70,,3211,44,,,0,30,,3212,44,,,0,70,,3213,44,,,0,30,,3214,44,,,0,70,,3215,44,,,0,30,,3216,44,,,0,70,,3217,44,,,0,30,,3218,44,,,0,70,,3219,44,,,0,30,,3220,44,,,0,70,,3221,44,,,0,100,,3222,44,,,0,100,,3223,44,,,0,100,,3224,44,,,0
500,'Saturday-01',700,,3313,1,,,0,100,,3314,1,,,0,100,,3315,1,,,0,100,,3316,1,,,0,100,,3317,1,,,0,100,,3318,1,,,0,100,,3319,1,,,0,100,,3320,1,,,0,100,,3321,1,,,0,100,,3322,1,,,0,100,,3323,1,,,0,100,,3324,1,,,0
500,'Weekday-01',610,,3325,1,,,0,30,,3326,1,,,0,70,,3327,1,,,0,30,,3328,1,,,0,70,,3329,1,,,0,90,,3330,1,,,0,100,,3331,1,,,0,100,,3332,1,,,0,100,,3333,1,,,0,100,,3334,1,,,0,100,,3335,1,,,0,100,,3336,1,,,0,110,,3337,1,,,0,30,,3338,1,,,0,70,,3339,1,,,0,35,,3340,1,,,0
501,'Saturday-01',700,,3342,40,4,,0,100,,3343,40,4,,0,100,,3344,40,4,,0,100,,3345,40,4,,0,100,,3346,40,4,,0,100,,3347,40,4,,0,100,,3348,40,4,,0,100,,3349,40,4,,0,100,,3350,40,4,,0,100,,3351,40,4,,0,100,,3352,40,4,,0,100,,3353,40,4,,0
501,'Weekday-01',610,,3355,40,4,,0,30,,3356,40,4,,0,70,,3357,40,4,,0,30,,3358,40,4,,0,70,,3359,40,4,,0,35,,3371,44,4,,0,65,,3360,40,4,,0,90,,3361,40,4,,0,100,,3362,40,4,,0,100,,3363,40,4,,0,100,,3364,40,4,,0,100,,3365,40,4,,0,100,,3366,40,4,,0,110,,3367,40,4,,0,30,,3372,40,4,,0,70,,3368,40,4,,0,30,,3369,40,4,,0
1001,'Saturday-01',640,,3946,36,,,0,100,,3947,36,,,0,100,,3948,36,,,0,70,,3949,36,,,0,30,,3950,36,,,0,70,,3951,36,,,0,30,,3952,36,,,0,70,,3953,36,,,0,30,,3954,36,,,0,70,,3955,36,,,0,30,,3956,36,,,0,70,,3957,36,,,0,30,,3958,36,,,0,70,,3959,36,,,0,30,,3960,36,,,0,70,,3961,36,,,0,30,,3962,36,,,0,70,,3963,36,,,0,30,,3964,36,,,0,70,,3965,36,,,0,30,,3966,36,,,0,71,,3967,36,,,0,29,,3968,36,4,,0,75,,3969,36,,,0,85,,3970,36,,,0,45,,3971,36,,,0,70,,3972,36,,,0,100,,3973,36,,,0
1001,'Sunday-01',830,,3974,36,,,0,100,,3975,36,,,0,100,,3976,36,,,0,100,,3977,36,,,0,100,,3978,36,,,0,100,,3979,36,,,0,100,,3980,36,,,0,100,,3981,36,,,0,100,,3982,36,,,0,100,,3983,36,,,0,100,,3984,36,,,0
1001,'Weekday-01',610,,4017,6,,,0,30,,4003,47,,,0,70,,4004,47,,,0,30,,4005,47,,,0,70,,4006,47,,,0,30,,4007,47,,,0,70,,4008,47,,,0,30,,3985,36,,,0,70,,3986,36,,,0,30,,3987,36,,,0,70,,3988,36,,,0,30,,3989,36,,,0,70,,3990,36,,,0,30,,3991,36,,,0,70,,3992,36,,,0,30,,3993,36,,,0,70,,3994,36,,,0,30,,3995,36,,,0,70,,3996,36,,,0,30,,3997,36,,,0,70,,4009,47,,,0,30,,4010,47,,,0,70,,4011,47,,,0,30,,4012,47,,,0,70,,4013,47,,,0,20,,4014,47,,,0,70,,4016,47,4,,0,15,,3998,36,,,0,85,,3999,36,,,0,45,,4000,36,,,0,70,,4001,36,,,0,100,,4002,36,,,0
1201,'Saturday-01',645,,4090,39,,,0,100,,4091,39,,,0,100,,4092,39,,,0,70,,4096,49,,,0,30,,4097,49,,,0,70,,4098,49,,,0,30,,4099,49,,,0,70,,4100,49,,,0,30,,4101,49,,,0,70,,4102,49,,,0,30,,4103,49,,,0,70,,4104,49,,,0,30,,4105,49,,,0,70,,4106,49,,,0,30,,4107,49,,,0,70,,4108,49,,,0,30,,4109,49,,,0,70,,4110,49,,,0,30,,4111,49,,,0,70,,4112,49,,,0,30,,4095,49,,,0,70,,4094,49,,,0,100,,4093,36,,,0,100,,4116,36,,,0,100,,4117,36,,,0,100,,4113,36,,,0,100,,4114,36,,,0,100,,4115,36,,,0
1201,'Sunday-01',830,,4118,39,,,0,100,,4119,39,,,0,100,,4120,39,,,0,100,,4121,39,,,0,100,,4122,39,,,0,100,,4123,39,,,0,100,,4124,39,,,0,100,,4125,39,,,0,100,,4126,39,,,0,100,,4127,39,,,0,100,,4128,39,,,0
1201,'Weekday-01',615,,4155,1,,,0,30,,4156,46,,,0,70,,4157,46,,,0,30,,4158,46,,,0,70,,4159,46,,,0,30,,4160,46,,,0,70,,4135,49,,,0,30,,4146,49,,,0,70,,4147,49,,,0,30,,4148,49,,,0,70,,4149,49,,,0,30,,4150,49,,,0,70,,4151,49,,,0,30,,4152,49,,,0,70,,4153,49,,,0,30,,4136,49,,,0,70,,4137,49,,,0,30,,4138,49,,,0,70,,4139,49,,,0,30,,4145,49,,,0,70,,4140,49,,,0,30,,4141,49,,,0,70,,4142,49,,,0,30,,4143,49,,,0,70,,4144,49,,,0,30,,4154,49,4,,0,70,,4129,36,,,0,100,,4130,36,,,0,100,,4131,36,,,0,100,,4132,36,,,0,100,,4133,36,,,0,100,,4134,36,,,0
