201,'Saturday-01',650,,2849,43,,,0,70,,2850,43,,,0,30,,2851,43,,,0,70,,2852,43,,,0,30,,2853,43,,,0,70,,2854,43,,,0,30,,2855,43,,,0,70,,2856,43,,,0,30,,2857,43,,,0,70,,2858,43,,,0,30,,2859,43,,,0,70,,2860,43,,,0,30,,2861,43,,,0,70,,2862,43,,,0,30,,2863,43,,,0,70,,2864,43,,,0,30,,2865,43,,,0,70,,2866,43,,,0,30,,2867,43,,,0,70,,2868,43,,,0,30,,2869,43,,,0,70,,2870,43,,,0,30,,2871,43,,,0,70,,2872,43,,,0,30,,2873,43,,,0,70,,2874,43,,,0,30,,2875,43,,,0,70,,2876,43,,,0,29,,2877,43,,,0,71,,2878,43,,,0,100,,2879,43,,,0,100,,2880,43,,,0,100,,2881,43,,,0
201,'Sunday-01',836,,2882,43,,,0,70,,2883,43,,,0,30,,2884,43,,,0,70,,2885,43,,,0,30,,2886,43,,,0,70,,2887,43,,,0,30,,2888,43,,,0,70,,2889,43,,,0,30,,2890,43,,,0,70,,2891,43,,,0,30,,2892,43,,,0,70,,2893,43,,,0,30,,2894,43,,,0,70,,2895,43,,,0,30,,2896,43,,,0,70,,2897,43,,,0,30,,2898,43,,,0,70,,2899,43,,,0,30,,2900,43,,,0,70,,2901,43,,,0
201,'Weekday-01',620,,2904,43,,,0,30,,2905,43,,,0,55,,2906,43,,,0,15,,2907,43,,,0,15,,2908,43,,,0,15,,2909,43,,,0,55,,2910,43,,,0,15,,2945,43,,,0,15,,2911,43,,,0,15,,2912,43,,,0,70,,2944,43,,,0,30,,2913,43,,,0,70,,2914,43,,,0,30,,2915,43,,,0,70,,2916,43,,,0,30,,2917,43,,,0,70,,2918,43,,,0,30,,2919,43,,,0,70,,2920,43,,,0,25,,2921,43,,,0,70,,2922,43,,,0,35,,2923,43,,,0,70,,2924,43,,,0,15,,2925,43,,,0,15,,2926,43,,,0,55,,2927,43,,,0,15,,2928,43,,,0,15,,2929,43,,,0,15,,2930,43,,,0,55,,2931,43,,,0,15,,2932,43,,,0,30,,2933,43,,,0,70,,2934,43,,,0,30,,2935,43,,,0,70,,2936,43,,,0,30,,2937,43,,,0,70,,2938,43,,,0,30,,2939,43,,,0,70,,2940,43,,,0,100,,2941,43,,,0,100,,2942,43,,,0,100,,2943,43,,,0
500,'Saturday-01',704,,3313,8,,,0,100,,3314,8,,,0,100,,3315,8,,,0,100,,3316,8,,,0,100,,3317,8,,,0,100,,3318,8,,,0,100,,3319,8,,,0,100,,3320,8,,,0,100,,3321,8,,,0,100,,3322,8,,,0,100,,3323,8,,,0,101,,3324,8,,,0
500,'Weekday-01',615,,3325,8,,,0,30,,3326,8,,,0,70,,3327,8,,,0,30,,3328,8,,,0,70,,3329,8,,,0,90,,3330,8,,,0,100,,3331,8,,,0,100,,3332,8,,,0,100,,3333,8,,,0,100,,3334,8,,,0,100,,3335,8,,,0,100,,3336,8,,,0,110,,3337,8,,,0,30,,3338,8,,,0,70,,3339,8,,,0,35,,3340,8,,,0
1000,'Saturday-01',654,,3878,28,,,0,100,,3879,28,,,0,100,,3880,28,,,0,70,,3881,28,,,0,30,,3882,28,,,0,70,,3883,28,,,0,30,,3884,28,,,0,70,,3885,28,,,0,30,,3886,28,,,0,70,,3887,28,,,0,30,,3888,28,,,0,70,,3889,28,,,0,30,,3890,28,,,0,70,,3891,28,,,0,30,,3892,28,,,0,70,,3893,28,,,0,30,,3894,28,,,0,70,,3895,28,,,0,30,,3896,28,,,0,70,,3897,28,,,0,30,,3898,28,,,0,70,,3899,28,,,0,85,,3900,28,,,0,45,,3901,28,,,0,82,,3902,28,,,0,87,,3903,28,,,0,100,,3904,28,,,0
1000,'Sunday-01',838,,3905,28,,,0,100,,3906,28,,,0,100,,3907,28,,,0,100,,3908,28,,,0,100,,3909,28,,,0,100,,3910,28,,,0,100,,3911,28,,,0,100,,3912,28,,,0,100,,3913,28,,,0,100,,3914,28,,,0,100,,3915,28,,,0
1000,'Weekday-01',624,,3934,28,,,0,30,,3935,28,,,0,70,,3936,28,,,0,30,,3937,28,,,0,70,,3938,28,,,0,30,,3916,28,,,0,70,,3917,28,,,0,30,,3918,28,,,0,70,,3919,28,,,0,30,,3920,28,,,0,70,,3921,28,,,0,30,,3922,28,,,0,70,,3923,28,,,0,30,,3924,28,,,0,70,,3925,28,,,0,30,,3926,28,,,0,70,,3927,28,,,0,31,,3939,28,,,0,70,,3940,28,,,0,30,,3941,28,,,0,70,,3942,28,,,0,30,,3943,28,,,0,70,,3944,28,,,0,30,,3945,28,,,0,69,,3928,28,,,0,85,,3929,28,,,0,45,,3930,28,,,0,82,,3931,28,,,0,87,,3932,28,,,0,100,,3933,28,,,0
4001,'Saturday-01',625,,4651,38,,,0,100,,4652,38,,,0,30,,4653,38,,,0,70,,4654,38,,,0,30,,4655,38,,,0,70,,4656,38,,,0,30,,4657,38,,,0,70,,4658,38,,,0,30,,4659,38,,,0,70,,4660,38,,,0,30,,4661,38,,,0,70,,4662,38,,,0,30,,4663,38,,,0,70,,4664,38,,,0,30,,4665,38,,,0,70,,4666,38,,,0,30,,4667,38,,,0,70,,4668,38,,,0,30,,4669,38,,,0,70,,4670,38,,,0,30,,4671,38,,,0,70,,4672,38,,,0,30,,4673,38,,,0,70,,4674,38,,,0,30,,4675,38,,,0,70,,4676,38,,,0,30,,4677,38,,,0,70,,4678,38,,,0,30,,4679,38,,,0,70,,4680,38,,,0,30,,4681,38,,,0,70,,4682,38,,,0,30,,4683,38,,,0,70,,4684,38,,,0,100,,4685,38,,,0
4001,'Sunday-01',825,,4687,38,,,0,30,,4688,38,,,0,70,,4689,38,,,0,30,,4690,38,,,0,70,,4691,38,,,0,30,,4692,38,,,0,70,,4693,38,,,0,30,,4694,38,,,0,70,,4695,38,,,0,30,,4696,38,,,0,70,,4697,38,,,0,30,,4698,38,,,0,70,,4699,38,,,0,30,,4700,38,,,0,70,,4701,38,,,0,30,,4702,38,,,0,70,,4703,38,,,0,30,,4704,38,,,0,70,,4705,38,,,0,30,,4706,38,,,0,70,,4707,38,,,0
4001,'Weekday-01',625,,4743,38,,,0,30,,4708,38,,,0,70,,4709,38,,,0,30,,4710,38,,,0,70,,4711,38,,,0,30,,4712,38,,,0,70,,4713,38,,,0,30,,4714,38,,,0,70,,4715,38,,,0,30,,4716,38,,,0,70,,4717,38,,,0,30,,4718,38,,,0,70,,4719,38,,,0,30,,4720,38,,,0,70,,4721,38,,,0,30,,4722,38,,,0,70,,4723,38,,,0,30,,4724,38,,,0,70,,4725,38,,,0,30,,4726,38,,,0,70,,4727,38,,,0,30,,4728,38,,,0,70,,4729,38,,,0,30,,4730,38,,,0,70,,4731,38,,,0,30,,4732,38,,,0,70,,4733,38,,,0,30,,4734,38,,,0,70,,4735,38,,,0,30,,4736,38,,,0,70,,4737,38,,,0,30,,4738,38,,,0,70,,4739,38,,,0,30,,4740,38,,,0,70,,4741,38,,,0,100,,4742,38,,,0
