400,'Saturday-01',704,,3169,76,,,0,30,,3137,76,,,0,70,,3168,76,,,0,30,,3167,76,,,0,70,,3138,76,,,0,30,,3166,76,,,0,70,,3139,76,,,0,30,,3165,76,,,0,70,,3164,76,,,0,30,,3140,76,,,0,70,,3163,76,,,0,30,,3141,76,,,0,70,,3142,76,,,0,30,,3162,76,,,0,70,,3161,76,,,0,30,,3143,76,,,0,70,,3160,76,,,0,30,,3159,76,,,0,70,,3144,76,,,0,30,,3145,76,,,0,70,,3146,76,,,0,30,,3158,76,,,0,70,,3157,76,,,0,30,,3156,76,,,0,70,,3147,76,,,0,30,,3148,76,,,0,70,,3155,76,,,0,34,,3154,76,,,0,70,,3153,76,,,0,30,,3149,76,,,0,100,,3152,76,,,0,100,,3151,76,,,0,100,,3150,76,,,0
400,'Sunday-01',853,,3170,76,,,0,70,,3181,76,,,0,30,,3171,76,,,0,70,,3182,76,,,0,30,,3172,76,,,0,70,,3183,76,,,0,30,,3173,76,,,0,70,,3184,76,,,0,30,,3174,76,,,0,70,,3185,76,,,0,30,,3175,76,,,0,70,,3186,76,,,0,30,,3176,76,,,0,70,,3187,76,,,0,30,,3177,76,,,0,70,,3188,76,,,0,30,,3178,76,,,0,70,,3189,76,,,0,30,,3179,76,,,0,70,,3190,76,,,0,30,,3180,76,,,0
400,'Weekday-01',641,,3191,76,,,0,70,,3192,76,,,0,30,,3193,76,,,0,70,,3194,76,,,0,30,,3195,76,,,0,70,,3196,76,,,0,30,,3197,76,,,0,70,,3198,76,,,0,30,,3199,76,,,0,70,,3200,76,,,0,30,,3201,76,,,0,70,,3202,76,,,0,30,,3203,76,,,0,70,,3204,76,,,0,30,,3205,76,,,0,70,,3206,76,,,0,30,,3207,76,,,0,70,,3208,76,,,0,30,,3209,76,,,0,70,,3210,76,,,0,30,,3211,76,,,0,70,,3212,76,,,0,30,,3213,76,,,0,70,,3214,76,,,0,32,,3215,76,,,0,65,,3216,76,,,0,30,,3217,76,,,0,70,,3218,76,,,0,30,,3219,76,,,0,70,,3220,76,,,0,30,,3221,76,,,0,100,,3222,76,,,0,100,,3223,76,,,0,100,,3224,76,,,0
900,'Saturday-01',613,,3701,28,,,0,30,,3702,28,,,0,70,,3703,28,,,0,30,,3704,28,,,0,70,,3705,28,,,0,30,,3706,28,,,0,70,,3707,28,,,0,30,,3708,28,,,0,70,,3709,28,,,0,30,,3710,28,,,0,70,,3711,28,,,0,30,,3712,28,,,0,70,,3713,28,,,0,30,,3714,28,,,0,70,,3715,28,,,0,30,,3716,28,,,0,70,,3717,28,,,0,30,,3718,28,,,0,70,,3719,28,,,0,30,,3720,28,,,0,70,,3721,28,,,0,30,,3722,28,,,0,89,,3723,28,,,0,70,,3724,28,,,0,30,,3725,28,,,0,85,,3726,28,,,0,30,,3728,28,,,0,85,,3729,28,,,0,100,,3730,28,,,0,100,,3731,28,,,0,100,,3727,28,,,0
900,'Sunday-01',743,,3751,28,,,0,70,,3753,28,,,0,30,,3741,28,,,0,70,,3740,28,,,0,30,,3742,28,,,0,70,,3735,28,,,0,30,,3743,28,,,0,70,,3736,28,,,0,30,,3744,28,,,0,70,,3737,28,,,0,30,,3745,28,,,0,70,,3738,28,,,0,30,,3746,28,,,0,70,,3739,28,,,0,30,,3747,28,,,0,70,,3732,28,,,0,30,,3748,28,,,0,70,,3733,28,,,0,30,,3749,28,,,0,70,,3734,28,,,0,30,,3750,28,,,0,70,,3752,28,,,0
900,'Weekday-01',543,,3754,28,,,0,70,,3755,28,,,0,25,,3756,28,,,0,70,,3757,28,,,0,30,,3758,28,,,0,70,,3759,28,,,0,30,,3760,28,,,0,75,,3761,28,,,0,30,,3762,28,,,0,70,,3763,28,,,0,30,,3764,28,,,0,70,,3765,28,,,0,30,,3766,28,,,0,70,,3767,28,,,0,30,,3768,28,,,0,70,,3769,28,,,0,30,,3770,28,,,0,70,,3771,28,,,0,30,,3772,28,,,0,15,,3773,28,,,0,55,,3774,28,,,0,15,,3775,28,,,0,15,,3776,28,,,0,70,,3777,28,,,0,15,,3778,28,,,0,15,,3779,28,,,0,15,,3780,28,,,0,69,,3781,28,,,0,30,,3782,28,,,0,70,,3783,28,,,0,85,,3784,28,,,0,31,,3785,28,,,0,85,,3786,28,,,0,100,,3787,28,,,0,100,,3788,28,,,0,100,,3789,28,,,0
1801,'Saturday-01',647,,4294,12,,,0,70,,4295,12,,,0,30,,4296,12,,,0,70,,4297,12,,,0,30,,4298,12,,,0,70,,4299,12,,,0,30,,4300,12,,,0,70,,4301,12,,,0,30,,4302,12,,,0,70,,4303,12,,,0,30,,4304,12,,,0,70,,4305,12,,,0,30,,4306,12,,,0,70,,4307,12,,,0,30,,4308,12,,,0,70,,4309,12,,,0,30,,4310,12,,,0,70,,4311,12,,,0,30,,4312,12,,,0,70,,4313,12,,,0,30,,4314,12,,,0,70,,4315,12,,,0,30,,4316,12,,,0,70,,4317,12,,,0,30,,4318,12,,,0
1801,'Sunday-01',847,,4323,12,,,0,100,,4324,12,,,0,100,,4325,12,,,0,100,,4326,12,,,0,100,,4327,12,,,0,100,,4328,12,,,0,100,,4329,12,,,0,100,,4330,12,,,0,100,,4331,12,,,0,100,,4322,12,,,0,100,,4332,12,,,0
1801,'Weekday-01',647,,4335,12,,,0,70,,4336,12,,,0,30,,4337,12,,,0,70,,4338,12,,,0,30,,4339,12,,,0,70,,4340,12,,,0,30,,4341,12,,,0,70,,4342,12,,,0,30,,4343,12,,,0,70,,4344,12,,,0,30,,4345,12,,,0,70,,4346,12,,,0,30,,4347,12,,,0,70,,4348,12,,,0,30,,4349,12,,,0,70,,4350,12,,,0,30,,4351,12,,,0,70,,4352,12,,,0,30,,4353,12,,,0,70,,4354,12,,,0,30,,4355,12,,,0,70,,4356,12,,,0,30,,4357,12,,,0,70,,4358,12,,,0,30,,4359,12,,,0,70,,4360,12,,,0,100,,4361,12,,,0,100,,4362,12,,,0,94,,4363,12,,,0
2400025501,'Weekday-01-1111100',1517,,5087,6,,,0
