700,'Saturday-01',646,,3402,49,,,0,100,,3403,49,,,0,70,,3404,49,,,0,30,,3405,49,,,0,70,,3406,49,,,0,30,,3407,49,,,0,70,,3408,49,,,0,30,,3409,49,,,0,70,,3410,49,,,0,30,,3411,49,,,0,70,,3412,49,,,0,30,,3413,49,,,0,70,,3414,49,,,0,30,,3415,49,,,0,70,,3416,49,,,0,30,,3417,49,,,0,70,,3418,49,,,0,30,,3419,49,,,0,70,,3420,49,,,0,30,,3421,49,,,0,70,,3422,49,,,0,30,,3423,49,,,0,71,,3424,49,,,0,84,,3425,49,,,0,45,,3426,49,,,0,70,,3427,49,,,0,100,,3428,49,,,0,100,,3429,49,,,0,100,,3430,49,,,0,100,,3431,49,,,0
700,'Sunday-01',847,,3442,49,,,0,70,,3443,49,,,0,30,,3444,49,,,0,70,,3445,49,,,0,30,,3446,49,,,0,70,,3447,49,,,0,30,,3448,49,,,0,70,,3449,49,,,0,30,,3450,49,,,0,70,,3451,49,,,0,30,,3441,49,,,0,70,,3437,49,,,0,30,,3432,49,,,0,70,,3433,49,,,0,30,,3434,49,,,0,70,,3435,49,,,0,30,,3436,49,,,0,70,,3438,49,,,0,30,,3439,49,,,0,70,,3440,49,,,0
700,'Weekday-01',616,,3452,49,,,0,30,,3453,49,,,0,55,,3454,49,0,7,0,15,,3455,49,,,0,15,,3456,49,,,0,15,,3457,49,,,0,56,,3458,49,,,0,14,,3459,49,,,0,15,,3460,49,,,0,15,,3461,49,,,0,55,,3462,49,,,0,15,,3463,49,,,0,30,,3464,49,,,0,70,,3465,49,,,0,30,,3466,49,,,0,70,,3467,49,,,0,30,,3468,49,,,0,70,,3469,49,,,0,30,,3470,49,,,0,70,,3471,49,,,0,30,,3472,49,,,0,70,,3473,49,,,0,30,,3474,49,,,0,65,,3475,49,,,0,30,,3476,49,,,0,70,,3477,49,,,0,30,,3478,49,,,0,70,,3479,49,,,0,30,,3480,49,,,0,75,,3481,49,,,0,85,,3482,49,,,0,45,,3483,49,,,0,70,,3484,49,,,0,100,,3485,49,,,0,100,,3486,49,,,0,100,,3487,49,,,0,100,,3488,49,,,0
801,'Saturday-01',652,,3643,49,,,0,100,,3644,49,,,0,100,,3645,49,,,0,70,,3665,4,,,0,30,,3646,49,,,0,70,,3647,49,,,0,30,,3648,49,,,0,70,,3649,49,,,0,30,,3650,49,,,0,70,,3651,49,,,0,30,,3652,49,,,0,70,,3653,49,,,0,30,,3654,49,,,0,70,,3655,49,,,0,30,,3656,49,,,0,70,,3657,49,,,0,30,,3658,49,,,0,70,,3659,49,,,0,30,,3660,49,,,0,70,,3661,49,,,0,30,,3662,49,,,0,65,,3642,49,,,0,100,,3641,49,,,0,100,,3664,49,,,0,100,,3663,49,,,0
801,'Sunday-01',832,,3666,49,,,0,100,,3667,49,,,0,100,,3668,49,,,0,100,,3669,49,,,0,100,,3670,49,,,0,100,,3671,49,,,0,100,,3672,49,,,0,100,,3673,49,,,0,100,,3674,49,,,0,100,,3675,49,,,0,100,,3676,49,,,0
801,'Weekday-01',558,,3677,49,,,0,75,,3678,49,,,0,75,,3679,49,,,0,35,,3680,49,,,0,75,,3681,49,,,0,35,,3682,49,,,0,75,,3683,49,,,0,75,,3684,49,,,0,35,,3685,49,,,0,75,,3686,49,,,0,35,,3687,49,,,0,75,,3688,49,,,0,35,,3689,49,,,0,75,,3690,49,,,0,75,,3691,49,,,0,35,,3692,49,,,0,75,,3693,49,,,0,35,,3694,49,,,0,75,,3695,49,,,0,75,,3696,49,,,0,35,,3697,49,,,0,110,,3698,49,,,0,110,,3699,49,,,0,150,,3700,49,,,0
1500,'Saturday-01',813,,4161,4,,,0,90,,4163,26,,,0,50,,4164,26,,,0,90,,4165,26,,,0,90,,4166,26,,,0,90,,4167,26,,,0,90,,4168,26,,,0,90,,4169,26,,,0,50,,4170,26,,,0,90,,4171,26,,,0,90,,4172,26,,,0,90,,4173,26,,,0,89,,4162,26,,,0
1500,'Weekday-01',813,,4186,4,,,0,90,,4174,26,,,0,50,,4176,26,,,0,90,,4177,26,,,0,90,,4178,26,,,0,90,,4179,26,,,0,90,,4180,26,,,0,90,,4181,26,,,0,50,,4182,26,,,0,90,,4183,26,,,0,90,,4184,26,,,0,90,,4185,26,,,0,89,,4175,26,,,0
6000,'Saturday-01',700,,4905,4,,,0,40,,4906,4,,,0,80,,4907,4,,,0,80,,4908,4,,,0,40,,4909,4,,,0,80,,4910,4,,,0,80,,4911,4,,,0,40,,4912,4,,,0,80,,4913,4,,,0,80,,4914,4,,,0,40,,4915,4,,,0,80,,4916,4,,,0,80,,4917,4,,,0,40,,4918,4,,,0,80,,4919,4,,,0,80,,4920,4,,,0,40,,4921,4,,,0,80,,4922,4,,,0,80,,4923,4,,,0,40,,4924,4,,,0,80,,4925,4,,,0,80,,4926,4,,,0,40,,4927,4,,,0,80,,4928,4,,,0,80,,4929,4,,,0,38,,4930,4,,,0,80,,4931,4,,,0
6000,'Sunday-01',835,,4932,4,,,0,80,,4935,4,,,0,40,,4936,4,,,0,80,,4937,4,,,0,80,,4938,4,,,0,40,,4939,4,,,0,80,,4940,4,,,0,80,,4941,4,,,0,40,,4942,4,,,0,80,,4943,4,,,0,80,,4944,4,,,0,40,,4945,4,,,0,80,,4946,4,,,0,80,,4947,4,,,0,40,,4933,4,,,0,80,,4934,4,,,0
6000,'Weekday-01',635,,4981,4,,,0,65,,4948,4,,,0,25,,4949,4,,,0,25,,4950,4,,,0,65,,4951,4,,,0,35,,4952,4,,,0,80,,4953,4,,,0,75,,4954,4,,,0,40,,4955,4,,,0,80,,4956,4,,,0,80,,4957,4,,,0,40,,4958,4,,,0,80,,4959,4,,,0,80,,4960,4,,,0,25,,4961,4,,,0,25,,4962,4,,,0,65,,4963,4,,,0,25,,4964,4,,,0,65,,4965,4,,,0,25,,4966,4,,,0,65,,4967,4,,,0,25,,4968,4,,,0,25,,4969,4,,,0,65,,4970,4,,,0,25,,4971,4,,,0,65,,4972,4,,,0,25,,4973,4,,,0,25,,4974,4,,,0,75,,4975,4,,,0,80,,4976,4,,,0,40,,4977,4,,,0,80,,4978,4,,,0,80,,4979,4,,,0,38,,4980,4,,,0,70,,4982,4,,,0
