701,'Saturday-01',641,,3489,70,,,0,100,,3490,70,,,0,70,,3491,70,,,0,30,,3492,70,,,0,70,,3493,70,,,0,30,,3494,70,,,0,70,,3495,70,,,0,30,,3496,70,,,0,70,,3497,70,,,0,30,,3498,70,,,0,70,,3499,70,,,0,30,,3500,70,,,0,70,,3501,70,,,0,30,,3502,70,,,0,70,,3503,70,,,0,30,,3504,70,,,0,70,,3505,70,,,0,30,,3506,70,,,0,70,,3507,70,,,0,30,,3508,70,,,0,70,,3509,70,,,0,30,,3510,70,,,0,70,,3511,70,,,0,30,,3512,70,,,0,70,,3513,70,,,0,101,,3516,70,,,0,43,,3517,70,,,0,69,,3518,70,,,0,100,,3519,70,,,0,100,,3520,70,,,0,100,,3515,70,,,0
701,'Sunday-01',842,,3521,70,,,0,70,,3522,70,,,0,30,,3523,70,,,0,70,,3524,70,,,0,30,,3525,70,,,0,70,,3526,70,,,0,30,,3527,70,,,0,70,,3528,70,,,0,30,,3529,70,,,0,70,,3530,70,,,0,30,,3531,70,,,0,70,,3532,70,,,0,30,,3533,70,,,0,70,,3534,70,,,0,30,,3535,70,,,0,70,,3536,70,,,0,30,,3537,70,,,0,70,,3538,70,,,0,30,,3539,70,,,0,70,,3540,70,,,0,30,,3541,70,,,0
701,'Weekday-01',612,,3542,70,,,0,30,,3543,70,,,0,70,,3544,70,,,0,20,,3545,70,,,0,10,,3546,70,,,0,15,,3547,70,,,0,55,,3548,70,,,0,15,,3549,70,,,0,15,,3550,70,,,0,70,,3551,70,,,0,30,,3552,70,,,0,70,,3553,70,,,0,30,,3554,70,,,0,70,,3555,70,,,0,30,,3556,70,,,0,70,,3557,70,,,0,30,,3558,70,,,0,70,,3559,70,,,0,30,,3560,70,,,0,68,,3561,70,,,0,30,,3562,70,,,0,70,,3563,70,,,0,30,,3564,70,,,0,70,,3565,70,,,0,27,,3566,70,,,0,70,,3567,70,,,0,35,,3568,70,,,0,70,,3569,70,,,0,29,,3570,70,,,0,70,,3571,70,,,0,101,,3572,70,,,0,43,,3573,70,,,0,68,,3574,70,,,0,100,,3575,70,,,0,100,,3576,70,,,0,100,,3577,70,,,0
800,'Saturday-01',708,,3579,92,,,0,100,,3580,92,,,0,100,,3581,92,,,0,30,,3584,92,,,0,70,,3585,92,,,0,30,,3586,92,,,0,70,,3587,92,,,0,30,,3588,92,,,0,70,,3589,92,,,0,30,,3590,92,,,0,70,,3591,92,,,0,30,,3592,92,,,0,70,,3593,92,,,0,30,,3594,92,,,0,70,,3583,92,,,0,30,,3582,92,,,0,70,,3601,92,,,0,30,,3600,92,,,0,70,,3599,92,,,0,30,,3598,92,,,0,70,,3597,92,,,0,30,,3595,92,,,0,100,,3596,92,,,0,100,,3602,92,,,0,100,,3603,92,,,0
800,'Sunday-01',853,,3604,92,,,0,100,,3605,92,,,0,100,,3606,92,,,0,100,,3607,92,,,0,100,,3608,92,,,0,100,,3609,92,,,0,100,,3610,92,,,0,100,,3611,92,,,0,100,,3612,92,,,0,100,,3613,92,,,0,97,,3614,92,,,0
800,'Weekday-01',610,,3639,92,,,0,35,,3640,92,,,0,75,,3638,92,,,0,35,,3637,92,,,0,75,,3615,92,,,0,75,,3616,92,,,0,35,,3617,92,,,0,75,,3618,92,,,0,35,,3619,92,,,0,75,,3620,92,,,0,75,,3621,92,,,0,35,,3622,92,,,0,75,,3623,92,,,0,35,,3624,92,,,0,75,,3625,92,,,0,35,,3626,92,,,0,75,,3627,92,,,0,75,,3628,92,,,0,35,,3629,92,,,0,75,,3630,92,,,0,35,,3631,92,,,0,75,,3632,92,,,0,75,,3633,92,,,0,110,,3634,92,,,0,110,,3635,92,,,0,110,,3636,92,,,0
901,'Saturday-01',700,,3790,58,,,0,30,,3791,58,,,0,70,,3792,58,,,0,30,,3793,58,,,0,70,,3794,58,,,0,30,,3795,58,,,0,70,,3796,58,,,0,30,,3797,58,,,0,70,,3798,58,,,0,30,,3799,58,,,0,70,,3800,58,,,0,30,,3801,58,,,0,70,,3802,58,,,0,30,,3803,58,,,0,70,,3804,58,,,0,30,,3805,58,,,0,70,,3806,58,,,0,30,,3807,58,,,0,70,,3808,58,,,0,30,,3809,58,,,0,70,,3810,58,,,0,30,,3811,58,,,0,70,,3812,58,,,0,30,,3813,58,,,0,82,,3814,58,,,0,45,,3815,58,,,0,87,,3816,58,,,0,70,,3817,58,,,0,43,,3818,58,,,0,100,,3819,58,,,0,100,,3820,58,,,0
901,'Sunday-01',830,,3839,58,,,0,70,,3829,58,,,0,30,,3840,58,,,0,70,,3830,58,,,0,30,,3841,58,,,0,70,,3831,58,,,0,30,,3821,58,,,0,70,,3832,58,,,0,30,,3822,58,,,0,70,,3833,58,,,0,30,,3823,58,,,0,70,,3834,58,,,0,30,,3824,58,,,0,70,,3835,58,,,0,30,,3825,58,,,0,70,,3836,58,,,0,30,,3826,58,,,0,70,,3837,58,,,0,30,,3827,58,,,0,70,,3838,58,,,0,30,,3828,58,,,0
901,'Weekday-01',625,,3842,58,,,0,30,,3843,58,,,0,70,,3844,58,,,0,30,,3845,58,,,0,70,,3846,58,,,0,75,,3847,58,,,0,30,,3848,58,,,0,70,,3849,58,,,0,30,,3850,58,,,0,70,,3851,58,,,0,30,,3852,58,,,0,70,,3853,58,,,0,30,,3854,58,,,0,70,,3855,58,,,0,30,,3856,58,,,0,70,,3857,58,,,0,30,,3858,58,,,0,70,,3859,58,,,0,30,,3860,58,,,0,15,,3861,58,,,0,55,,3862,58,,,0,15,,3863,58,,,0,15,,3864,58,,,0,15,,3865,58,,,0,55,,3866,58,,,0,15,,3867,58,,,0,17,,3868,58,,,0,70,,3869,58,,,0,28,,3870,58,,,0,82,,3871,58,,,0,44,,3872,58,,,0,85,,3873,58,,,0,70,,3874,58,,,0,45,,3875,58,,,0,100,,3876,58,,,0,100,,3877,58,,,0
1801,'Saturday-01',550,,4319,1,,,0,70,,4320,1,,,0,30,,4294,14,,,0,70,,4295,14,,,0,30,,4296,14,,,0,70,,4297,14,,,0,30,,4298,14,,,0,70,,4299,14,,,0,30,,4300,14,,,0,70,,4301,14,,,0,30,,4302,14,,,0,70,,4303,14,,,0,30,,4304,14,,,0,70,,4305,14,,,0,30,,4306,14,,,0,70,,4307,14,,,0,30,,4308,14,,,0,70,,4309,14,,,0,30,,4310,14,,,0,70,,4311,14,,,0,30,,4312,14,,,0,70,,4313,14,,,0,30,,4314,14,,,0,70,,4315,14,,,0,30,,4316,14,,,0,70,,4317,14,,,0,30,,4318,14,,,0
1801,'Sunday-01',750,,4321,1,0,13,0,100,,4323,14,,,0,100,,4324,14,,,0,100,,4325,14,,,0,100,,4326,14,,,0,100,,4327,14,,,0,100,,4328,14,,,0,100,,4329,14,,,0,100,,4330,14,,,0,100,,4331,14,,,0,100,,4322,14,,,0,100,,4332,14,,,0
1801,'Weekday-01',550,,4333,1,,,0,70,,4334,1,,,0,30,,4335,14,,,0,70,,4336,14,,,0,30,,4337,14,,,0,70,,4338,14,,,0,30,,4339,14,,,0,70,,4340,14,,,0,30,,4341,14,,,0,70,,4342,14,,,0,30,,4343,14,,,0,70,,4344,14,,,0,30,,4345,14,,,0,70,,4346,14,,,0,30,,4347,14,,,0,70,,4348,14,,,0,30,,4349,14,,,0,70,,4350,14,,,0,30,,4351,14,,,0,70,,4352,14,,,0,30,,4353,14,,,0,70,,4354,14,,,0,30,,4355,14,,,0,70,,4356,14,,,0,30,,4357,14,,,0,70,,4358,14,,,0,30,,4359,14,,,0,70,,4360,14,,,0,100,,4361,14,,,0,100,,4362,14,,,0,93,,4363,14,,,0
4000,'Saturday-01',630,,4555,36,,,0,70,,4556,36,,,0,30,,4557,36,,,0,70,,4558,36,,,0,30,,4559,36,,,0,70,,4560,36,,,0,30,,4561,36,,,0,70,,4562,36,,,0,30,,4563,36,,,0,70,,4564,36,,,0,30,,4565,36,,,0,70,,4566,36,,,0,30,,4567,36,,,0,70,,4568,36,,,0,30,,4569,36,,,0,70,,4570,36,,,0,30,,4571,36,,,0,70,,4572,36,,,0,30,,4573,36,,,0,70,,4574,36,,,0,30,,4575,36,,,0,70,,4576,36,,,0,30,,4577,36,,,0,70,,4578,36,,,0,30,,4579,36,,,0,70,,4580,36,,,0,30,,4581,36,,,0,70,,4582,36,,,0,30,,4583,36,,,0,70,,4584,36,,,0,30,,4585,36,,,0,70,,4586,36,,,0,30,,4587,36,,,0,70,,4588,36,,,0,30,,4589,36,,,0,100,,4590,36,,,0
4000,'Sunday-01',830,,4591,36,,,0,70,,4592,36,,,0,30,,4593,36,,,0,70,,4594,36,,,0,30,,4595,36,,,0,70,,4596,36,,,0,30,,4597,36,,,0,70,,4598,36,,,0,30,,4599,36,,,0,70,,4600,36,,,0,30,,4601,36,,,0,70,,4602,36,,,0,30,,4603,36,,,0,70,,4604,36,,,0,30,,4605,36,,,0,70,,4606,36,,,0,30,,4607,36,,,0,70,,4608,36,,,0,30,,4609,36,,,0,70,,4610,36,,,0,30,,4611,36,,,0
4000,'Weekday-01',630,,4649,36,,,0,70,,4640,36,,,0,30,,4641,36,,,0,70,,4642,36,,,0,30,,4643,36,,,0,70,,4644,36,,,0,30,,4645,36,,,0,70,,4646,36,,,0,30,,4647,36,,,0,70,,4648,36,,,0,30,,4615,36,,,0,70,,4637,36,,,0,30,,4636,36,,,0,70,,4635,36,,,0,30,,4634,36,,,0,70,,4616,36,,,0,30,,4633,36,,,0,70,,4632,36,,,0,30,,4638,36,,,0,70,,4617,36,,,0,30,,4618,36,,,0,70,,4619,36,,,0,30,,4631,36,,,0,70,,4639,36,,,0,30,,4621,36,,,0,70,,4623,36,,,0,30,,4630,36,,,0,70,,4629,36,,,0,30,,4628,36,,,0,70,,4620,36,,,0,30,,4627,36,,,0,70,,4626,36,,,0,30,,4625,36,,,0,70,,4624,36,,,0,30,,4614,36,,,0,100,,4622,36,,,0
