201,'Saturday-01',648,,2849,40,,,0,70,,2850,40,,,0,30,,2851,40,,,0,70,,2852,40,,,0,30,,2853,40,,,0,70,,2854,40,,,0,30,,2855,40,,,0,70,,2856,40,,,0,30,,2857,40,,,0,70,,2858,40,,,0,30,,2859,40,,,0,70,,2860,40,,,0,30,,2861,40,,,0,70,,2862,40,,,0,30,,2863,40,,,0,70,,2864,40,,,0,30,,2865,40,,,0,70,,2866,40,,,0,30,,2867,40,,,0,70,,2868,40,,,0,30,,2869,40,,,0,70,,2870,40,,,0,30,,2871,40,,,0,70,,2872,40,,,0,30,,2873,40,,,0,70,,2874,40,,,0,30,,2875,40,,,0,70,,2876,40,,,0,30,,2877,40,,,0,70,,2878,40,,,0,100,,2879,40,,,0,100,,2880,40,,,0,100,,2881,40,,,0
201,'Sunday-01',833,,2882,40,,,0,70,,2883,40,,,0,30,,2884,40,,,0,70,,2885,40,,,0,30,,2886,40,,,0,70,,2887,40,,,0,30,,2888,40,,,0,70,,2889,40,,,0,30,,2890,40,,,0,70,,2891,40,,,0,30,,2892,40,,,0,70,,2893,40,,,0,30,,2894,40,,,0,70,,2895,40,,,0,30,,2896,40,,,0,70,,2897,40,,,0,30,,2898,40,,,0,70,,2899,40,,,0,30,,2900,40,,,0,70,,2901,40,,,0
201,'Weekday-01',618,,2904,40,,,0,30,,2905,40,,,0,55,,2906,40,,,0,15,,2907,40,,,0,15,,2908,40,,,0,15,,2909,40,,,0,55,,2910,40,,,0,15,,2945,40,,,0,15,,2911,40,,,0,15,,2912,40,,,0,70,,2944,40,,,0,30,,2913,40,,,0,70,,2914,40,,,0,30,,2915,40,,,0,70,,2916,40,,,0,30,,2917,40,,,0,70,,2918,40,,,0,30,,2919,40,,,0,70,,2920,40,,,0,25,,2921,40,,,0,70,,2922,40,,,0,35,,2923,40,,,0,70,,2924,40,,,0,15,,2925,40,,,0,15,,2926,40,,,0,55,,2927,40,,,0,15,,2928,40,,,0,15,,2929,40,,,0,15,,2930,40,,,0,55,,2931,40,,,0,15,,2932,40,,,0,30,,2933,40,,,0,70,,2934,40,,,0,30,,2935,40,,,0,70,,2936,40,,,0,30,,2937,40,,,0,70,,2938,40,,,0,30,,2939,40,,,0,70,,2940,40,,,0,100,,2941,40,,,0,100,,2942,40,,,0,100,,2943,40,,,0
301,'Saturday-01',707,,3065,18,,,0,30,,3042,18,,,0,70,,3043,18,,,0,30,,3044,18,,,0,70,,3045,18,,,0,30,,3046,18,,,0,70,,3047,18,,,0,30,,3048,18,,,0,70,,3049,18,,,0,30,,3066,18,,,0,70,,3050,18,,,0,30,,3067,18,,,0,70,,3068,18,,,0,30,,3069,18,,,0,70,,3070,18,,,0,30,,3051,18,,,0,70,,3052,18,,,0,30,,3071,18,,,0,70,,3053,18,,,0,31,,3054,18,,,0,70,,3055,18,,,0,30,,3056,18,,,0,70,,3072,18,,,0,30,,3073,18,,,0,79,,3057,17,,,0,30,,3058,17,,,0,70,,3059,17,,,0,30,,3060,17,,,0,70,,3061,17,,,0,100,,3062,17,,,0,100,,3063,17,,,0,100,,3064,17,,,0
301,'Sunday-01',832,,3074,18,,,0,70,,3085,18,,,0,30,,3086,18,,,0,70,,3087,18,,,0,30,,3088,18,,,0,70,,3089,18,,,0,30,,3090,18,,,0,70,,3091,18,,,0,30,,3092,18,,,0,70,,3093,18,,,0,30,,3094,18,,,0,70,,3075,18,,,0,30,,3076,18,,,0,70,,3077,18,,,0,30,,3078,18,,,0,70,,3079,18,,,0,30,,3080,18,,,0,70,,3081,18,,,0,30,,3082,18,,,0,70,,3083,18,,,0,30,,3084,18,,,0
301,'Weekday-01',603,,3095,18,,,0,30,,3096,18,,,0,70,,3097,18,,,0,15,,3098,18,,,0,15,,3099,18,,,0,15,,3100,18,,,0,55,,3101,18,,,0,15,,3102,18,,,0,15,,3103,18,,,0,70,,3104,18,,,0,30,,3105,18,,,0,70,,3106,18,,,0,30,,3107,18,,,0,70,,3108,18,,,0,30,,3109,18,,,0,70,,3110,18,,,0,30,,3111,18,,,0,70,,3112,18,,,0,30,,3113,18,,,0,70,,3114,18,,,0,30,,3115,18,,,0,70,,3116,18,,,0,15,,3117,18,,,0,15,,3118,18,,,0,15,,3119,18,,,0,55,,3120,18,,,0,30,,3121,18,,,0,15,,3122,18,,,0,55,,3123,18,,,0,15,,3124,18,,,0,29,,3125,18,,,0,70,,3126,17,,,0,30,,3127,17,,,0,70,,3128,17,,,0,30,,3129,17,,,0,70,,3130,17,,,0,30,,3131,17,,,0,70,,3132,17,,,0,30,,3136,17,,,0,70,,3135,18,,,0,100,,3133,17,,,0,100,,3134,17,,,0
401,'Saturday-01',644,,3257,35,,,0,70,,3256,35,,,0,30,,3225,35,,,0,70,,3255,35,,,0,30,,3226,35,,,0,70,,3254,35,,,0,30,,3253,35,,,0,70,,3227,35,,,0,30,,3252,35,,,0,70,,3228,35,,,0,30,,3251,35,,,0,70,,3250,35,,,0,30,,3249,35,,,0,70,,3248,35,,,0,30,,3229,35,,,0,70,,3247,35,,,0,30,,3230,35,,,0,70,,3231,35,,,0,30,,3246,35,,,0,70,,3232,35,,,0,30,,3233,35,,,0,70,,3234,35,,,0,30,,3235,35,,,0,70,,3236,35,,,0,29,,3245,35,,,0,70,,3244,35,,,0,30,,3243,35,,,0,70,,3237,35,,,0,30,,3238,35,,,0,75,,3242,35,,,0,100,,3241,35,,,0,100,,3240,35,,,0,100,,3239,35,,,0
401,'Sunday-01',833,,3258,35,,,0,70,,3269,35,,,0,30,,3259,35,,,0,70,,3270,35,,,0,30,,3260,35,,,0,70,,3271,35,,,0,30,,3261,35,,,0,70,,3272,35,,,0,30,,3262,35,,,0,70,,3273,35,,,0,30,,3263,35,,,0,70,,3274,35,,,0,30,,3264,35,,,0,70,,3275,35,,,0,30,,3265,35,,,0,70,,3276,35,,,0,30,,3266,35,,,0,70,,3277,35,,,0,30,,3267,35,,,0,70,,3278,35,,,0,30,,3268,35,,,0
401,'Weekday-01',600,,3279,35,,,0,30,,3280,35,,,0,70,,3281,35,,,0,30,,3282,35,,,0,70,,3283,35,,,0,30,,3284,35,,,0,70,,3285,35,,,0,30,,3286,35,,,0,70,,3287,35,,,0,30,,3288,35,,,0,70,,3289,35,,,0,30,,3290,35,,,0,70,,3291,35,,,0,30,,3292,35,,,0,70,,3293,35,,,0,30,,3294,35,,,0,70,,3295,35,,,0,30,,3296,35,,,0,70,,3297,35,,,0,30,,3298,35,,,0,70,,3299,35,,,0,30,,3300,35,,,0,70,,3301,35,,,0,30,,3302,35,,,0,70,,3303,35,,,0,29,,3304,35,,,0,90,,3305,35,,,0,25,,3306,35,,,0,70,,3307,35,,,0,30,,3308,35,,,0,75,,3309,35,,,0,100,,3310,35,,,0,100,,3311,35,,,0,100,,3312,35,,,0
500,'Saturday-01',702,,3313,5,,,0,100,,3314,5,,,0,100,,3315,5,,,0,100,,3316,5,,,0,100,,3317,5,,,0,100,,3318,5,,,0,100,,3319,5,,,0,100,,3320,5,,,0,100,,3321,5,,,0,100,,3322,5,,,0,100,,3323,5,,,0,101,,3324,5,,,0
500,'Weekday-01',613,,3325,5,,,0,30,,3326,5,,,0,70,,3327,5,,,0,30,,3328,5,,,0,70,,3329,5,,,0,90,,3330,5,,,0,100,,3331,5,,,0,100,,3332,5,,,0,100,,3333,5,,,0,100,,3334,5,,,0,100,,3335,5,,,0,100,,3336,5,,,0,110,,3337,5,,,0,30,,3338,5,,,0,70,,3339,5,,,0,35,,3340,5,,,0
4001,'Saturday-01',622,,4651,37,,,0,100,,4652,37,,,0,30,,4653,37,,,0,70,,4654,37,,,0,30,,4655,37,,,0,70,,4656,37,,,0,30,,4657,37,,,0,70,,4658,37,,,0,30,,4659,37,,,0,70,,4660,37,,,0,30,,4661,37,,,0,70,,4662,37,,,0,30,,4663,37,,,0,70,,4664,37,,,0,30,,4665,37,,,0,70,,4666,37,,,0,30,,4667,37,,,0,70,,4668,37,,,0,30,,4669,37,,,0,70,,4670,37,,,0,30,,4671,37,,,0,70,,4672,37,,,0,30,,4673,37,,,0,70,,4674,37,,,0,30,,4675,37,,,0,70,,4676,37,,,0,30,,4677,37,,,0,70,,4678,37,,,0,30,,4679,37,,,0,70,,4680,37,,,0,30,,4681,37,,,0,70,,4682,37,,,0,30,,4683,37,,,0,70,,4684,37,,,0,100,,4685,37,,,0
4001,'Sunday-01',822,,4687,37,,,0,30,,4688,37,,,0,70,,4689,37,,,0,30,,4690,37,,,0,70,,4691,37,,,0,30,,4692,37,,,0,70,,4693,37,,,0,30,,4694,37,,,0,70,,4695,37,,,0,30,,4696,37,,,0,70,,4697,37,,,0,30,,4698,37,,,0,70,,4699,37,,,0,30,,4700,37,,,0,70,,4701,37,,,0,30,,4702,37,,,0,70,,4703,37,,,0,30,,4704,37,,,0,70,,4705,37,,,0,30,,4706,37,,,0,70,,4707,37,,,0
4001,'Weekday-01',622,,4743,37,,,0,30,,4708,37,,,0,70,,4709,37,,,0,30,,4710,37,,,0,70,,4711,37,,,0,30,,4712,37,,,0,70,,4713,37,,,0,30,,4714,37,,,0,70,,4715,37,,,0,30,,4716,37,,,0,70,,4717,37,,,0,30,,4718,37,,,0,70,,4719,37,,,0,30,,4720,37,,,0,70,,4721,37,,,0,30,,4722,37,,,0,70,,4723,37,,,0,30,,4724,37,,,0,70,,4725,37,,,0,30,,4726,37,,,0,70,,4727,37,,,0,30,,4728,37,,,0,70,,4729,37,,,0,30,,4730,37,,,0,70,,4731,37,,,0,30,,4732,37,,,0,70,,4733,37,,,0,30,,4734,37,,,0,70,,4735,37,,,0,30,,4736,37,,,0,70,,4737,37,,,0,30,,4738,37,,,0,70,,4739,37,,,0,30,,4740,37,,,0,70,,4741,37,,,0,100,,4742,37,,,0
