101,'Saturday-01',655,,2661,1,,,0,70,,2662,40,,,0,30,,2663,40,,,0,75,,2693,36,0,6,0,70,,2682,36,,,0,30,,2683,36,,,0,70,,2684,36,,,0,30,,2685,36,,,0,70,,2686,36,,,0,30,,2687,36,,,0,70,,2688,36,,,0,30,,2689,36,,,0,70,,2672,38,,,0,25,,2664,40,,,0,30,,2665,40,,,0,50,,2673,38,,,0,35,,2674,38,,,0,75,,2666,40,,,0,40,,2667,40,,,0,55,,2678,38,,,0,40,,2679,36,,,0,70,,2680,36,,,0,80,,2675,38,,,0,30,,2676,38,,,0,70,,2677,38,,,0,59,,2690,36,,,0,70,,2691,36,,,0,95,,2668,40,,,0,83,,2669,40,,,0,20,,2681,36,,,0,100,,2670,40,,,0,85,,2671,40,,,0
101,'Sunday-01',811,,2694,36,,,0,100,,2695,38,,,0,100,,2696,38,,,0,100,,2697,38,,,0,100,,2698,38,,,0,105,,2701,40,,,0,100,,2702,40,,,0,105,,2703,40,,,0,100,,2704,40,,,0,100,,2699,38,,,0,109,,2700,38,,,0
101,'Weekday-01',619,,2753,36,,,0,16,,2708,27,,,0,10,,2736,36,,,0,64,,2725,27,,,0,16,,2709,40,,,0,15,,2710,40,,,0,15,,2711,40,,,0,50,,2737,36,,,0,5,,2712,40,,,0,25,,2707,27,,,0,20,,2739,36,,,0,60,,2740,36,,,0,30,,2752,36,,,0,80,,2741,36,,,0,34,,2742,36,,,0,70,,2743,36,,,0,30,,2744,36,,,0,70,,2745,36,,,0,96,,2713,40,,,0,30,,2714,40,,,0,70,,2715,40,,,0,30,,2716,40,,,0,70,,2717,40,,,0,30,,2718,40,,,0,55,,2726,38,,,0,10,,2727,38,,,0,10,,2746,36,,,0,20,,2728,38,,,0,50,,2747,36,,,0,20,,2729,38,,,0,5,,2748,36,,,0,24,,2730,38,,,0,6,,2749,36,,,0,65,,2731,38,,,0,5,,2750,36,,,0,80,,2732,38,,,0,10,,2751,36,,,0,30,,2738,36,,,0,70,,2734,36,,,0,90,,2719,40,,,0,20,,2720,40,,,0,75,,2721,40,,,0,30,,2722,40,,,0,100,,2723,40,,,0,25,,2724,40,,,0,70,,2735,36,,,0
200,'Saturday-01',645,,2754,30,,,0,70,,2755,30,,,0,30,,2756,30,,,0,70,,2757,30,,,0,30,,2758,30,,,0,70,,2759,30,,,0,30,,2760,30,,,0,70,,2761,30,,,0,30,,2762,30,,,0,70,,2763,30,,,0,30,,2764,30,,,0,70,,2765,30,,,0,30,,2766,30,,,0,70,,2767,30,,,0,30,,2768,30,,,0,70,,2769,30,,,0,30,,2770,30,,,0,70,,2771,30,,,0,30,,2772,30,,,0,70,,2773,30,,,0,30,,2774,30,,,0,70,,2775,30,,,0,30,,2776,30,,,0,70,,2777,30,,,0,30,,2778,30,,,0,70,,2779,30,,,0,30,,2781,30,,,0,70,,2782,30,,,0,30,,2783,30,,,0,70,,2784,30,,,0,100,,2785,30,,,0,100,,2786,30,,,0,100,,2787,30,,,0
200,'Sunday-01',830,,2788,30,,,0,70,,2789,30,,,0,30,,2790,30,,,0,70,,2791,30,,,0,30,,2792,30,,,0,70,,2793,30,,,0,30,,2794,30,,,0,70,,2795,30,,,0,30,,2796,30,,,0,70,,2797,30,,,0,30,,2798,30,,,0,70,,2799,30,,,0,30,,2800,30,,,0,70,,2801,30,,,0,30,,2802,30,,,0,70,,2803,30,,,0,30,,2804,30,,,0,70,,2805,30,,,0,30,,2806,30,,,0
200,'Weekday-01',615,,2808,30,,,0,30,,2807,30,,,0,55,,2848,30,,,0,15,,2811,30,,,0,15,,2812,30,,,0,15,,2813,30,,,0,55,,2814,30,,,0,15,,2809,30,,,0,15,,2810,30,,,0,70,,2815,30,,,0,30,,2816,30,,,0,20,,2839,30,,,0,70,,2820,30,,,0,30,,2821,30,,,0,70,,2822,30,,,0,30,,2823,30,,,0,70,,2824,30,,,0,30,,2825,30,,,0,70,,2826,30,,,0,30,,2817,30,,,0,70,,2818,30,,,0,25,,2819,30,,,0,65,,2827,30,,,0,20,,2828,30,,,0,15,,2829,30,,,0,55,,2830,30,,,0,15,,2831,30,,,0,15,,2832,30,,,0,15,,2833,30,,,0,55,,2834,30,,,0,15,,2835,30,,,0,30,,2840,30,,,0,70,,2841,30,,,0,30,,2842,30,,,0,70,,2843,30,,,0,30,,2844,30,,,0,70,,2836,30,,,0,30,,2837,30,,,0,70,,2838,30,,,0,100,,2845,30,,,0,100,,2846,30,,,0,100,,2847,30,,,0
300,'Saturday-01',645,,2964,40,,,0,70,,2947,40,,,0,30,,2948,40,,,0,70,,2949,40,,,0,30,,2950,40,,,0,70,,2951,40,,,0,30,,2952,40,,,0,70,,2953,40,,,0,30,,2954,40,,,0,70,,2965,40,,,0,30,,2955,40,,,0,70,,2966,40,,,0,30,,2967,40,,,0,70,,2968,40,,,0,30,,2969,40,,,0,70,,2956,40,,,0,30,,2957,40,,,0,70,,2970,40,,,0,30,,2958,40,,,0,70,,2959,40,,,0,30,,2960,40,,,0,70,,2961,40,,,0,30,,2971,40,,,0,70,,2972,40,,,0,30,,2962,40,,,0,70,,2973,40,,,0,30,,2963,40,,,0,70,,2974,40,,,0,30,,2978,40,,,0,70,,2975,40,,,0,100,,2976,40,,,0,100,,2977,40,,,0,100,,2979,40,,,0
300,'Sunday-01',830,,2980,40,,,0,70,,2981,40,,,0,30,,2982,40,,,0,70,,2983,40,,,0,30,,2984,40,,,0,70,,2985,40,,,0,30,,2986,40,,,0,70,,2987,40,,,0,30,,2988,40,,,0,70,,2989,40,,,0,30,,2990,40,,,0,70,,2991,40,,,0,30,,2992,40,,,0,70,,2993,40,,,0,30,,2994,40,,,0,70,,2995,40,,,0,30,,2996,40,,,0,70,,2997,40,,,0,30,,2998,40,,,0,70,,2999,40,,,0,30,,3000,40,,,0
300,'Weekday-01',615,,3001,40,,,0,30,,3002,40,,,0,55,,3003,40,,,0,15,,3004,40,,,0,15,,3005,40,,,0,15,,3006,40,,,0,55,,3007,40,,,0,15,,3008,40,,,0,15,,3009,40,,,0,15,,3010,40,,,0,70,,3011,40,,,0,30,,3012,40,,,0,70,,3013,40,,,0,30,,3014,40,,,0,70,,3015,40,,,0,30,,3016,40,,,0,70,,3017,40,,,0,30,,3018,40,,,0,70,,3019,40,,,0,30,,3020,40,,,0,70,,3021,40,,,0,30,,3022,40,,,0,70,,3023,40,,,0,30,,3024,40,,,0,55,,3025,40,,,0,15,,3026,40,,,0,15,,3027,40,,,0,15,,3028,40,,,0,55,,3029,40,,,0,15,,3030,40,,,0,30,,3031,40,,,0,70,,3032,40,,,0,30,,3033,40,,,0,70,,3034,40,,,0,30,,3035,40,,,0,70,,3036,40,,,0,30,,3041,40,,,0,70,,3040,40,,,0,100,,3037,40,,,0,100,,3038,40,,,0,100,,3039,40,,,0
401,'Saturday-01',640,,3257,29,,,0,70,,3256,29,,,0,30,,3225,29,,,0,70,,3255,29,,,0,30,,3226,29,,,0,70,,3254,29,,,0,30,,3253,29,,,0,70,,3227,29,,,0,30,,3252,29,,,0,70,,3228,29,,,0,30,,3251,29,,,0,70,,3250,29,,,0,30,,3249,29,,,0,70,,3248,29,,,0,30,,3229,29,,,0,70,,3247,29,,,0,30,,3230,29,,,0,70,,3231,29,,,0,30,,3246,29,,,0,70,,3232,29,,,0,30,,3233,29,,,0,70,,3234,29,,,0,30,,3235,29,,,0,70,,3236,29,,,0,30,,3245,29,,,0,70,,3244,29,,,0,30,,3243,29,,,0,70,,3237,29,,,0,30,,3238,29,,,0,75,,3242,29,,,0,100,,3241,29,,,0,100,,3240,29,,,0,100,,3239,29,,,0
401,'Sunday-01',830,,3258,29,,,0,70,,3269,29,,,0,30,,3259,29,,,0,70,,3270,29,,,0,30,,3260,29,,,0,70,,3271,29,,,0,30,,3261,29,,,0,70,,3272,29,,,0,30,,3262,29,,,0,70,,3273,29,,,0,30,,3263,29,,,0,70,,3274,29,,,0,30,,3264,29,,,0,70,,3275,29,,,0,30,,3265,29,,,0,70,,3276,29,,,0,30,,3266,29,,,0,70,,3277,29,,,0,30,,3267,29,,,0,70,,3278,29,,,0,30,,3268,29,,,0
401,'Weekday-01',555,,3279,29,,,0,70,,3280,29,,,0,30,,3281,29,,,0,70,,3282,29,,,0,30,,3283,29,,,0,70,,3284,29,,,0,30,,3285,29,,,0,70,,3286,29,,,0,30,,3287,29,,,0,70,,3288,29,,,0,30,,3289,29,,,0,70,,3290,29,,,0,30,,3291,29,,,0,70,,3292,29,,,0,30,,3293,29,,,0,70,,3294,29,,,0,30,,3295,29,,,0,70,,3296,29,,,0,30,,3297,29,,,0,70,,3298,29,,,0,30,,3299,29,,,0,70,,3300,29,,,0,30,,3301,29,,,0,70,,3302,29,,,0,30,,3303,29,,,0,69,,3304,29,,,0,91,,3305,29,,,0,25,,3306,29,,,0,70,,3307,29,,,0,30,,3308,29,,,0,75,,3309,29,,,0,100,,3310,29,,,0,100,,3311,29,,,0,100,,3312,29,,,0
801,'Saturday-01',650,,3643,46,,,0,100,,3644,46,,,0,100,,3645,46,,,0,70,,3665,1,,,0,30,,3646,46,,,0,70,,3647,46,,,0,30,,3648,46,,,0,70,,3649,46,,,0,30,,3650,46,,,0,70,,3651,46,,,0,30,,3652,46,,,0,70,,3653,46,,,0,30,,3654,46,,,0,70,,3655,46,,,0,30,,3656,46,,,0,70,,3657,46,,,0,30,,3658,46,,,0,70,,3659,46,,,0,30,,3660,46,,,0,70,,3661,46,,,0,30,,3662,46,,,0,65,,3642,46,,,0,100,,3641,46,,,0,100,,3664,46,,,0,100,,3663,46,,,0
801,'Sunday-01',830,,3666,46,,,0,100,,3667,46,,,0,100,,3668,46,,,0,100,,3669,46,,,0,100,,3670,46,,,0,100,,3671,46,,,0,100,,3672,46,,,0,100,,3673,46,,,0,100,,3674,46,,,0,100,,3675,46,,,0,100,,3676,46,,,0
801,'Weekday-01',555,,3677,46,,,0,75,,3678,46,,,0,75,,3679,46,,,0,35,,3680,46,,,0,75,,3681,46,,,0,35,,3682,46,,,0,75,,3683,46,,,0,75,,3684,46,,,0,35,,3685,46,,,0,75,,3686,46,,,0,35,,3687,46,,,0,75,,3688,46,,,0,35,,3689,46,,,0,75,,3690,46,,,0,75,,3691,46,,,0,35,,3692,46,,,0,75,,3693,46,,,0,35,,3694,46,,,0,75,,3695,46,,,0,75,,3696,46,,,0,35,,3697,46,,,0,110,,3698,46,,,0,110,,3699,46,,,0,150,,3700,46,,,0
1000,'Saturday-01',645,,3878,19,,,0,100,,3879,19,,,0,100,,3880,19,,,0,70,,3881,19,,,0,30,,3882,19,,,0,70,,3883,19,,,0,30,,3884,19,,,0,70,,3885,19,,,0,30,,3886,19,,,0,70,,3887,19,,,0,30,,3888,19,,,0,70,,3889,19,,,0,30,,3890,19,,,0,70,,3891,19,,,0,30,,3892,19,,,0,70,,3893,19,,,0,30,,3894,19,,,0,70,,3895,19,,,0,30,,3896,19,,,0,70,,3897,19,,,0,30,,3898,19,,,0,70,,3899,19,,,0,85,,3900,19,,,0,45,,3901,19,,,0,85,,3902,19,,,0,85,,3903,19,,,0,100,,3904,19,,,0
1000,'Sunday-01',830,,3905,19,,,0,100,,3906,19,,,0,100,,3907,19,,,0,100,,3908,19,,,0,100,,3909,19,,,0,100,,3910,19,,,0,100,,3911,19,,,0,100,,3912,19,,,0,100,,3913,19,,,0,100,,3914,19,,,0,100,,3915,19,,,0
1000,'Weekday-01',615,,3934,19,,,0,30,,3935,19,,,0,70,,3936,19,,,0,30,,3937,19,,,0,70,,3938,19,,,0,30,,3916,19,,,0,70,,3917,19,,,0,30,,3918,19,,,0,70,,3919,19,,,0,30,,3920,19,,,0,70,,3921,19,,,0,30,,3922,19,,,0,70,,3923,19,,,0,30,,3924,19,,,0,70,,3925,19,,,0,30,,3926,19,,,0,70,,3927,19,,,0,30,,3939,19,,,0,70,,3940,19,,,0,30,,3941,19,,,0,70,,3942,19,,,0,30,,3943,19,,,0,70,,3944,19,,,0,30,,3945,19,,,0,70,,3928,19,,,0,85,,3929,19,,,0,45,,3930,19,,,0,85,,3931,19,,,0,85,,3932,19,,,0,100,,3933,19,,,0
1200,'Saturday-01',645,,4018,36,,,0,100,,4019,36,,,0,100,,4020,36,,,0,70,,4021,36,,,0,30,,4022,36,,,0,70,,4023,36,,,0,30,,4024,36,,,0,70,,4025,36,,,0,30,,4026,36,,,0,70,,4027,36,,,0,30,,4028,36,,,0,70,,4029,36,,,0,30,,4030,36,,,0,70,,4031,36,,,0,30,,4032,36,,,0,70,,4033,36,,,0,30,,4034,36,,,0,70,,4035,36,,,0,30,,4036,36,,,0,70,,4041,36,,,0,30,,4042,36,,,0,70,,4037,36,,,0,100,,4038,36,,,0,100,,4043,36,,,0,100,,4044,36,,,0,100,,4045,36,,,0,100,,4046,36,,,0,100,,4047,36,,,0
1200,'Sunday-01',830,,4048,36,,,0,100,,4049,36,,,0,100,,4050,36,,,0,100,,4051,36,,,0,100,,4052,36,,,0,100,,4053,36,,,0,100,,4054,36,,,0,100,,4055,36,,,0,100,,4056,36,,,0,100,,4057,36,,,0,100,,4058,36,,,0
1200,'Weekday-01',615,,4086,36,,,0,30,,4087,36,,,0,70,,4088,36,,,0,30,,4089,36,,,0,70,,4075,36,,,0,30,,4076,36,,,0,70,,4067,36,,,0,30,,4068,36,,,0,70,,4066,36,,,0,30,,4065,36,,,0,70,,4064,36,,,0,30,,4063,36,,,0,70,,4062,36,,,0,30,,4061,36,,,0,70,,4060,36,,,0,30,,4059,36,,,0,70,,4084,36,,,0,30,,4083,36,,,0,70,,4082,36,,,0,30,,4081,36,,,0,70,,4077,36,,,0,30,,4078,36,,,0,70,,4079,36,,,0,30,,4080,36,,,0,70,,4085,36,,,0,100,,4069,36,,,0,100,,4070,36,,,0,100,,4071,36,,,0,100,,4072,36,,,0,100,,4073,36,,,0,100,,4074,36,,,0
3000,'Weekday-01',653,,4519,8,,,0,70,,4513,8,,,0,30,,4520,8,,,0,70,,4521,8,,,0,30,,4522,8,,,0,70,,4523,8,,,0,30,,4514,8,,,0,70,,4515,8,,,0,30,,4524,8,,,0,72,,4525,8,,,0,30,,4526,8,,,0,70,,4527,8,,,0,32,,4528,8,,,0,70,,4516,8,,,0,30,,4529,8,,,0,70,,4530,8,,,0,30,,4531,8,,,0,70,,4532,8,,,0,30,,4517,8,,,0,70,,4518,8,,,0,30,,4533,8,,,0
5000,'Saturday-01',635,,4748,1,,,0,100,,4749,1,,,0,100,,4750,1,,,0,70,,4751,1,,,0,30,,4752,1,,,0,70,,4753,1,,,0,30,,4754,1,,,0,70,,4755,1,,,0,30,,4756,1,,,0,70,,4757,1,,,0,30,,4758,1,,,0,70,,4759,1,,,0,30,,4760,1,,,0,70,,4761,1,,,0,30,,4762,1,,,0,70,,4763,1,,,0,30,,4764,1,,,0,70,,4765,1,,,0,30,,4766,1,,,0,70,,4767,1,,,0,30,,4768,1,,,0,70,,4769,1,,,0,30,,4770,1,,,0,70,,4771,1,,,0,30,,4772,1,,,0,70,,4773,1,,,0,30,,4774,1,,,0,70,,4775,1,,,0,40,,4745,1,,,0,100,,4746,1,,,0,100,,4747,1,,,0
5000,'Sunday-01',830,,4776,1,,,0,100,,4777,1,,,0,100,,4778,1,,,0,70,,4779,1,,,0,30,,4780,1,,,0,70,,4781,1,,,0,30,,4782,1,,,0,70,,4783,1,,,0,30,,4784,1,,,0,70,,4785,1,,,0,30,,4786,1,,,0,70,,4787,1,,,0,30,,4788,1,,,0,70,,4789,1,,,0,30,,4790,1,,,0,70,,4791,1,,,0
5000,'Weekday-01',605,,4792,1,,,0,30,,4793,1,,,0,70,,4794,1,,,0,30,,4795,1,,,0,70,,4796,1,,,0,30,,4797,1,,,0,70,,4798,1,,,0,30,,4799,1,,,0,70,,4800,1,,,0,30,,4801,1,,,0,70,,4802,1,,,0,30,,4803,1,,,0,70,,4804,1,,,0,30,,4805,1,,,0,70,,4806,1,,,0,30,,4807,1,,,0,70,,4808,1,,,0,30,,4809,1,,,0,70,,4810,1,,,0,30,,4811,1,,,0,70,,4812,1,,,0,30,,4813,1,,,0,70,,4814,1,,,0,30,,4815,1,,,0,70,,4816,1,,,0,30,,4817,1,,,0,70,,4818,1,,,0,30,,4819,1,,,0,70,,4820,1,,,0,30,,4821,1,,,0,70,,4822,1,,,0,40,,4823,1,0,11 12,0,100,,4824,1,0,11 12,0,100,,4825,1,0,11 12,0
5001,'Saturday-01',635,,4826,17,4,,0,100,,4830,17,4,,0,100,,4831,17,4,,0,100,,4832,17,4,,0,70,,4833,17,4,,0,30,,4834,17,4,,0,70,,4835,17,4,,0,30,,4836,17,4,,0,70,,4837,17,4,,0,30,,4838,17,4,,0,70,,4839,17,4,,0,30,,4840,17,4,,0,70,,4841,17,4,,0,30,,4842,17,4,,0,70,,4843,17,4,,0,30,,4844,17,4,,0,70,,4845,17,4,,0,30,,4846,17,4,,0,70,,4847,17,4,,0,30,,4848,17,4,,0,70,,4849,17,4,,0,30,,4850,17,4,,0,70,,4851,17,4,,0,30,,4852,17,4,,0,70,,4853,17,4,,0,30,,4854,17,4,,0,70,,4855,17,4,,0,39,,4829,17,4,,0,101,,4827,17,4,,0,100,,4828,17,4,,0
5001,'Sunday-01',930,,4856,17,4,,0,100,,4857,17,4,,0,100,,4858,17,4,,0,70,,4859,17,4,,0,30,,4860,17,4,,0,70,,4861,17,4,,0,30,,4862,17,4,,0,70,,4863,17,4,,0,30,,4864,17,4,,0,70,,4865,17,4,,0,30,,4866,17,4,,0,70,,4867,17,4,,0,30,,4868,17,4,,0,70,,4869,17,4,,0,30,,4870,17,4,,0,70,,4871,17,4,,0
5001,'Weekday-01',635,,4877,17,4,,0,70,,4878,17,4,,0,30,,4879,17,4,,0,70,,4880,17,4,,0,30,,4881,17,4,,0,70,,4882,17,4,,0,30,,4883,17,4,,0,70,,4884,17,4,,0,30,,4885,17,4,,0,70,,4886,17,4,,0,30,,4887,17,4,,0,70,,4888,17,4,,0,30,,4889,17,4,,0,70,,4890,17,4,,0,30,,4891,17,4,,0,70,,4892,17,4,,0,30,,4893,17,4,,0,70,,4894,17,4,,0,30,,4895,17,4,,0,70,,4896,17,4,,0,30,,4897,17,4,,0,70,,4898,17,4,,0,30,,4899,17,4,,0,70,,4900,17,4,,0,30,,4901,17,4,,0,70,,4875,17,4,,0,30,,4872,17,4,,0,70,,4874,17,4,,0,30,,4876,17,4,,0,70,,4873,17,4,,0,39,,4902,17,4,,0,101,,4903,17,4,,0,100,,4904,17,4,,0
