400,'Saturday-01',648,,3169,50,,,0,70,,3137,50,,,0,30,,3168,50,,,0,70,,3167,50,,,0,30,,3138,50,,,0,70,,3166,50,,,0,30,,3139,50,,,0,70,,3165,50,,,0,30,,3164,50,,,0,70,,3140,50,,,0,30,,3163,50,,,0,70,,3141,50,,,0,30,,3142,50,,,0,70,,3162,50,,,0,30,,3161,50,,,0,70,,3143,50,,,0,30,,3160,50,,,0,70,,3159,50,,,0,30,,3144,50,,,0,70,,3145,50,,,0,30,,3146,50,,,0,70,,3158,50,,,0,30,,3157,50,,,0,70,,3156,50,,,0,30,,3147,50,,,0,70,,3148,50,,,0,30,,3155,50,,,0,70,,3154,50,,,0,30,,3153,50,,,0,70,,3149,50,,,0,100,,3152,50,,,0,100,,3151,50,,,0,100,,3150,50,,,0
400,'Sunday-01',833,,3170,50,,,0,70,,3181,50,,,0,30,,3171,50,,,0,70,,3182,50,,,0,30,,3172,50,,,0,70,,3183,50,,,0,30,,3173,50,,,0,70,,3184,50,,,0,30,,3174,50,,,0,70,,3185,50,,,0,30,,3175,50,,,0,70,,3186,50,,,0,30,,3176,50,,,0,70,,3187,50,,,0,30,,3177,50,,,0,70,,3188,50,,,0,30,,3178,50,,,0,70,,3189,50,,,0,30,,3179,50,,,0,70,,3190,50,,,0,30,,3180,50,,,0
400,'Weekday-01',620,,3191,50,,,0,30,,3192,50,,,0,70,,3193,50,,,0,30,,3194,50,,,0,70,,3195,50,,,0,30,,3196,50,,,0,70,,3197,50,,,0,30,,3198,50,,,0,70,,3199,50,,,0,30,,3200,50,,,0,70,,3201,50,,,0,30,,3202,50,,,0,70,,3203,50,,,0,30,,3204,50,,,0,70,,3205,50,,,0,30,,3206,50,,,0,70,,3207,50,,,0,30,,3208,50,,,0,70,,3209,50,,,0,30,,3210,50,,,0,70,,3211,50,,,0,30,,3212,50,,,0,70,,3213,50,,,0,30,,3214,50,,,0,70,,3215,50,,,0,28,,3216,50,,,0,70,,3217,50,,,0,30,,3218,50,,,0,70,,3219,50,,,0,30,,3220,50,,,0,70,,3221,50,,,0,100,,3222,50,,,0,100,,3223,50,,,0,100,,3224,50,,,0
701,'Saturday-01',634,,3489,61,,,0,100,,3490,61,,,0,70,,3491,61,,,0,30,,3492,61,,,0,70,,3493,61,,,0,30,,3494,61,,,0,70,,3495,61,,,0,30,,3496,61,,,0,70,,3497,61,,,0,30,,3498,61,,,0,70,,3499,61,,,0,30,,3500,61,,,0,70,,3501,61,,,0,30,,3502,61,,,0,70,,3503,61,,,0,30,,3504,61,,,0,70,,3505,61,,,0,30,,3506,61,,,0,70,,3507,61,,,0,30,,3508,61,,,0,70,,3509,61,,,0,30,,3510,61,,,0,70,,3511,61,,,0,30,,3512,61,,,0,70,,3513,61,,,0,100,,3516,61,,,0,44,,3517,61,,,0,70,,3518,61,,,0,100,,3519,61,,,0,100,,3520,61,,,0,100,,3515,61,,,0
701,'Sunday-01',834,,3521,61,,,0,70,,3522,61,,,0,30,,3523,61,,,0,70,,3524,61,,,0,30,,3525,61,,,0,70,,3526,61,,,0,30,,3527,61,,,0,70,,3528,61,,,0,30,,3529,61,,,0,70,,3530,61,,,0,30,,3531,61,,,0,70,,3532,61,,,0,30,,3533,61,,,0,70,,3534,61,,,0,30,,3535,61,,,0,70,,3536,61,,,0,30,,3537,61,,,0,70,,3538,61,,,0,30,,3539,61,,,0,70,,3540,61,,,0,30,,3541,61,,,0
701,'Weekday-01',604,,3542,61,,,0,30,,3543,61,,,0,70,,3544,61,,,0,20,,3545,61,,,0,10,,3546,61,,,0,15,,3547,61,,,0,55,,3548,61,,,0,15,,3549,61,,,0,15,,3550,61,,,0,70,,3551,61,,,0,30,,3552,61,,,0,70,,3553,61,,,0,30,,3554,61,,,0,70,,3555,61,,,0,30,,3556,61,,,0,70,,3557,61,,,0,30,,3558,61,,,0,70,,3559,61,,,0,30,,3560,61,,,0,69,,3561,61,,,0,30,,3562,61,,,0,70,,3563,61,,,0,30,,3564,61,,,0,70,,3565,61,,,0,26,,3566,61,,,0,30,,3567,61,,,0,75,,3568,61,,,0,70,,3569,61,,,0,30,,3570,61,,,0,70,,3571,61,,,0,100,,3572,61,,,0,44,,3573,61,,,0,70,,3574,61,,,0,100,,3575,61,,,0,100,,3576,61,,,0,100,,3577,61,,,0
801,'Saturday-01',643,,3643,41,,,0,100,,3644,41,,,0,100,,3645,41,,,0,100,,3646,41,,,0,70,,3647,41,,,0,30,,3648,41,,,0,70,,3649,41,,,0,30,,3650,41,,,0,70,,3651,41,,,0,30,,3652,41,,,0,70,,3653,41,,,0,30,,3654,41,,,0,70,,3655,41,,,0,30,,3656,41,,,0,70,,3657,41,,,0,30,,3658,41,,,0,70,,3659,41,,,0,30,,3660,41,,,0,70,,3661,41,,,0,30,,3662,41,,,0,66,,3642,41,,,0,100,,3641,41,,,0,100,,3664,41,,,0,100,,3663,41,,,0
801,'Sunday-01',824,,3666,41,,,0,100,,3667,41,,,0,100,,3668,41,,,0,100,,3669,41,,,0,100,,3670,41,,,0,100,,3671,41,,,0,100,,3672,41,,,0,100,,3673,41,,,0,100,,3674,41,,,0,100,,3675,41,,,0,100,,3676,41,,,0
801,'Weekday-01',547,,3677,41,,,0,75,,3678,41,,,0,35,,3679,41,,,0,75,,3680,41,,,0,75,,3681,41,,,0,35,,3682,41,,,0,75,,3683,41,,,0,35,,3684,41,,,0,75,,3685,41,,,0,75,,3686,41,,,0,35,,3687,41,,,0,75,,3688,41,,,0,35,,3689,41,,,0,75,,3690,41,,,0,35,,3691,41,,,0,75,,3692,41,,,0,75,,3693,41,,,0,35,,3694,41,,,0,75,,3695,41,,,0,35,,3696,41,,,0,75,,3697,41,,,0,110,,3698,41,,,0,110,,3699,41,,,0,110,,3700,41,,,0
4000,'Saturday-01',622,,4555,32,,,0,30,,4556,32,,,0,70,,4557,32,,,0,30,,4558,32,,,0,70,,4559,32,,,0,30,,4560,32,,,0,70,,4561,32,,,0,30,,4562,32,,,0,70,,4563,32,,,0,30,,4564,32,,,0,70,,4565,32,,,0,30,,4566,32,,,0,70,,4567,32,,,0,30,,4568,32,,,0,70,,4569,32,,,0,30,,4570,32,,,0,70,,4571,32,,,0,30,,4572,32,,,0,70,,4573,32,,,0,30,,4574,32,,,0,70,,4575,32,,,0,30,,4576,32,,,0,70,,4577,32,,,0,30,,4578,32,,,0,70,,4579,32,,,0,30,,4580,32,,,0,70,,4581,32,,,0,30,,4582,32,,,0,70,,4583,32,,,0,30,,4584,32,,,0,70,,4585,32,,,0,30,,4586,32,,,0,70,,4587,32,,,0,30,,4588,32,,,0,70,,4589,32,,,0,100,,4590,32,,,0
4000,'Sunday-01',822,,4591,32,,,0,30,,4592,32,,,0,70,,4593,32,,,0,30,,4594,32,,,0,70,,4595,32,,,0,30,,4596,32,,,0,70,,4597,32,,,0,30,,4598,32,,,0,70,,4599,32,,,0,30,,4600,32,,,0,70,,4601,32,,,0,30,,4602,32,,,0,70,,4603,32,,,0,30,,4604,32,,,0,70,,4605,32,,,0,30,,4606,32,,,0,70,,4607,32,,,0,30,,4608,32,,,0,70,,4609,32,,,0,30,,4610,32,,,0,70,,4611,32,,,0
4000,'Weekday-01',622,,4649,32,,,0,30,,4640,32,,,0,70,,4641,32,,,0,30,,4642,32,,,0,70,,4643,32,,,0,30,,4644,32,,,0,70,,4645,32,,,0,30,,4646,32,,,0,70,,4647,32,,,0,30,,4648,32,,,0,70,,4615,32,,,0,30,,4637,32,,,0,70,,4636,32,,,0,30,,4635,32,,,0,70,,4634,32,,,0,30,,4616,32,,,0,70,,4633,32,,,0,30,,4632,32,,,0,70,,4638,32,,,0,30,,4617,32,,,0,70,,4618,32,,,0,30,,4619,32,,,0,70,,4631,32,,,0,30,,4639,32,,,0,70,,4621,32,,,0,30,,4623,32,,,0,70,,4630,32,,,0,30,,4629,32,,,0,70,,4628,32,,,0,30,,4620,32,,,0,70,,4627,32,,,0,30,,4626,32,,,0,70,,4625,32,,,0,30,,4624,32,,,0,70,,4614,32,,,0,100,,4622,32,,,0
