400,'Saturday-01',702,,3169,73,,,0,30,,3137,73,,,0,70,,3168,73,,,0,30,,3167,73,,,0,70,,3138,73,,,0,30,,3166,73,,,0,70,,3139,73,,,0,30,,3165,73,,,0,70,,3164,73,,,0,30,,3140,73,,,0,70,,3163,73,,,0,30,,3141,73,,,0,70,,3142,73,,,0,30,,3162,73,,,0,70,,3161,73,,,0,30,,3143,73,,,0,70,,3160,73,,,0,30,,3159,73,,,0,70,,3144,73,,,0,30,,3145,73,,,0,70,,3146,73,,,0,30,,3158,73,,,0,70,,3157,73,,,0,30,,3156,73,,,0,70,,3147,73,,,0,30,,3148,73,,,0,70,,3155,73,,,0,35,,3154,73,,,0,70,,3153,73,,,0,30,,3149,73,,,0,100,,3152,73,,,0,100,,3151,73,,,0,100,,3150,73,,,0
400,'Sunday-01',852,,3170,73,,,0,70,,3181,73,,,0,30,,3171,73,,,0,70,,3182,73,,,0,30,,3172,73,,,0,70,,3183,73,,,0,30,,3173,73,,,0,70,,3184,73,,,0,30,,3174,73,,,0,70,,3185,73,,,0,30,,3175,73,,,0,70,,3186,73,,,0,30,,3176,73,,,0,70,,3187,73,,,0,30,,3177,73,,,0,70,,3188,73,,,0,30,,3178,73,,,0,70,,3189,73,,,0,30,,3179,73,,,0,70,,3190,73,,,0,30,,3180,73,,,0
400,'Weekday-01',639,,3191,73,,,0,70,,3192,73,,,0,30,,3193,73,,,0,70,,3194,73,,,0,30,,3195,73,,,0,70,,3196,73,,,0,30,,3197,73,,,0,70,,3198,73,,,0,30,,3199,73,,,0,70,,3200,73,,,0,30,,3201,73,,,0,70,,3202,73,,,0,30,,3203,73,,,0,70,,3204,73,,,0,30,,3205,73,,,0,70,,3206,73,,,0,30,,3207,73,,,0,70,,3208,73,,,0,30,,3209,73,,,0,70,,3210,73,,,0,30,,3211,73,,,0,70,,3212,73,,,0,30,,3213,73,,,0,70,,3214,73,,,0,33,,3215,73,,,0,65,,3216,73,,,0,30,,3217,73,,,0,70,,3218,73,,,0,30,,3219,73,,,0,70,,3220,73,,,0,30,,3221,73,,,0,100,,3222,73,,,0,100,,3223,73,,,0,100,,3224,73,,,0
900,'Saturday-01',611,,3701,25,,,0,30,,3702,25,,,0,70,,3703,25,,,0,30,,3704,25,,,0,70,,3705,25,,,0,30,,3706,25,,,0,70,,3707,25,,,0,30,,3708,25,,,0,70,,3709,25,,,0,30,,3710,25,,,0,70,,3711,25,,,0,30,,3712,25,,,0,70,,3713,25,,,0,30,,3714,25,,,0,70,,3715,25,,,0,30,,3716,25,,,0,70,,3717,25,,,0,30,,3718,25,,,0,70,,3719,25,,,0,30,,3720,25,,,0,70,,3721,25,,,0,30,,3722,25,,,0,89,,3723,25,,,0,70,,3724,25,,,0,30,,3725,25,,,0,85,,3726,25,,,0,30,,3728,25,,,0,85,,3729,25,,,0,100,,3730,25,,,0,100,,3731,25,,,0,100,,3727,25,,,0
900,'Sunday-01',741,,3751,25,,,0,70,,3753,25,,,0,30,,3741,25,,,0,70,,3740,25,,,0,30,,3742,25,,,0,70,,3735,25,,,0,30,,3743,25,,,0,70,,3736,25,,,0,30,,3744,25,,,0,70,,3737,25,,,0,30,,3745,25,,,0,70,,3738,25,,,0,30,,3746,25,,,0,70,,3739,25,,,0,30,,3747,25,,,0,70,,3732,25,,,0,30,,3748,25,,,0,70,,3733,25,,,0,30,,3749,25,,,0,70,,3734,25,,,0,30,,3750,25,,,0,70,,3752,25,,,0
900,'Weekday-01',541,,3754,25,,,0,70,,3755,25,,,0,25,,3756,25,,,0,70,,3757,25,,,0,30,,3758,25,,,0,70,,3759,25,,,0,30,,3760,25,,,0,75,,3761,25,,,0,30,,3762,25,,,0,70,,3763,25,,,0,30,,3764,25,,,0,70,,3765,25,,,0,30,,3766,25,,,0,70,,3767,25,,,0,30,,3768,25,,,0,70,,3769,25,,,0,30,,3770,25,,,0,70,,3771,25,,,0,30,,3772,25,,,0,15,,3773,25,,,0,55,,3774,25,,,0,15,,3775,25,,,0,15,,3776,25,,,0,70,,3777,25,,,0,15,,3778,25,,,0,15,,3779,25,,,0,15,,3780,25,,,0,69,,3781,25,,,0,30,,3782,25,,,0,70,,3783,25,,,0,85,,3784,25,,,0,31,,3785,25,,,0,85,,3786,25,,,0,100,,3787,25,,,0,100,,3788,25,,,0,100,,3789,25,,,0
1801,'Saturday-01',645,,4294,9,,,0,70,,4295,9,,,0,30,,4296,9,,,0,70,,4297,9,,,0,30,,4298,9,,,0,70,,4299,9,,,0,30,,4300,9,,,0,70,,4301,9,,,0,30,,4302,9,,,0,70,,4303,9,,,0,30,,4304,9,,,0,70,,4305,9,,,0,30,,4306,9,,,0,70,,4307,9,,,0,30,,4308,9,,,0,70,,4309,9,,,0,30,,4310,9,,,0,70,,4311,9,,,0,30,,4312,9,,,0,70,,4313,9,,,0,30,,4314,9,,,0,70,,4315,9,,,0,30,,4316,9,,,0,70,,4317,9,,,0,30,,4318,9,,,0
1801,'Sunday-01',845,,4323,9,,,0,100,,4324,9,,,0,100,,4325,9,,,0,100,,4326,9,,,0,100,,4327,9,,,0,100,,4328,9,,,0,100,,4329,9,,,0,100,,4330,9,,,0,100,,4331,9,,,0,100,,4322,9,,,0,100,,4332,9,,,0
1801,'Weekday-01',645,,4335,9,,,0,70,,4336,9,,,0,30,,4337,9,,,0,70,,4338,9,,,0,30,,4339,9,,,0,70,,4340,9,,,0,30,,4341,9,,,0,70,,4342,9,,,0,30,,4343,9,,,0,70,,4344,9,,,0,30,,4345,9,,,0,70,,4346,9,,,0,30,,4347,9,,,0,70,,4348,9,,,0,30,,4349,9,,,0,70,,4350,9,,,0,30,,4351,9,,,0,70,,4352,9,,,0,30,,4353,9,,,0,70,,4354,9,,,0,30,,4355,9,,,0,70,,4356,9,,,0,30,,4357,9,,,0,70,,4358,9,,,0,30,,4359,9,,,0,70,,4360,9,,,0,100,,4361,9,,,0,100,,4362,9,,,0,94,,4363,9,,,0
2400025501,'Weekday-01-1111100',1515,,5087,3,,,0
