100,'Saturday-01',554,,2565,1,0,5,0,70,,2566,1,0,5,0,100,,2571,1,0,5,0,30,,2572,1,0,5,0,70,,2573,1,0,5,0,30,,2574,1,0,5,0,70,,2575,1,0,5,0,30,,2576,1,0,5,0,70,,2577,1,0,5,0,30,,2578,1,0,5,0,70,,2579,1,0,5,0,30,,2567,1,0,5,0,70,,2568,1,0,5,0,30,,2589,1,0,5,0,70,,2590,1,0,5,0,20,,2569,1,0,5,0,70,,2570,1,0,5,0,30,,2585,1,0,5,0,70,,2586,1,0,5,0,30,,2587,1,0,5,0,70,,2588,1,0,5,0,30,,2591,1,0,5,0,70,,2592,1,0,5,0,30,,2593,1,0,5,0,91,,2580,1,0,5,0,18,,2580,30,0,5,0,52,,2581,1,0,5,0,18,,2581,30,0,5,0,12,,2594,1,0,5,0,18,,2594,30,0,5,0,65,,2595,1,0,5,0,18,,2595,30,0,5,0,12,,2582,1,0,5,0,58,,2582,30,0,5,0,37,,2596,1,0,5,0,58,,2596,30,0,5,0,25,,2597,1,0,5,0,18,,2597,30,0,5,0,2,,2598,1,0,5,0,58,,2598,30,0,5,0,42,,2583,1,0,5,0,58,,2583,30,0,5,0,27,,2599,1,0,5,0,18,,2599,30,4,,0
100,'Sunday-01',730,,2602,1,0,5,0,21,,2602,30,0,5,0,79,,2603,1,0,5,0,21,,2603,30,0,5,0,79,,2604,1,0,5,0,21,,2604,30,0,5,0,79,,2605,1,0,5,0,21,,2605,30,0,5,0,79,,2607,1,0,5,0,21,,2607,30,0,5,0,79,,2608,1,0,5,0,21,,2608,30,0,5,0,84,,2609,1,0,5,0,21,,2609,30,0,5,0,79,,2610,1,0,5,0,21,,2610,30,0,5,0,84,,2611,1,0,5,0,61,,2611,30,0,5,0,39,,2606,1,0,5,0,61,,2606,30,0,5,0,39,,2600,1,0,5,0,61,,2600,30,0,5,0,48,,2601,1,0,5,0,61,,2601,30,4,,0
100,'Weekday-01',549,,2624,1,0,8,0,10,,2650,1,0,8,0,45,,2625,1,0,8,0,15,,2626,1,0,8,0,15,,2627,1,0,8,0,20,,2613,1,0,5,0,55,,2630,1,0,8,0,15,,2614,1,0,5,0,20,,2615,1,0,5,0,60,,2616,1,0,5,0,30,,2617,1,0,5,0,20,,2618,1,0,5,0,60,,2619,1,0,5,0,30,,2635,1,0,5,0,70,,2636,1,0,5,0,30,,2637,1,0,5,0,70,,2638,1,0,5,0,30,,2631,1,0,8,0,70,,2632,1,0,8,0,35,,2628,1,0,8,0,70,,2629,1,0,8,0,25,,2633,1,0,8,0,70,,2634,1,0,8,0,30,,2657,1,0,8,0,15,,2651,1,0,8,0,55,,2639,1,0,5,0,15,,2652,1,0,8,0,15,,2640,1,0,5,0,15,,2653,1,0,8,0,55,,2620,1,0,5,0,15,,2654,1,0,8,0,15,,2621,1,0,5,0,15,,2655,1,0,8,0,55,,2622,1,0,5,0,30,,2656,1,0,8,0,60,,2623,1,0,5,0,6,,2641,1,0,5,0,24,,2641,30,0,5,0,6,,2642,1,0,5,0,64,,2642,30,0,5,0,16,,2658,1,0,8,0,10,,2645,1,0,8,0,14,,2658,30,0,8,0,10,,2645,30,0,8,0,46,,2646,1,0,8,0,24,,2646,30,0,8,0,6,,2647,1,0,8,0,24,,2647,30,0,8,0,76,,2648,1,0,8,0,20,,2649,1,0,8,0,4,,2648,30,0,8,0,60,,2649,30,0,8,0,36,,2643,1,0,5,0,64,,2643,30,0,5,0,36,,2644,1,0,5,0,60,,2659,1,0,5,0,2,,2644,30,0,5,0,14,,2659,30,4,,0,14,,2660,1,0,5,0,16,,2660,30,4,,0
101,'Saturday-01',714,,2661,19,4,,0,30,,2662,58,4,,0,70,,2663,58,4,,0,35,,2693,54,4,,0,70,,2682,54,4,,0,30,,2683,54,4,,0,70,,2684,54,4,,0,30,,2685,54,4,,0,70,,2686,54,4,,0,30,,2687,54,4,,0,70,,2688,54,4,,0,30,,2689,54,4,,0,70,,2672,56,4,,0,25,,2664,58,4,,0,70,,2665,58,4,,0,10,,2673,56,4,,0,35,,2674,56,4,,0,75,,2666,58,4,,0,80,,2667,58,4,,0,15,,2678,56,4,,0,80,,2679,54,4,,0,30,,2680,54,4,,0,80,,2675,56,4,,0,30,,2676,56,4,,0,70,,2677,56,4,,0,99,,2690,54,4,,0,30,,2691,54,4,,0,95,,2668,58,4,,0,83,,2669,58,4,,0,20,,2681,54,4,,0,100,,2670,58,4,,0,85,,2671,58,4,,0
101,'Sunday-01',830,,2694,54,4,,0,100,,2695,56,4,,0,100,,2696,56,4,,0,100,,2697,56,4,,0,100,,2698,56,4,,0,105,,2701,58,4,,0,100,,2702,58,4,,0,105,,2703,58,4,,0,100,,2704,58,4,,0,100,,2699,56,4,,0,109,,2700,56,4,,0
101,'Weekday-01',549,,2705,9,4,,0,55,,2706,9,4,,0,30,,2753,54,4,,0,16,,2708,45,4,,0,50,,2736,54,4,,0,24,,2725,45,4,,0,20,,2709,58,4,,0,15,,2710,58,4,,0,55,,2711,58,4,,0,6,,2737,54,4,,0,9,,2712,58,4,,0,21,,2707,45,4,,0,60,,2739,54,4,,0,20,,2740,54,4,,0,70,,2752,54,4,,0,40,,2741,54,4,,0,74,,2742,54,4,,0,30,,2743,54,4,,0,70,,2744,54,4,,0,30,,2745,54,4,,0,100,,2713,58,4,,0,70,,2714,58,4,,0,30,,2715,58,4,,0,70,,2716,58,4,,0,30,,2717,58,4,,0,70,,2718,58,4,,0,11,,2726,56,4,,0,10,,2727,56,4,,0,10,,2746,54,4,,0,60,,2728,56,4,,0,14,,2747,54,4,,0,16,,2729,56,4,,0,9,,2748,54,4,,0,60,,2730,56,4,,0,6,,2749,54,4,,0,25,,2731,56,4,,0,5,,2750,54,4,,0,80,,2732,56,4,,0,10,,2751,54,4,,0,70,,2738,54,4,,0,30,,2734,54,4,,0,90,,2719,58,4,,0,20,,2720,58,4,,0,75,,2721,58,4,,0,30,,2722,58,4,,0,100,,2723,58,4,,0,65,,2724,58,4,,0,30,,2735,54,4,,0
500,'Saturday-01',712,,3313,20,,,0,100,,3314,20,,,0,100,,3315,20,,,0,100,,3316,20,,,0,100,,3317,20,,,0,100,,3318,20,,,0,100,,3319,20,,,0,100,,3320,20,,,0,100,,3321,20,,,0,100,,3322,20,,,0,100,,3323,20,,,0,102,,3324,20,,,0
500,'Weekday-01',624,,3325,20,,,0,30,,3326,20,,,0,70,,3327,20,,,0,30,,3328,20,,,0,70,,3329,20,,,0,90,,3330,20,,,0,100,,3331,20,,,0,100,,3332,20,,,0,100,,3333,20,,,0,100,,3334,20,,,0,100,,3335,20,,,0,100,,3336,20,,,0,34,,3341,7,,,0,76,,3337,20,,,0,30,,3338,20,,,0,70,,3339,20,,,0,35,,3340,20,,,0
600,'Weekday-01',639,,3374,27,,,0,70,,3375,27,,,0,30,,3376,27,,,0,70,,3377,27,,,0,30,,3378,27,,,0,70,,3386,27,4,,0,30,,3387,27,4,,0,500,,3379,27,,,0,100,,3380,27,,,0,70,,3381,27,,,0,30,,3382,27,,,0,70,,3383,27,,,0,30,,3384,27,,,0,70,,3385,27,,,0
4001,'Saturday-01',630,,4651,40,,,0,100,,4652,40,,,0,70,,4653,40,,,0,30,,4654,40,,,0,70,,4655,40,,,0,30,,4656,40,,,0,70,,4657,40,,,0,30,,4658,40,,,0,70,,4659,40,,,0,30,,4660,40,,,0,70,,4661,40,,,0,30,,4662,40,,,0,70,,4663,40,,,0,30,,4664,40,,,0,70,,4665,40,,,0,30,,4666,40,,,0,70,,4667,40,,,0,30,,4668,40,,,0,70,,4669,40,,,0,30,,4670,40,,,0,70,,4671,40,,,0,30,,4672,40,,,0,70,,4673,40,,,0,30,,4674,40,,,0,70,,4675,40,,,0,30,,4676,40,,,0,70,,4677,40,,,0,30,,4678,40,,,0,70,,4679,40,,,0,30,,4680,40,,,0,70,,4681,40,,,0,30,,4682,40,,,0,70,,4683,40,,,0,30,,4684,40,,,0,100,,4685,40,,,0
4001,'Sunday-01',830,,4687,40,,,0,70,,4688,40,,,0,30,,4689,40,,,0,70,,4690,40,,,0,30,,4691,40,,,0,70,,4692,40,,,0,30,,4693,40,,,0,70,,4694,40,,,0,30,,4695,40,,,0,70,,4696,40,,,0,30,,4697,40,,,0,70,,4698,40,,,0,30,,4699,40,,,0,70,,4700,40,,,0,30,,4701,40,,,0,70,,4702,40,,,0,30,,4703,40,,,0,70,,4704,40,,,0,30,,4705,40,,,0,70,,4706,40,,,0,30,,4707,40,,,0
4001,'Weekday-01',630,,4743,40,,,0,70,,4708,40,,,0,30,,4709,40,,,0,70,,4710,40,,,0,30,,4711,40,,,0,70,,4712,40,,,0,30,,4713,40,,,0,70,,4714,40,,,0,30,,4715,40,,,0,70,,4716,40,,,0,30,,4717,40,,,0,70,,4718,40,,,0,30,,4719,40,,,0,70,,4720,40,,,0,30,,4721,40,,,0,70,,4722,40,,,0,30,,4723,40,,,0,70,,4724,40,,,0,30,,4725,40,,,0,70,,4726,40,,,0,30,,4727,40,,,0,70,,4728,40,,,0,30,,4729,40,,,0,70,,4730,40,,,0,30,,4731,40,,,0,70,,4732,40,,,0,30,,4733,40,,,0,70,,4734,40,,,0,30,,4735,40,,,0,70,,4736,40,,,0,30,,4737,40,,,0,70,,4738,40,,,0,30,,4739,40,,,0,70,,4740,40,,,0,30,,4741,40,,,0,100,,4742,40,,,0
