700,'Saturday-01',647,,3402,51,,,0,100,,3403,51,,,0,70,,3404,51,,,0,30,,3405,51,,,0,70,,3406,51,,,0,30,,3407,51,,,0,70,,3408,51,,,0,30,,3409,51,,,0,70,,3410,51,,,0,30,,3411,51,,,0,70,,3412,51,,,0,30,,3413,51,,,0,70,,3414,51,,,0,30,,3415,51,,,0,70,,3416,51,,,0,30,,3417,51,,,0,70,,3418,51,,,0,30,,3419,51,,,0,70,,3420,51,,,0,30,,3421,51,,,0,70,,3422,51,,,0,30,,3423,51,,,0,71,,3424,51,,,0,84,,3425,51,,,0,45,,3426,51,,,0,70,,3427,51,,,0,99,,3428,51,,,0,100,,3429,51,,,0,100,,3430,51,,,0,100,,3431,51,,,0
700,'Sunday-01',848,,3442,51,,,0,70,,3443,51,,,0,30,,3444,51,,,0,70,,3445,51,,,0,30,,3446,51,,,0,70,,3447,51,,,0,30,,3448,51,,,0,70,,3449,51,,,0,30,,3450,51,,,0,70,,3451,51,,,0,30,,3441,51,,,0,70,,3437,51,,,0,30,,3432,51,,,0,70,,3433,51,,,0,30,,3434,51,,,0,70,,3435,51,,,0,30,,3436,51,,,0,70,,3438,51,,,0,30,,3439,51,,,0,70,,3440,51,,,0
700,'Weekday-01',618,,3452,51,,,0,30,,3453,51,,,0,55,,3454,51,0,7,0,15,,3455,51,,,0,15,,3456,51,,,0,15,,3457,51,,,0,55,,3458,51,,,0,15,,3459,51,,,0,15,,3460,51,,,0,15,,3461,51,,,0,55,,3462,51,,,0,15,,3463,51,,,0,30,,3464,51,,,0,70,,3465,51,,,0,30,,3466,51,,,0,70,,3467,51,,,0,30,,3468,51,,,0,70,,3469,51,,,0,30,,3470,51,,,0,70,,3471,51,,,0,30,,3472,51,,,0,70,,3473,51,,,0,30,,3474,51,,,0,65,,3475,51,,,0,30,,3476,51,,,0,70,,3477,51,,,0,30,,3478,51,,,0,70,,3479,51,,,0,30,,3480,51,,,0,75,,3481,51,,,0,85,,3482,51,,,0,45,,3483,51,,,0,69,,3484,51,,,0,100,,3485,51,,,0,100,,3486,51,,,0,100,,3487,51,,,0,100,,3488,51,,,0
801,'Saturday-01',653,,3643,51,,,0,100,,3644,51,,,0,100,,3645,51,,,0,70,,3665,6,,,0,30,,3646,51,,,0,70,,3647,51,,,0,30,,3648,51,,,0,70,,3649,51,,,0,30,,3650,51,,,0,70,,3651,51,,,0,30,,3652,51,,,0,70,,3653,51,,,0,30,,3654,51,,,0,70,,3655,51,,,0,30,,3656,51,,,0,70,,3657,51,,,0,30,,3658,51,,,0,70,,3659,51,,,0,30,,3660,51,,,0,70,,3661,51,,,0,30,,3662,51,,,0,65,,3642,51,,,0,100,,3641,51,,,0,100,,3664,51,,,0,100,,3663,51,,,0
801,'Sunday-01',833,,3666,51,,,0,100,,3667,51,,,0,100,,3668,51,,,0,100,,3669,51,,,0,100,,3670,51,,,0,100,,3671,51,,,0,100,,3672,51,,,0,100,,3673,51,,,0,100,,3674,51,,,0,100,,3675,51,,,0,100,,3676,51,,,0
801,'Weekday-01',559,,3677,51,,,0,75,,3678,51,,,0,75,,3679,51,,,0,35,,3680,51,,,0,75,,3681,51,,,0,35,,3682,51,,,0,75,,3683,51,,,0,75,,3684,51,,,0,35,,3685,51,,,0,75,,3686,51,,,0,35,,3687,51,,,0,75,,3688,51,,,0,35,,3689,51,,,0,75,,3690,51,,,0,75,,3691,51,,,0,35,,3692,51,,,0,75,,3693,51,,,0,35,,3694,51,,,0,75,,3695,51,,,0,75,,3696,51,,,0,35,,3697,51,,,0,110,,3698,51,,,0,110,,3699,51,,,0,150,,3700,51,,,0
1500,'Saturday-01',814,,4161,6,,,0,90,,4163,28,,,0,50,,4164,28,,,0,90,,4165,28,,,0,90,,4166,28,,,0,90,,4167,28,,,0,90,,4168,28,,,0,90,,4169,28,,,0,50,,4170,28,,,0,90,,4171,28,,,0,90,,4172,28,,,0,90,,4173,28,,,0,89,,4162,28,,,0
1500,'Weekday-01',814,,4186,6,,,0,90,,4174,28,,,0,50,,4176,28,,,0,90,,4177,28,,,0,90,,4178,28,,,0,90,,4179,28,,,0,90,,4180,28,,,0,90,,4181,28,,,0,50,,4182,28,,,0,90,,4183,28,,,0,90,,4184,28,,,0,90,,4185,28,,,0,89,,4175,28,,,0
6000,'Saturday-01',702,,4905,6,,,0,40,,4906,6,,,0,80,,4907,6,,,0,80,,4908,6,,,0,40,,4909,6,,,0,80,,4910,6,,,0,80,,4911,6,,,0,40,,4912,6,,,0,80,,4913,6,,,0,80,,4914,6,,,0,40,,4915,6,,,0,80,,4916,6,,,0,80,,4917,6,,,0,40,,4918,6,,,0,80,,4919,6,,,0,80,,4920,6,,,0,40,,4921,6,,,0,80,,4922,6,,,0,80,,4923,6,,,0,40,,4924,6,,,0,80,,4925,6,,,0,80,,4926,6,,,0,40,,4927,6,,,0,80,,4928,6,,,0,80,,4929,6,,,0,37,,4930,6,,,0,80,,4931,6,,,0
6000,'Sunday-01',837,,4932,6,,,0,80,,4935,6,,,0,40,,4936,6,,,0,80,,4937,6,,,0,80,,4938,6,,,0,40,,4939,6,,,0,80,,4940,6,,,0,80,,4941,6,,,0,40,,4942,6,,,0,80,,4943,6,,,0,80,,4944,6,,,0,40,,4945,6,,,0,80,,4946,6,,,0,80,,4947,6,,,0,40,,4933,6,,,0,80,,4934,6,,,0
6000,'Weekday-01',637,,4981,6,,,0,65,,4948,6,,,0,25,,4949,6,,,0,25,,4950,6,,,0,65,,4951,6,,,0,35,,4952,6,,,0,80,,4953,6,,,0,75,,4954,6,,,0,40,,4955,6,,,0,80,,4956,6,,,0,80,,4957,6,,,0,40,,4958,6,,,0,80,,4959,6,,,0,80,,4960,6,,,0,25,,4961,6,,,0,25,,4962,6,,,0,65,,4963,6,,,0,25,,4964,6,,,0,65,,4965,6,,,0,25,,4966,6,,,0,65,,4967,6,,,0,25,,4968,6,,,0,25,,4969,6,,,0,65,,4970,6,,,0,25,,4971,6,,,0,65,,4972,6,,,0,25,,4973,6,,,0,25,,4974,6,,,0,75,,4975,6,,,0,80,,4976,6,,,0,40,,4977,6,,,0,80,,4978,6,,,0,80,,4979,6,,,0,37,,4980,6,,,0,70,,4982,6,,,0
