100,'Saturday-01',617,,2565,28,0,5,0,30,,2566,28,0,5,0,100,,2571,28,0,5,0,70,,2572,28,0,5,0,30,,2573,28,0,5,0,70,,2574,28,0,5,0,30,,2575,28,0,5,0,70,,2576,28,0,5,0,30,,2577,28,0,5,0,70,,2578,28,0,5,0,30,,2579,28,0,5,0,55,,2584,3,0,5,0,15,,2567,28,0,5,0,30,,2568,28,0,5,0,70,,2589,28,0,5,0,30,,2590,28,0,5,0,60,,2569,28,0,5,0,30,,2570,28,0,5,0,70,,2585,28,0,5,0,30,,2586,28,0,5,0,70,,2587,28,0,5,0,30,,2588,28,0,5,0,70,,2591,28,0,5,0,30,,2592,28,0,5,0,70,,2593,28,0,5,0,109,,2580,57,0,5,0,30,,2581,57,0,5,0,70,,2594,57,0,5,0,43,,2595,57,0,5,0,70,,2582,57,0,5,0,95,,2596,57,0,5,0,85,,2597,57,0,5,0,18,,2598,57,0,5,0,105,,2583,57,0,5,0
100,'Sunday-01',814,,2602,57,0,5,0,100,,2603,57,0,5,0,100,,2604,57,0,5,0,100,,2605,57,0,5,0,100,,2607,57,0,5,0,100,,2608,57,0,5,0,105,,2609,57,0,5,0,100,,2610,57,0,5,0,105,,2611,57,0,5,0,100,,2606,57,0,5,0,108,,2600,57,0,5,0
100,'Weekday-01',602,,2612,3,0,5,0,15,,2624,28,0,8,0,10,,2650,28,0,8,0,5,,2625,28,0,8,0,15,,2626,28,0,8,0,55,,2627,28,0,8,0,20,,2613,28,0,5,0,15,,2630,28,0,8,0,15,,2614,28,0,5,0,60,,2615,28,0,5,0,20,,2616,28,0,5,0,70,,2617,28,0,5,0,20,,2618,28,0,5,0,20,,2619,28,0,5,0,75,,2635,30,0,5,0,30,,2636,30,0,5,0,70,,2637,30,0,5,0,30,,2638,30,0,5,0,70,,2631,30,0,8,0,30,,2632,30,0,8,0,70,,2628,28,0,8,0,30,,2629,28,0,8,0,70,,2633,30,0,8,0,30,,2634,30,0,8,0,70,,2657,30,0,8,0,10,,2651,28,0,8,0,20,,2639,30,0,5,0,10,,2652,28,0,8,0,60,,2640,30,0,5,0,10,,2653,28,0,8,0,15,,2620,28,0,5,0,15,,2654,28,0,8,0,55,,2621,28,0,5,0,15,,2655,28,0,8,0,15,,2622,28,0,5,0,70,,2656,28,0,8,0,20,,2623,28,0,5,0,70,,2641,57,0,5,0,30,,2642,57,0,5,0,75,,2658,57,0,8,0,10,,2645,57,0,8,0,35,,2646,57,0,8,0,70,,2647,57,0,8,0,100,,2648,57,0,8,0,20,,2649,57,0,8,0,100,,2643,57,0,5,0,88,,2644,57,0,5,0
201,'Saturday-01',646,,2849,38,,,0,70,,2850,38,,,0,30,,2851,38,,,0,70,,2852,38,,,0,30,,2853,38,,,0,70,,2854,38,,,0,30,,2855,38,,,0,70,,2856,38,,,0,30,,2857,38,,,0,70,,2858,38,,,0,30,,2859,38,,,0,70,,2860,38,,,0,30,,2861,38,,,0,70,,2862,38,,,0,30,,2863,38,,,0,70,,2864,38,,,0,30,,2865,38,,,0,70,,2866,38,,,0,30,,2867,38,,,0,70,,2868,38,,,0,30,,2869,38,,,0,70,,2870,38,,,0,30,,2871,38,,,0,70,,2872,38,,,0,30,,2873,38,,,0,70,,2874,38,,,0,30,,2875,38,,,0,70,,2876,38,,,0,30,,2877,38,,,0,70,,2878,38,,,0,100,,2879,38,,,0,100,,2880,38,,,0,100,,2881,38,,,0
201,'Sunday-01',832,,2882,38,,,0,70,,2883,38,,,0,30,,2884,38,,,0,70,,2885,38,,,0,30,,2886,38,,,0,70,,2887,38,,,0,30,,2888,38,,,0,70,,2889,38,,,0,30,,2890,38,,,0,70,,2891,38,,,0,30,,2892,38,,,0,70,,2893,38,,,0,30,,2894,38,,,0,70,,2895,38,,,0,30,,2896,38,,,0,70,,2897,38,,,0,30,,2898,38,,,0,70,,2899,38,,,0,30,,2900,38,,,0,70,,2901,38,,,0
201,'Weekday-01',616,,2904,38,,,0,30,,2905,38,,,0,55,,2906,38,,,0,15,,2907,38,,,0,15,,2908,38,,,0,15,,2909,38,,,0,55,,2910,38,,,0,15,,2945,38,,,0,15,,2911,38,,,0,15,,2912,38,,,0,70,,2944,38,,,0,30,,2913,38,,,0,70,,2914,38,,,0,30,,2915,38,,,0,70,,2916,38,,,0,30,,2917,38,,,0,70,,2918,38,,,0,30,,2919,38,,,0,70,,2920,38,,,0,25,,2921,38,,,0,70,,2922,38,,,0,35,,2923,38,,,0,70,,2924,38,,,0,15,,2925,38,,,0,15,,2926,38,,,0,55,,2927,38,,,0,15,,2928,38,,,0,15,,2929,38,,,0,15,,2930,38,,,0,55,,2931,38,,,0,15,,2932,38,,,0,30,,2933,38,,,0,70,,2934,38,,,0,30,,2935,38,,,0,70,,2936,38,,,0,30,,2937,38,,,0,70,,2938,38,,,0,30,,2939,38,,,0,70,,2940,38,,,0,100,,2941,38,,,0,100,,2942,38,,,0,100,,2943,38,,,0
301,'Saturday-01',706,,3065,16,,,0,30,,3042,16,,,0,70,,3043,16,,,0,30,,3044,16,,,0,70,,3045,16,,,0,30,,3046,16,,,0,70,,3047,16,,,0,30,,3048,16,,,0,70,,3049,16,,,0,30,,3066,16,,,0,70,,3050,16,,,0,30,,3067,16,,,0,70,,3068,16,,,0,30,,3069,16,,,0,70,,3070,16,,,0,30,,3051,16,,,0,70,,3052,16,,,0,30,,3071,16,,,0,70,,3053,16,,,0,30,,3054,16,,,0,70,,3055,16,,,0,30,,3056,16,,,0,70,,3072,16,,,0,30,,3073,16,,,0,80,,3057,15,,,0,30,,3058,15,,,0,70,,3059,15,,,0,30,,3060,15,,,0,70,,3061,15,,,0,100,,3062,15,,,0,100,,3063,15,,,0,100,,3064,15,,,0
301,'Sunday-01',831,,3074,16,,,0,70,,3085,16,,,0,30,,3086,16,,,0,70,,3087,16,,,0,30,,3088,16,,,0,70,,3089,16,,,0,30,,3090,16,,,0,70,,3091,16,,,0,30,,3092,16,,,0,70,,3093,16,,,0,30,,3094,16,,,0,70,,3075,16,,,0,30,,3076,16,,,0,70,,3077,16,,,0,30,,3078,16,,,0,70,,3079,16,,,0,30,,3080,16,,,0,70,,3081,16,,,0,30,,3082,16,,,0,70,,3083,16,,,0,30,,3084,16,,,0
301,'Weekday-01',601,,3095,16,,,0,30,,3096,16,,,0,70,,3097,16,,,0,15,,3098,16,,,0,15,,3099,16,,,0,15,,3100,16,,,0,55,,3101,16,,,0,15,,3102,16,,,0,15,,3103,16,,,0,70,,3104,16,,,0,30,,3105,16,,,0,70,,3106,16,,,0,30,,3107,16,,,0,70,,3108,16,,,0,30,,3109,16,,,0,70,,3110,16,,,0,30,,3111,16,,,0,70,,3112,16,,,0,30,,3113,16,,,0,70,,3114,16,,,0,30,,3115,16,,,0,70,,3116,16,,,0,15,,3117,16,,,0,15,,3118,16,,,0,15,,3119,16,,,0,55,,3120,16,,,0,30,,3121,16,,,0,15,,3122,16,,,0,55,,3123,16,,,0,15,,3124,16,,,0,30,,3125,16,,,0,70,,3126,15,,,0,30,,3127,15,,,0,70,,3128,15,,,0,30,,3129,15,,,0,70,,3130,15,,,0,30,,3131,15,,,0,70,,3132,15,,,0,30,,3136,15,,,0,70,,3135,16,,,0,100,,3133,15,,,0,100,,3134,15,,,0
500,'Saturday-01',701,,3313,3,,,0,100,,3314,3,,,0,100,,3315,3,,,0,100,,3316,3,,,0,100,,3317,3,,,0,100,,3318,3,,,0,100,,3319,3,,,0,100,,3320,3,,,0,100,,3321,3,,,0,100,,3322,3,,,0,100,,3323,3,,,0,100,,3324,3,,,0
500,'Weekday-01',611,,3325,3,,,0,30,,3326,3,,,0,70,,3327,3,,,0,30,,3328,3,,,0,70,,3329,3,,,0,90,,3330,3,,,0,100,,3331,3,,,0,100,,3332,3,,,0,100,,3333,3,,,0,100,,3334,3,,,0,100,,3335,3,,,0,100,,3336,3,,,0,110,,3337,3,,,0,30,,3338,3,,,0,70,,3339,3,,,0,35,,3340,3,,,0
1201,'Saturday-01',646,,4090,41,,,0,100,,4091,41,,,0,100,,4092,41,,,0,70,,4096,51,,,0,30,,4097,51,,,0,70,,4098,51,,,0,30,,4099,51,,,0,70,,4100,51,,,0,30,,4101,51,,,0,70,,4102,51,,,0,30,,4103,51,,,0,70,,4104,51,,,0,30,,4105,51,,,0,70,,4106,51,,,0,30,,4107,51,,,0,70,,4108,51,,,0,30,,4109,51,,,0,70,,4110,51,,,0,30,,4111,51,,,0,70,,4112,51,,,0,30,,4095,51,,,0,70,,4094,51,,,0,100,,4093,38,,,0,100,,4116,38,,,0,100,,4117,38,,,0,100,,4113,38,,,0,100,,4114,38,,,0,100,,4115,38,,,0
1201,'Sunday-01',831,,4118,41,,,0,100,,4119,41,,,0,100,,4120,41,,,0,100,,4121,41,,,0,100,,4122,41,,,0,100,,4123,41,,,0,100,,4124,41,,,0,100,,4125,41,,,0,100,,4126,41,,,0,100,,4127,41,,,0,100,,4128,41,,,0
1201,'Weekday-01',617,,4155,3,,,0,29,,4156,48,,,0,70,,4157,48,,,0,30,,4158,48,,,0,70,,4159,48,,,0,30,,4160,48,,,0,70,,4135,51,,,0,30,,4146,51,,,0,70,,4147,51,,,0,30,,4148,51,,,0,70,,4149,51,,,0,30,,4150,51,,,0,70,,4151,51,,,0,30,,4152,51,,,0,70,,4153,51,,,0,30,,4136,51,,,0,70,,4137,51,,,0,30,,4138,51,,,0,70,,4139,51,,,0,30,,4145,51,,,0,70,,4140,51,,,0,30,,4141,51,,,0,70,,4142,51,,,0,30,,4143,51,,,0,70,,4144,51,,,0,100,,4129,38,,,0,100,,4130,38,,,0,100,,4131,38,,,0,100,,4132,38,,,0,100,,4133,38,,,0,100,,4134,38,,,0
2400,'Weekday-01',555,,4457,2,,,0,60,,4458,2,,,0,20,,4459,2,,,0,20,,4460,2,,,0,60,,4461,2,,,0,20,,4462,2,,,0,20,,4463,2,,,0,60,,4464,2,,,0,20,,4465,2,,,0,20,,4466,2,,,0,700,,4467,2,,,0,80,,4468,2,,,0,80,,4469,2,,,0,40,,4470,2,,,0,80,,4471,2,,,0,80,,4472,2,,,0,40,,4473,2,,,0,80,,4474,2,,,0,20,,4475,2,,,0,60,,4476,2,,,0,20,,4477,2,,,0,20,,4478,2,,,0,60,,4479,2,,,0,20,,4480,2,,,0,20,,4481,2,,,0,60,,4482,2,,,0,20,,4483,2,,,0,20,,4484,2,,,0,60,,4485,2,,,0
3001,'Weekday-01',733,,4540,10,,,0,70,,4534,10,,,0,30,,4541,10,,,0,70,,4542,10,,,0,30,,4543,10,,,0,70,,4544,10,,,0,30,,4535,10,,,0,70,,4536,10,,,0,30,,4545,10,,,0,78,,4546,10,,,0,30,,4547,10,,,0,70,,4548,10,,,0,31,,4549,10,,,0,70,,4537,10,,,0,30,,4550,10,,,0,70,,4551,10,,,0,30,,4552,10,,,0,70,,4553,10,,,0,30,,4538,10,,,0,70,,4539,10,,,0,30,,4554,10,,,0
4001,'Saturday-01',620,,4651,36,,,0,100,,4652,36,,,0,30,,4653,36,,,0,70,,4654,36,,,0,30,,4655,36,,,0,70,,4656,36,,,0,30,,4657,36,,,0,70,,4658,36,,,0,30,,4659,36,,,0,70,,4660,36,,,0,30,,4661,36,,,0,70,,4662,36,,,0,30,,4663,36,,,0,70,,4664,36,,,0,30,,4665,36,,,0,70,,4666,36,,,0,30,,4667,36,,,0,70,,4668,36,,,0,30,,4669,36,,,0,70,,4670,36,,,0,30,,4671,36,,,0,70,,4672,36,,,0,30,,4673,36,,,0,70,,4674,36,,,0,30,,4675,36,,,0,70,,4676,36,,,0,30,,4677,36,,,0,70,,4678,36,,,0,30,,4679,36,,,0,70,,4680,36,,,0,30,,4681,36,,,0,70,,4682,36,,,0,30,,4683,36,,,0,70,,4684,36,,,0,100,,4685,36,,,0
4001,'Sunday-01',820,,4687,36,,,0,30,,4688,36,,,0,70,,4689,36,,,0,30,,4690,36,,,0,70,,4691,36,,,0,30,,4692,36,,,0,70,,4693,36,,,0,30,,4694,36,,,0,70,,4695,36,,,0,30,,4696,36,,,0,70,,4697,36,,,0,30,,4698,36,,,0,70,,4699,36,,,0,30,,4700,36,,,0,70,,4701,36,,,0,30,,4702,36,,,0,70,,4703,36,,,0,30,,4704,36,,,0,70,,4705,36,,,0,30,,4706,36,,,0,70,,4707,36,,,0
4001,'Weekday-01',620,,4743,36,,,0,30,,4708,36,,,0,70,,4709,36,,,0,30,,4710,36,,,0,70,,4711,36,,,0,30,,4712,36,,,0,70,,4713,36,,,0,30,,4714,36,,,0,70,,4715,36,,,0,30,,4716,36,,,0,70,,4717,36,,,0,30,,4718,36,,,0,70,,4719,36,,,0,30,,4720,36,,,0,70,,4721,36,,,0,30,,4722,36,,,0,70,,4723,36,,,0,30,,4724,36,,,0,70,,4725,36,,,0,30,,4726,36,,,0,70,,4727,36,,,0,30,,4728,36,,,0,70,,4729,36,,,0,30,,4730,36,,,0,70,,4731,36,,,0,30,,4732,36,,,0,70,,4733,36,,,0,30,,4734,36,,,0,70,,4735,36,,,0,30,,4736,36,,,0,70,,4737,36,,,0,30,,4738,36,,,0,70,,4739,36,,,0,30,,4740,36,,,0,70,,4741,36,,,0,100,,4742,36,,,0
