401,'Saturday-01',638,,3257,27,,,0,70,,3256,27,,,0,30,,3225,27,,,0,70,,3255,27,,,0,30,,3226,27,,,0,70,,3254,27,,,0,30,,3253,27,,,0,70,,3227,27,,,0,30,,3252,27,,,0,70,,3228,27,,,0,30,,3251,27,,,0,70,,3250,27,,,0,30,,3249,27,,,0,70,,3248,27,,,0,30,,3229,27,,,0,70,,3247,27,,,0,30,,3230,27,,,0,70,,3231,27,,,0,30,,3246,27,,,0,70,,3232,27,,,0,30,,3233,27,,,0,70,,3234,27,,,0,30,,3235,27,,,0,70,,3236,27,,,0,30,,3245,27,,,0,70,,3244,27,,,0,30,,3243,27,,,0,70,,3237,27,,,0,30,,3238,27,,,0,75,,3242,27,,,0,100,,3241,27,,,0,100,,3240,27,,,0,100,,3239,27,,,0
401,'Sunday-01',828,,3258,27,,,0,30,,3269,27,,,0,70,,3259,27,,,0,30,,3270,27,,,0,70,,3260,27,,,0,30,,3271,27,,,0,70,,3261,27,,,0,30,,3272,27,,,0,70,,3262,27,,,0,30,,3273,27,,,0,70,,3263,27,,,0,30,,3274,27,,,0,70,,3264,27,,,0,30,,3275,27,,,0,70,,3265,27,,,0,30,,3276,27,,,0,70,,3266,27,,,0,30,,3277,27,,,0,70,,3267,27,,,0,30,,3278,27,,,0,70,,3268,27,,,0
401,'Weekday-01',552,,3279,27,,,0,70,,3280,27,,,0,30,,3281,27,,,0,70,,3282,27,,,0,30,,3283,27,,,0,70,,3284,27,,,0,30,,3285,27,,,0,70,,3286,27,,,0,30,,3287,27,,,0,70,,3288,27,,,0,30,,3289,27,,,0,70,,3290,27,,,0,30,,3291,27,,,0,70,,3292,27,,,0,30,,3293,27,,,0,70,,3294,27,,,0,30,,3295,27,,,0,70,,3296,27,,,0,30,,3297,27,,,0,70,,3298,27,,,0,30,,3299,27,,,0,70,,3300,27,,,0,30,,3301,27,,,0,70,,3302,27,,,0,30,,3303,27,,,0,69,,3304,27,,,0,92,,3305,27,,,0,25,,3306,27,,,0,70,,3307,27,,,0,30,,3308,27,,,0,75,,3309,27,,,0,100,,3310,27,,,0,100,,3311,27,,,0,100,,3312,27,,,0
700,'Saturday-01',641,,3402,44,,,0,100,,3403,44,,,0,70,,3404,44,,,0,30,,3405,44,,,0,70,,3406,44,,,0,30,,3407,44,,,0,70,,3408,44,,,0,30,,3409,44,,,0,70,,3410,44,,,0,30,,3411,44,,,0,70,,3412,44,,,0,30,,3413,44,,,0,70,,3414,44,,,0,30,,3415,44,,,0,70,,3416,44,,,0,30,,3417,44,,,0,70,,3418,44,,,0,30,,3419,44,,,0,70,,3420,44,,,0,30,,3421,44,,,0,70,,3422,44,,,0,30,,3423,44,,,0,70,,3424,44,,,0,45,,3425,44,,,0,85,,3426,44,,,0,70,,3427,44,,,0,100,,3428,44,,,0,100,,3429,44,,,0,100,,3430,44,,,0,100,,3431,44,,,0
700,'Sunday-01',841,,3442,44,,,0,70,,3443,44,,,0,30,,3444,44,,,0,70,,3445,44,,,0,30,,3446,44,,,0,70,,3447,44,,,0,30,,3448,44,,,0,70,,3449,44,,,0,30,,3450,44,,,0,70,,3451,44,,,0,30,,3441,44,,,0,70,,3437,44,,,0,30,,3432,44,,,0,70,,3433,44,,,0,30,,3434,44,,,0,70,,3435,44,,,0,30,,3436,44,,,0,70,,3438,44,,,0,30,,3439,44,,,0,70,,3440,44,,,0
700,'Weekday-01',611,,3452,44,,,0,30,,3453,44,,,0,15,,3454,44,0,7,0,55,,3455,44,,,0,15,,3456,44,,,0,15,,3457,44,,,0,15,,3458,44,,,0,55,,3459,44,,,0,15,,3460,44,,,0,15,,3461,44,,,0,15,,3462,44,,,0,55,,3463,44,,,0,30,,3464,44,,,0,70,,3465,44,,,0,30,,3466,44,,,0,70,,3467,44,,,0,30,,3468,44,,,0,70,,3469,44,,,0,30,,3470,44,,,0,70,,3471,44,,,0,30,,3472,44,,,0,70,,3473,44,,,0,30,,3474,44,,,0,65,,3475,44,,,0,30,,3476,44,,,0,70,,3477,44,,,0,30,,3478,44,,,0,70,,3479,44,,,0,30,,3480,44,,,0,75,,3481,44,,,0,45,,3482,44,,,0,85,,3483,44,,,0,70,,3484,44,,,0,100,,3485,44,,,0,100,,3486,44,,,0,100,,3487,44,,,0,100,,3488,44,,,0
900,'Saturday-01',627,,3701,43,,,0,30,,3702,43,,,0,70,,3703,43,,,0,30,,3704,43,,,0,70,,3705,43,,,0,30,,3706,43,,,0,70,,3707,43,,,0,30,,3708,43,,,0,70,,3709,43,,,0,30,,3710,43,,,0,70,,3711,43,,,0,30,,3712,43,,,0,70,,3713,43,,,0,30,,3714,43,,,0,70,,3715,43,,,0,30,,3716,43,,,0,70,,3717,43,,,0,30,,3718,43,,,0,70,,3719,43,,,0,30,,3720,43,,,0,70,,3721,43,,,0,30,,3722,43,,,0,86,,3723,43,,,0,70,,3724,43,,,0,30,,3725,43,,,0,85,,3726,43,,,0,30,,3728,43,,,0,85,,3729,43,,,0,100,,3730,43,,,0,100,,3731,43,,,0,100,,3727,43,,,0
900,'Sunday-01',757,,3751,43,,,0,70,,3753,43,,,0,30,,3741,43,,,0,70,,3740,43,,,0,30,,3742,43,,,0,70,,3735,43,,,0,30,,3743,43,,,0,70,,3736,43,,,0,30,,3744,43,,,0,70,,3737,43,,,0,30,,3745,43,,,0,70,,3738,43,,,0,30,,3746,43,,,0,70,,3739,43,,,0,30,,3747,43,,,0,70,,3732,43,,,0,30,,3748,43,,,0,70,,3733,43,,,0,30,,3749,43,,,0,70,,3734,43,,,0,30,,3750,43,,,0,70,,3752,43,,,0
900,'Weekday-01',557,,3754,43,,,0,70,,3755,43,,,0,25,,3756,43,,,0,70,,3757,43,,,0,30,,3758,43,,,0,70,,3759,43,,,0,30,,3760,43,,,0,75,,3761,43,,,0,30,,3762,43,,,0,70,,3763,43,,,0,30,,3764,43,,,0,70,,3765,43,,,0,30,,3766,43,,,0,70,,3767,43,,,0,30,,3768,43,,,0,70,,3769,43,,,0,30,,3770,43,,,0,70,,3771,43,,,0,30,,3772,43,,,0,55,,3773,43,,,0,15,,3774,43,,,0,15,,3775,43,,,0,15,,3776,43,,,0,70,,3777,43,,,0,15,,3778,43,,,0,15,,3779,43,,,0,55,,3780,43,,,0,30,,3781,43,,,0,70,,3782,43,,,0,30,,3783,43,,,0,85,,3784,43,,,0,30,,3785,43,,,0,85,,3786,43,,,0,100,,3787,43,,,0,100,,3788,43,,,0,100,,3789,43,,,0
1000,'Saturday-01',641,,3878,17,,,0,100,,3879,17,,,0,100,,3880,17,,,0,71,,3881,17,,,0,30,,3882,17,,,0,70,,3883,17,,,0,30,,3884,17,,,0,70,,3885,17,,,0,30,,3886,17,,,0,70,,3887,17,,,0,30,,3888,17,,,0,70,,3889,17,,,0,30,,3890,17,,,0,70,,3891,17,,,0,30,,3892,17,,,0,70,,3893,17,,,0,30,,3894,17,,,0,70,,3895,17,,,0,30,,3896,17,,,0,70,,3897,17,,,0,30,,3898,17,,,0,70,,3899,17,,,0,45,,3900,17,,,0,85,,3901,17,,,0,85,,3902,17,,,0,86,,3903,17,,,0,98,,3904,17,,,0
1000,'Sunday-01',826,,3905,17,,,0,100,,3906,17,,,0,100,,3907,17,,,0,100,,3908,17,,,0,100,,3909,17,,,0,100,,3910,17,,,0,100,,3911,17,,,0,100,,3912,17,,,0,100,,3913,17,,,0,100,,3914,17,,,0,100,,3915,17,,,0
1000,'Weekday-01',612,,3934,17,,,0,30,,3935,17,,,0,70,,3936,17,,,0,30,,3937,17,,,0,70,,3938,17,,,0,30,,3916,17,,,0,70,,3917,17,,,0,30,,3918,17,,,0,70,,3919,17,,,0,30,,3920,17,,,0,70,,3921,17,,,0,30,,3922,17,,,0,70,,3923,17,,,0,30,,3924,17,,,0,70,,3925,17,,,0,30,,3926,17,,,0,70,,3927,17,,,0,30,,3939,17,,,0,70,,3940,17,,,0,30,,3941,17,,,0,70,,3942,17,,,0,30,,3943,17,,,0,70,,3944,17,,,0,30,,3945,17,,,0,70,,3928,17,,,0,45,,3929,17,,,0,85,,3930,17,,,0,85,,3931,17,,,0,86,,3932,17,,,0,98,,3933,17,,,0
1500,'Saturday-01',855,,4163,21,,,0,90,,4164,21,,,0,90,,4165,21,,,0,90,,4166,21,,,0,90,,4167,21,,,0,90,,4168,21,,,0,50,,4169,21,,,0,90,,4170,21,,,0,90,,4171,21,,,0,90,,4172,21,,,0,90,,4173,21,,,0,90,,4162,21,,,0
1500,'Weekday-01',855,,4174,21,,,0,90,,4176,21,,,0,90,,4177,21,,,0,90,,4178,21,,,0,90,,4179,21,,,0,90,,4180,21,,,0,50,,4181,21,,,0,90,,4182,21,,,0,90,,4183,21,,,0,90,,4184,21,,,0,90,,4185,21,,,0,90,,4175,21,,,0
2400,'Weekday-01',555,,4457,1,,,0,60,,4458,1,,,0,20,,4459,1,,,0,20,,4460,1,,,0,60,,4461,1,,,0,20,,4462,1,,,0,20,,4463,1,,,0,60,,4464,1,,,0,20,,4465,1,,,0,20,,4466,1,,,0,700,,4467,1,,,0,80,,4468,1,,,0,80,,4469,1,,,0,40,,4470,1,,,0,80,,4471,1,,,0,80,,4472,1,,,0,40,,4473,1,,,0,80,,4474,1,,,0,20,,4475,1,,,0,60,,4476,1,,,0,20,,4477,1,,,0,20,,4478,1,,,0,60,,4479,1,,,0,20,,4480,1,,,0,20,,4481,1,,,0,60,,4482,1,,,0,20,,4483,1,,,0,20,,4484,1,,,0,60,,4485,1,,,0
2401,'Weekday-01',615,,4487,17,4,,0,20,,4488,17,4,,0,20,,4489,17,4,,0,60,,4490,17,4,,0,20,,4491,17,4,,0,20,,4492,17,4,,0,60,,4493,17,4,,0,20,,4494,17,4,,0,20,,4495,17,4,,0,60,,4496,17,4,,0,720,,4497,17,4,,0,80,,4498,17,4,,0,40,,4499,17,4,,0,80,,4500,17,4,,0,80,,4501,17,4,,0,40,,4502,17,4,,0,80,,4503,17,4,,0,80,,4504,17,4,,0,20,,4505,17,4,,0,20,,4506,17,4,,0,60,,4507,17,4,,0,20,,4508,17,4,,0,20,,4509,17,4,,0,60,,4510,17,4,,0,20,,4511,17,4,,0,20,,4486,17,4,,0,60,,4512,17,4,,0
4001,'Saturday-01',620,,4651,35,,,0,100,,4652,35,,,0,30,,4653,35,,,0,70,,4654,35,,,0,30,,4655,35,,,0,70,,4656,35,,,0,30,,4657,35,,,0,70,,4658,35,,,0,30,,4659,35,,,0,70,,4660,35,,,0,30,,4661,35,,,0,70,,4662,35,,,0,30,,4663,35,,,0,70,,4664,35,,,0,30,,4665,35,,,0,70,,4666,35,,,0,30,,4667,35,,,0,70,,4668,35,,,0,30,,4669,35,,,0,70,,4670,35,,,0,30,,4671,35,,,0,70,,4672,35,,,0,30,,4673,35,,,0,70,,4674,35,,,0,30,,4675,35,,,0,70,,4676,35,,,0,30,,4677,35,,,0,70,,4678,35,,,0,30,,4679,35,,,0,70,,4680,35,,,0,30,,4681,35,,,0,70,,4682,35,,,0,30,,4683,35,,,0,70,,4684,35,,,0,100,,4685,35,,,0
4001,'Sunday-01',820,,4687,35,,,0,30,,4688,35,,,0,70,,4689,35,,,0,30,,4690,35,,,0,70,,4691,35,,,0,30,,4692,35,,,0,70,,4693,35,,,0,30,,4694,35,,,0,70,,4695,35,,,0,30,,4696,35,,,0,70,,4697,35,,,0,30,,4698,35,,,0,70,,4699,35,,,0,30,,4700,35,,,0,70,,4701,35,,,0,30,,4702,35,,,0,70,,4703,35,,,0,30,,4704,35,,,0,70,,4705,35,,,0,30,,4706,35,,,0,70,,4707,35,,,0
4001,'Weekday-01',620,,4743,35,,,0,30,,4708,35,,,0,70,,4709,35,,,0,30,,4710,35,,,0,70,,4711,35,,,0,30,,4712,35,,,0,70,,4713,35,,,0,30,,4714,35,,,0,70,,4715,35,,,0,30,,4716,35,,,0,70,,4717,35,,,0,30,,4718,35,,,0,70,,4719,35,,,0,30,,4720,35,,,0,70,,4721,35,,,0,30,,4722,35,,,0,70,,4723,35,,,0,30,,4724,35,,,0,70,,4725,35,,,0,30,,4726,35,,,0,70,,4727,35,,,0,30,,4728,35,,,0,70,,4729,35,,,0,30,,4730,35,,,0,70,,4731,35,,,0,30,,4732,35,,,0,70,,4733,35,,,0,30,,4734,35,,,0,70,,4735,35,,,0,30,,4736,35,,,0,70,,4737,35,,,0,30,,4738,35,,,0,70,,4739,35,,,0,30,,4740,35,,,0,70,,4741,35,,,0,100,,4742,35,,,0
2400025501,'Weekday-01-1111100',1532,,5087,21,,,0
