201,'Saturday-01',640,,2849,34,,,0,70,,2850,34,,,0,30,,2851,34,,,0,70,,2852,34,,,0,30,,2853,34,,,0,70,,2854,34,,,0,30,,2855,34,,,0,70,,2856,34,,,0,30,,2857,34,,,0,70,,2858,34,,,0,30,,2859,34,,,0,70,,2860,34,,,0,30,,2861,34,,,0,70,,2862,34,,,0,30,,2863,34,,,0,70,,2864,34,,,0,30,,2865,34,,,0,70,,2866,34,,,0,30,,2867,34,,,0,70,,2868,34,,,0,30,,2869,34,,,0,70,,2870,34,,,0,30,,2871,34,,,0,70,,2872,34,,,0,30,,2873,34,,,0,70,,2874,34,,,0,30,,2875,34,,,0,70,,2876,34,,,0,30,,2877,34,,,0,70,,2878,34,,,0,100,,2879,34,,,0,100,,2880,34,,,0,100,,2881,34,,,0
201,'Sunday-01',826,,2882,34,,,0,30,,2883,34,,,0,70,,2884,34,,,0,30,,2885,34,,,0,70,,2886,34,,,0,30,,2887,34,,,0,70,,2888,34,,,0,30,,2889,34,,,0,70,,2890,34,,,0,30,,2891,34,,,0,70,,2892,34,,,0,30,,2893,34,,,0,70,,2894,34,,,0,30,,2895,34,,,0,70,,2896,34,,,0,30,,2897,34,,,0,70,,2898,34,,,0,30,,2899,34,,,0,70,,2900,34,,,0,30,,2901,34,,,0
201,'Weekday-01',610,,2904,34,,,0,30,,2905,34,,,0,15,,2906,34,,,0,55,,2907,34,,,0,15,,2908,34,,,0,15,,2909,34,,,0,15,,2910,34,,,0,55,,2945,34,,,0,15,,2911,34,,,0,15,,2912,34,,,0,16,,2946,34,,,0,54,,2944,34,,,0,30,,2913,34,,,0,70,,2914,34,,,0,30,,2915,34,,,0,70,,2916,34,,,0,30,,2917,34,,,0,70,,2918,34,,,0,30,,2919,34,,,0,70,,2920,34,,,0,25,,2921,34,,,0,70,,2922,34,,,0,35,,2923,34,,,0,70,,2924,34,,,0,15,,2925,34,,,0,15,,2926,34,,,0,13,,2927,34,,,0,57,,2928,34,,,0,15,,2929,34,,,0,15,,2930,34,,,0,15,,2931,34,,,0,55,,2932,34,,,0,30,,2933,34,,,0,70,,2934,34,,,0,30,,2935,34,,,0,70,,2936,34,,,0,30,,2937,34,,,0,70,,2938,34,,,0,30,,2939,34,,,0,70,,2940,34,,,0,100,,2941,34,,,0,100,,2942,34,,,0,100,,2943,34,,,0
301,'Saturday-01',703,,3065,12,,,0,30,,3042,12,,,0,70,,3043,12,,,0,30,,3044,12,,,0,70,,3045,12,,,0,30,,3046,12,,,0,70,,3047,12,,,0,30,,3048,12,,,0,70,,3049,12,,,0,30,,3066,12,,,0,70,,3050,12,,,0,30,,3067,12,,,0,70,,3068,12,,,0,30,,3069,12,,,0,70,,3070,12,,,0,30,,3051,12,,,0,70,,3052,12,,,0,30,,3071,12,,,0,70,,3053,12,,,0,30,,3054,12,,,0,70,,3055,12,,,0,30,,3056,12,,,0,70,,3072,12,,,0,31,,3073,12,,,0,79,,3057,11,,,0,30,,3058,11,,,0,70,,3059,11,,,0,30,,3060,11,,,0,70,,3061,11,,,0,100,,3062,11,,,0,100,,3063,11,,,0,100,,3064,11,,,0
301,'Sunday-01',827,,3074,12,,,0,30,,3085,12,,,0,70,,3086,12,,,0,30,,3087,12,,,0,70,,3088,12,,,0,30,,3089,12,,,0,70,,3090,12,,,0,30,,3091,12,,,0,70,,3092,12,,,0,30,,3093,12,,,0,70,,3094,12,,,0,30,,3075,12,,,0,70,,3076,12,,,0,30,,3077,12,,,0,70,,3078,12,,,0,30,,3079,12,,,0,70,,3080,12,,,0,30,,3081,12,,,0,70,,3082,12,,,0,30,,3083,12,,,0,70,,3084,12,,,0
301,'Weekday-01',558,,3095,12,,,0,70,,3096,12,,,0,30,,3097,12,,,0,55,,3098,12,,,0,15,,3099,12,,,0,15,,3100,12,,,0,15,,3101,12,,,0,55,,3102,12,,,0,15,,3103,12,,,0,30,,3104,12,,,0,70,,3105,12,,,0,30,,3106,12,,,0,70,,3107,12,,,0,30,,3108,12,,,0,70,,3109,12,,,0,30,,3110,12,,,0,70,,3111,12,,,0,30,,3112,12,,,0,70,,3113,12,,,0,30,,3114,12,,,0,70,,3115,12,,,0,30,,3116,12,,,0,55,,3117,12,,,0,15,,3118,12,,,0,15,,3119,12,,,0,15,,3120,12,,,0,70,,3121,12,,,0,15,,3122,12,,,0,15,,3123,12,,,0,55,,3124,12,,,0,30,,3125,12,,,0,70,,3126,11,,,0,30,,3127,11,,,0,70,,3128,11,,,0,30,,3129,11,,,0,70,,3130,11,,,0,30,,3131,11,,,0,70,,3132,11,,,0,30,,3136,11,,,0,70,,3135,12,,,0,100,,3133,11,,,0,100,,3134,11,,,0
701,'Saturday-01',627,,3489,53,,,0,100,,3490,53,,,0,30,,3491,53,,,0,70,,3492,53,,,0,30,,3493,53,,,0,70,,3494,53,,,0,30,,3495,53,,,0,70,,3496,53,,,0,30,,3497,53,,,0,70,,3498,53,,,0,30,,3499,53,,,0,70,,3500,53,,,0,30,,3501,53,,,0,70,,3502,53,,,0,30,,3503,53,,,0,70,,3504,53,,,0,30,,3505,53,,,0,70,,3506,53,,,0,30,,3507,53,,,0,70,,3508,53,,,0,30,,3509,53,,,0,70,,3510,53,,,0,30,,3511,53,,,0,70,,3512,53,,,0,30,,3513,53,,,0,101,,3516,53,,,0,85,,3517,53,,,0,70,,3518,53,,,0,100,,3519,53,,,0,100,,3520,53,,,0,100,,3515,53,,,0
701,'Sunday-01',827,,3521,53,,,0,30,,3522,53,,,0,70,,3523,53,,,0,30,,3524,53,,,0,70,,3525,53,,,0,30,,3526,53,,,0,70,,3527,53,,,0,30,,3528,53,,,0,70,,3529,53,,,0,30,,3530,53,,,0,70,,3531,53,,,0,30,,3532,53,,,0,70,,3533,53,,,0,30,,3534,53,,,0,70,,3535,53,,,0,30,,3536,53,,,0,70,,3537,53,,,0,30,,3538,53,,,0,70,,3539,53,,,0,30,,3540,53,,,0,70,,3541,53,,,0
701,'Weekday-01',557,,3542,53,,,0,70,,3543,53,,,0,30,,3544,53,,,0,60,,3545,53,,,0,10,,3546,53,,,0,15,,3547,53,,,0,15,,3548,53,,,0,55,,3549,53,,,0,15,,3550,53,,,0,30,,3551,53,,,0,70,,3552,53,,,0,30,,3553,53,,,0,70,,3554,53,,,0,30,,3555,53,,,0,70,,3556,53,,,0,30,,3557,53,,,0,70,,3558,53,,,0,30,,3559,53,,,0,70,,3560,53,,,0,30,,3561,53,,,0,70,,3562,53,,,0,30,,3563,53,,,0,70,,3564,53,,,0,30,,3565,53,,,0,65,,3566,53,,,0,30,,3567,53,,,0,75,,3568,53,,,0,30,,3569,53,,,0,70,,3570,53,,,0,30,,3571,53,,,0,101,,3572,53,,,0,85,,3573,53,,,0,70,,3574,53,,,0,100,,3575,53,,,0,100,,3576,53,,,0,100,,3577,53,,,0
1201,'Saturday-01',641,,4090,37,,,0,100,,4091,37,,,0,100,,4092,37,,,0,70,,4096,47,,,0,30,,4097,47,,,0,70,,4098,47,,,0,30,,4099,47,,,0,70,,4100,47,,,0,30,,4101,47,,,0,70,,4102,47,,,0,30,,4103,47,,,0,70,,4104,47,,,0,30,,4105,47,,,0,70,,4106,47,,,0,30,,4107,47,,,0,70,,4108,47,,,0,30,,4109,47,,,0,70,,4110,47,,,0,30,,4111,47,,,0,70,,4112,47,,,0,30,,4095,47,,,0,70,,4094,47,,,0,100,,4093,34,,,0,100,,4116,34,,,0,100,,4117,34,,,0,100,,4113,34,,,0,100,,4114,34,,,0,100,,4115,34,,,0
1201,'Sunday-01',827,,4118,37,,,0,100,,4119,37,,,0,100,,4120,37,,,0,100,,4121,37,,,0,100,,4122,37,,,0,100,,4123,37,,,0,100,,4124,37,,,0,100,,4125,37,,,0,100,,4126,37,,,0,100,,4127,37,,,0,100,,4128,37,,,0
1201,'Weekday-01',641,,4156,44,,,0,70,,4157,44,,,0,30,,4158,44,,,0,70,,4159,44,,,0,30,,4160,44,,,0,70,,4135,47,,,0,30,,4146,47,,,0,70,,4147,47,,,0,30,,4148,47,,,0,70,,4149,47,,,0,30,,4150,47,,,0,70,,4151,47,,,0,30,,4152,47,,,0,70,,4153,47,,,0,30,,4136,47,,,0,70,,4137,47,,,0,30,,4138,47,,,0,70,,4139,47,,,0,30,,4145,47,,,0,70,,4140,47,,,0,30,,4141,47,,,0,70,,4142,47,,,0,30,,4143,47,,,0,70,,4144,47,,,0,30,,4154,47,,,0,70,,4129,34,,,0,100,,4130,34,,,0,100,,4131,34,,,0,100,,4132,34,,,0,100,,4133,34,,,0,100,,4134,34,,,0
3001,'Weekday-01',730,,4540,6,,,0,70,,4534,6,,,0,30,,4541,6,,,0,70,,4542,6,,,0,30,,4543,6,,,0,70,,4544,6,,,0,30,,4535,6,,,0,70,,4536,6,,,0,30,,4545,6,,,0,78,,4546,6,,,0,30,,4547,6,,,0,70,,4548,6,,,0,30,,4549,6,,,0,70,,4537,6,,,0,30,,4550,6,,,0,70,,4551,6,,,0,30,,4552,6,,,0,70,,4553,6,,,0,30,,4538,6,,,0,70,,4539,6,,,0,30,,4554,6,,,0
