200,'Saturday-01',640,,2754,25,,,0,70,,2755,25,,,0,28,,2756,25,,,0,70,,2757,25,,,0,30,,2758,25,,,0,70,,2759,25,,,0,30,,2760,25,,,0,70,,2761,25,,,0,30,,2762,25,,,0,70,,2763,25,,,0,30,,2764,25,,,0,70,,2765,25,,,0,30,,2766,25,,,0,70,,2767,25,,,0,30,,2768,25,,,0,70,,2769,25,,,0,30,,2770,25,,,0,70,,2771,25,,,0,30,,2772,25,,,0,70,,2773,25,,,0,30,,2774,25,,,0,70,,2775,25,,,0,30,,2776,25,,,0,70,,2777,25,,,0,30,,2778,25,,,0,70,,2779,25,,,0,30,,2781,25,,,0,70,,2782,25,,,0,30,,2783,25,,,0,70,,2784,25,,,0,100,,2785,25,,,0,100,,2786,25,,,0,100,,2787,25,,,0
200,'Sunday-01',825,,2788,25,,,0,30,,2789,25,,,0,70,,2790,25,,,0,30,,2791,25,,,0,70,,2792,25,,,0,30,,2793,25,,,0,70,,2794,25,,,0,30,,2795,25,,,0,70,,2796,25,,,0,30,,2797,25,,,0,70,,2798,25,,,0,30,,2799,25,,,0,70,,2800,25,,,0,30,,2801,25,,,0,70,,2802,25,,,0,30,,2803,25,,,0,70,,2804,25,,,0,30,,2805,25,,,0,70,,2806,25,,,0
200,'Weekday-01',610,,2808,25,,,0,30,,2807,25,,,0,13,,2848,25,,,0,55,,2811,25,,,0,15,,2812,25,,,0,15,,2813,25,,,0,15,,2814,25,,,0,55,,2809,25,,,0,15,,2810,25,,,0,30,,2815,25,,,0,70,,2816,25,,,0,20,,2839,25,,,0,70,,2820,25,,,0,30,,2821,25,,,0,70,,2822,25,,,0,30,,2823,25,,,0,70,,2824,25,,,0,30,,2825,25,,,0,70,,2826,25,,,0,30,,2817,25,,,0,70,,2818,25,,,0,25,,2819,25,,,0,65,,2827,25,,,0,20,,2828,25,,,0,15,,2829,25,,,0,15,,2830,25,,,0,55,,2831,25,,,0,15,,2832,25,,,0,15,,2833,25,,,0,15,,2834,25,,,0,55,,2835,25,,,0,30,,2840,25,,,0,70,,2841,25,,,0,30,,2842,25,,,0,70,,2843,25,,,0,30,,2844,25,,,0,70,,2836,25,,,0,30,,2837,25,,,0,70,,2838,25,,,0,100,,2845,25,,,0,100,,2846,25,,,0,100,,2847,25,,,0
300,'Saturday-01',638,,2964,35,,,0,70,,2947,35,,,0,30,,2948,35,,,0,70,,2949,35,,,0,30,,2950,35,,,0,70,,2951,35,,,0,30,,2952,35,,,0,70,,2953,35,,,0,30,,2954,35,,,0,70,,2965,35,,,0,30,,2955,35,,,0,70,,2966,35,,,0,30,,2967,35,,,0,70,,2968,35,,,0,30,,2969,35,,,0,70,,2956,35,,,0,30,,2957,35,,,0,70,,2970,35,,,0,30,,2958,35,,,0,70,,2959,35,,,0,30,,2960,35,,,0,70,,2961,35,,,0,30,,2971,35,,,0,72,,2972,35,,,0,30,,2962,35,,,0,70,,2973,35,,,0,30,,2963,35,,,0,70,,2974,35,,,0,30,,2978,35,,,0,70,,2975,35,,,0,100,,2976,35,,,0,100,,2977,35,,,0,100,,2979,35,,,0
300,'Sunday-01',824,,2980,35,,,0,30,,2981,35,,,0,70,,2982,35,,,0,30,,2983,35,,,0,70,,2984,35,,,0,30,,2985,35,,,0,70,,2986,35,,,0,30,,2987,35,,,0,70,,2988,35,,,0,30,,2989,35,,,0,70,,2990,35,,,0,30,,2991,35,,,0,70,,2992,35,,,0,30,,2993,35,,,0,70,,2994,35,,,0,30,,2995,35,,,0,70,,2996,35,,,0,30,,2997,35,,,0,70,,2998,35,,,0,30,,2999,35,,,0,70,,3000,35,,,0
300,'Weekday-01',608,,3001,35,,,0,30,,3002,35,,,0,15,,3003,35,,,0,55,,3004,35,,,0,15,,3005,35,,,0,15,,3006,35,,,0,15,,3007,35,,,0,55,,3008,35,,,0,15,,3009,35,,,0,15,,3010,35,,,0,70,,3011,35,,,0,30,,3012,35,,,0,70,,3013,35,,,0,30,,3014,35,,,0,70,,3015,35,,,0,30,,3016,35,,,0,70,,3017,35,,,0,30,,3018,35,,,0,70,,3019,35,,,0,30,,3020,35,,,0,70,,3021,35,,,0,30,,3022,35,,,0,70,,3023,35,,,0,30,,3024,35,,,0,17,,3025,35,,,0,53,,3026,35,,,0,15,,3027,35,,,0,15,,3028,35,,,0,15,,3029,35,,,0,55,,3030,35,,,0,30,,3031,35,,,0,70,,3032,35,,,0,32,,3033,35,,,0,70,,3034,35,,,0,30,,3035,35,,,0,70,,3036,35,,,0,30,,3041,35,,,0,70,,3040,35,,,0,100,,3037,35,,,0,100,,3038,35,,,0,100,,3039,35,,,0
400,'Saturday-01',639,,3169,38,,,0,70,,3137,38,,,0,29,,3168,38,,,0,70,,3167,38,,,0,30,,3138,38,,,0,70,,3166,38,,,0,30,,3139,38,,,0,70,,3165,38,,,0,30,,3164,38,,,0,70,,3140,38,,,0,30,,3163,38,,,0,70,,3141,38,,,0,30,,3142,38,,,0,70,,3162,38,,,0,30,,3161,38,,,0,70,,3143,38,,,0,30,,3160,38,,,0,70,,3159,38,,,0,30,,3144,38,,,0,70,,3145,38,,,0,30,,3146,38,,,0,70,,3158,38,,,0,30,,3157,38,,,0,70,,3156,38,,,0,30,,3147,38,,,0,70,,3148,38,,,0,30,,3155,38,,,0,70,,3154,38,,,0,30,,3153,38,,,0,70,,3149,38,,,0,101,,3152,38,,,0,100,,3151,38,,,0,100,,3150,38,,,0
400,'Sunday-01',824,,3170,38,,,0,30,,3181,38,,,0,70,,3171,38,,,0,30,,3182,38,,,0,70,,3172,38,,,0,30,,3183,38,,,0,70,,3173,38,,,0,30,,3184,38,,,0,70,,3174,38,,,0,30,,3185,38,,,0,70,,3175,38,,,0,30,,3186,38,,,0,70,,3176,38,,,0,30,,3187,38,,,0,70,,3177,38,,,0,30,,3188,38,,,0,70,,3178,38,,,0,30,,3189,38,,,0,70,,3179,38,,,0,30,,3190,38,,,0,70,,3180,38,,,0
400,'Weekday-01',606,,3191,38,,,0,30,,3192,38,,,0,70,,3193,38,,,0,30,,3194,38,,,0,70,,3195,38,,,0,30,,3196,38,,,0,70,,3197,38,,,0,30,,3198,38,,,0,70,,3199,38,,,0,30,,3200,38,,,0,70,,3201,38,,,0,30,,3202,38,,,0,70,,3203,38,,,0,30,,3204,38,,,0,70,,3205,38,,,0,30,,3206,38,,,0,70,,3207,38,,,0,30,,3208,38,,,0,70,,3209,38,,,0,30,,3210,38,,,0,70,,3211,38,,,0,30,,3212,38,,,0,70,,3213,38,,,0,30,,3214,38,,,0,71,,3215,38,,,0,30,,3216,38,,,0,70,,3217,38,,,0,30,,3218,38,,,0,72,,3219,38,,,0,30,,3220,38,,,0,70,,3221,38,,,0,100,,3222,38,,,0,100,,3223,38,,,0,100,,3224,38,,,0
501,'Saturday-01',650,,3342,34,,,0,100,,3343,34,,,0,100,,3344,34,,,0,100,,3345,34,,,0,100,,3346,34,,,0,100,,3347,34,,,0,100,,3348,34,,,0,100,,3349,34,,,0,100,,3350,34,,,0,100,,3351,34,,,0,101,,3352,34,,,0,100,,3353,34,,,0
501,'Weekday-01',601,,3355,34,,,0,30,,3356,34,,,0,70,,3357,34,,,0,30,,3358,34,,,0,70,,3359,34,,,0,34,,3371,38,,,0,66,,3360,34,,,0,50,,3361,34,,,0,100,,3362,34,,,0,100,,3363,34,,,0,100,,3364,34,,,0,100,,3365,34,,,0,100,,3366,34,,,0,150,,3367,34,,,0,30,,3372,34,,,0,70,,3368,34,,,0,30,,3369,34,,,0
