700,'Saturday-01',614,,3402,10,,,0,100,,3403,10,,,0,30,,3404,10,,,0,70,,3405,10,,,0,30,,3406,10,,,0,70,,3407,10,,,0,30,,3408,10,,,0,70,,3409,10,,,0,30,,3410,10,,,0,70,,3411,10,,,0,30,,3412,10,,,0,70,,3413,10,,,0,30,,3414,10,,,0,70,,3415,10,,,0,30,,3416,10,,,0,70,,3417,10,,,0,30,,3418,10,,,0,70,,3419,10,,,0,30,,3420,10,,,0,70,,3421,10,,,0,30,,3422,10,,,0,70,,3423,10,,,0,30,,3424,10,,,0,85,,3425,10,,,0,85,,3426,10,,,0,30,,3427,10,,,0,104,,3428,10,,,0,100,,3429,10,,,0,100,,3430,10,,,0,100,,3431,10,,,0
700,'Sunday-01',812,,3442,10,,,0,30,,3443,10,,,0,70,,3444,10,,,0,30,,3445,10,,,0,70,,3446,10,,,0,30,,3447,10,,,0,70,,3448,10,,,0,30,,3449,10,,,0,70,,3450,10,,,0,30,,3451,10,,,0,70,,3441,10,,,0,30,,3437,10,,,0,70,,3432,10,,,0,30,,3433,10,,,0,70,,3434,10,,,0,30,,3435,10,,,0,70,,3436,10,,,0,30,,3438,10,,,0,70,,3439,10,,,0,30,,3440,10,,,0
700,'Weekday-01',542,,3452,10,,,0,70,,3453,10,,,0,15,,3454,10,0,7,0,15,,3455,10,,,0,15,,3456,10,,,0,55,,3457,10,,,0,15,,3458,10,,,0,15,,3459,10,,,0,15,,3460,10,,,0,55,,3461,10,,,0,15,,3462,10,,,0,15,,3463,10,,,0,70,,3464,10,,,0,30,,3465,10,,,0,70,,3466,10,,,0,30,,3467,10,,,0,70,,3468,10,,,0,30,,3469,10,,,0,70,,3470,10,,,0,30,,3471,10,,,0,70,,3472,10,,,0,30,,3473,10,,,0,70,,3474,10,,,0,25,,3475,10,,,0,70,,3476,10,,,0,30,,3477,10,,,0,70,,3478,10,,,0,30,,3479,10,,,0,70,,3480,10,,,0,33,,3481,10,,,0,85,,3482,10,,,0,85,,3483,10,,,0,30,,3484,10,,,0,108,,3485,10,,,0,100,,3486,10,,,0,100,,3487,10,,,0,100,,3488,10,,,0
901,'Saturday-01',708,,3790,74,,,0,30,,3791,74,,,0,70,,3792,74,,,0,30,,3793,74,,,0,70,,3794,74,,,0,30,,3795,74,,,0,70,,3796,74,,,0,30,,3797,74,,,0,70,,3798,74,,,0,30,,3799,74,,,0,70,,3800,74,,,0,30,,3801,74,,,0,70,,3802,74,,,0,30,,3803,74,,,0,70,,3804,74,,,0,30,,3805,74,,,0,70,,3806,74,,,0,30,,3807,74,,,0,70,,3808,74,,,0,30,,3809,74,,,0,70,,3810,74,,,0,30,,3811,74,,,0,70,,3812,74,,,0,30,,3813,74,,,0,82,,3814,74,,,0,85,,3815,74,,,0,49,,3816,74,,,0,70,,3817,74,,,0,81,,3818,74,,,0,100,,3819,74,,,0,100,,3820,74,,,0
901,'Sunday-01',838,,3839,74,,,0,70,,3829,74,,,0,30,,3840,74,,,0,70,,3830,74,,,0,30,,3841,74,,,0,70,,3831,74,,,0,30,,3821,74,,,0,70,,3832,74,,,0,30,,3822,74,,,0,70,,3833,74,,,0,30,,3823,74,,,0,70,,3834,74,,,0,30,,3824,74,,,0,70,,3835,74,,,0,30,,3825,74,,,0,70,,3836,74,,,0,30,,3826,74,,,0,70,,3837,74,,,0,30,,3827,74,,,0,70,,3838,74,,,0,30,,3828,74,,,0
901,'Weekday-01',637,,3842,74,,,0,70,,3843,74,,,0,30,,3844,74,,,0,70,,3845,74,,,0,30,,3846,74,,,0,72,,3847,74,,,0,30,,3848,74,,,0,70,,3849,74,,,0,30,,3850,74,,,0,70,,3851,74,,,0,30,,3852,74,,,0,70,,3853,74,,,0,30,,3854,74,,,0,70,,3855,74,,,0,30,,3856,74,,,0,70,,3857,74,,,0,30,,3858,74,,,0,70,,3859,74,,,0,30,,3860,74,,,0,15,,3861,74,,,0,55,,3862,74,,,0,15,,3863,74,,,0,15,,3864,74,,,0,15,,3865,74,,,0,55,,3866,74,,,0,15,,3867,74,,,0,22,,3868,74,,,0,70,,3869,74,,,0,27,,3870,74,,,0,78,,3871,74,,,0,83,,3872,74,,,0,45,,3873,74,,,0,70,,3874,74,,,0,85,,3875,74,,,0,100,,3876,74,,,0,100,,3877,74,,,0
1800,'Saturday-01',611,,4229,2,,,0,30,,4230,2,,,0,70,,4231,2,,,0,30,,4232,2,,,0,70,,4233,2,,,0,30,,4234,2,,,0,70,,4235,2,,,0,30,,4236,2,,,0,70,,4237,2,,,0,30,,4238,2,,,0,70,,4239,2,,,0,30,,4240,2,,,0,70,,4241,2,,,0,30,,4242,2,,,0,70,,4243,2,,,0,30,,4244,2,,,0,70,,4245,2,,,0,30,,4246,2,,,0,70,,4247,2,,,0,30,,4248,2,,,0,70,,4249,2,,,0,30,,4250,2,,,0,70,,4251,2,,,0,30,,4252,2,,,0,70,,4253,2,,,0
1800,'Sunday-01',811,,4254,2,,,0,100,,4255,2,,,0,100,,4256,2,,,0,100,,4257,2,,,0,100,,4258,2,,,0,100,,4259,2,,,0,100,,4260,2,,,0,100,,4261,2,,,0,100,,4262,2,,,0,100,,4263,2,,,0,100,,4264,2,,,0
1800,'Weekday-01',611,,4265,2,,,0,30,,4266,2,,,0,70,,4267,2,,,0,30,,4268,2,,,0,70,,4269,2,,,0,30,,4270,2,,,0,70,,4271,2,,,0,30,,4272,2,,,0,70,,4273,2,,,0,30,,4274,2,,,0,70,,4275,2,,,0,30,,4276,2,,,0,70,,4277,2,,,0,30,,4278,2,,,0,70,,4279,2,,,0,30,,4280,2,,,0,70,,4281,2,,,0,30,,4282,2,,,0,70,,4283,2,,,0,30,,4284,2,,,0,70,,4285,2,,,0,30,,4286,2,,,0,70,,4287,2,,,0,30,,4288,2,,,0,70,,4289,2,,,0,30,,4290,2,,,0,100,,4291,2,,,0,100,,4292,2,,,0,100,,4293,2,,,0
4001,'Saturday-01',544,,4651,2,,,0,100,,4652,2,,,0,70,,4653,2,,,0,30,,4654,2,,,0,70,,4655,2,,,0,30,,4656,2,,,0,70,,4657,2,,,0,30,,4658,2,,,0,70,,4659,2,,,0,30,,4660,2,,,0,70,,4661,2,,,0,30,,4662,2,,,0,70,,4663,2,,,0,30,,4664,2,,,0,70,,4665,2,,,0,30,,4666,2,,,0,70,,4667,2,,,0,30,,4668,2,,,0,70,,4669,2,,,0,30,,4670,2,,,0,70,,4671,2,,,0,30,,4672,2,,,0,70,,4673,2,,,0,30,,4674,2,,,0,70,,4675,2,,,0,30,,4676,2,,,0,70,,4677,2,,,0,30,,4678,2,,,0,70,,4679,2,,,0,30,,4680,2,,,0,70,,4681,2,,,0,30,,4682,2,,,0,70,,4683,2,,,0,30,,4684,2,,,0,70,,4686,2,,,0,30,,4685,2,,,0
4001,'Sunday-01',744,,4687,2,,,0,70,,4688,2,,,0,30,,4689,2,,,0,70,,4690,2,,,0,30,,4691,2,,,0,70,,4692,2,,,0,30,,4693,2,,,0,70,,4694,2,,,0,30,,4695,2,,,0,70,,4696,2,,,0,30,,4697,2,,,0,70,,4698,2,,,0,30,,4699,2,,,0,70,,4700,2,,,0,30,,4701,2,,,0,70,,4702,2,,,0,30,,4703,2,,,0,70,,4704,2,,,0,30,,4705,2,,,0,70,,4706,2,,,0,30,,4707,2,,,0
4001,'Weekday-01',544,,4743,2,,,0,70,,4708,2,,,0,30,,4709,2,,,0,70,,4710,2,,,0,30,,4711,2,,,0,70,,4712,2,,,0,30,,4713,2,,,0,70,,4714,2,,,0,30,,4715,2,,,0,70,,4716,2,,,0,30,,4717,2,,,0,70,,4718,2,,,0,30,,4719,2,,,0,70,,4720,2,,,0,30,,4721,2,,,0,70,,4722,2,,,0,30,,4723,2,,,0,70,,4724,2,,,0,30,,4725,2,,,0,70,,4726,2,,,0,30,,4727,2,,,0,70,,4728,2,,,0,30,,4729,2,,,0,70,,4730,2,,,0,30,,4731,2,,,0,70,,4732,2,,,0,30,,4733,2,,,0,70,,4734,2,,,0,30,,4735,2,,,0,70,,4736,2,,,0,30,,4737,2,,,0,70,,4738,2,,,0,30,,4739,2,,,0,70,,4740,2,,,0,30,,4741,2,,,0,70,,4744,2,,,0,30,,4742,2,,,0
