800,'Saturday-01',640,,3579,44,,,0,100,,3580,44,,,0,100,,3581,44,,,0,70,,3584,44,,,0,30,,3585,44,,,0,70,,3586,44,,,0,30,,3587,44,,,0,70,,3588,44,,,0,30,,3589,44,,,0,70,,3590,44,,,0,30,,3591,44,,,0,70,,3592,44,,,0,30,,3593,44,,,0,70,,3594,44,,,0,30,,3583,44,,,0,70,,3582,44,,,0,30,,3601,44,,,0,70,,3600,44,,,0,30,,3599,44,,,0,70,,3598,44,,,0,30,,3597,44,,,0,70,,3595,44,,,0,100,,3596,44,,,0,100,,3602,44,,,0,100,,3603,44,,,0
800,'Sunday-01',825,,3604,44,,,0,100,,3605,44,,,0,100,,3606,44,,,0,100,,3607,44,,,0,100,,3608,44,,,0,100,,3609,44,,,0,100,,3610,44,,,0,100,,3611,44,,,0,100,,3612,44,,,0,100,,3613,44,,,0,100,,3614,44,,,0
800,'Weekday-01',540,,3639,44,,,0,75,,3640,44,,,0,35,,3638,44,,,0,75,,3637,44,,,0,75,,3615,44,,,0,35,,3616,44,,,0,75,,3617,44,,,0,35,,3618,44,,,0,75,,3619,44,,,0,35,,3620,44,,,0,75,,3621,44,,,0,75,,3622,44,,,0,35,,3623,44,,,0,75,,3624,44,,,0,35,,3625,44,,,0,75,,3626,44,,,0,75,,3627,44,,,0,35,,3628,44,,,0,75,,3629,44,,,0,35,,3630,44,,,0,75,,3631,44,,,0,35,,3632,44,,,0,75,,3633,44,,,0,110,,3634,44,,,0,110,,3635,44,,,0,150,,3636,44,,,0
901,'Saturday-01',640,,3790,28,,,0,70,,3791,28,,,0,30,,3792,28,,,0,70,,3793,28,,,0,30,,3794,28,,,0,70,,3795,28,,,0,30,,3796,28,,,0,70,,3797,28,,,0,30,,3798,28,,,0,70,,3799,28,,,0,30,,3800,28,,,0,70,,3801,28,,,0,30,,3802,28,,,0,70,,3803,28,,,0,30,,3804,28,,,0,70,,3805,28,,,0,30,,3806,28,,,0,70,,3807,28,,,0,30,,3808,28,,,0,70,,3809,28,,,0,30,,3810,28,,,0,70,,3811,28,,,0,30,,3812,28,,,0,70,,3813,28,,,0,46,,3814,28,,,0,85,,3815,28,,,0,85,,3816,28,,,0,30,,3817,28,,,0,85,,3818,28,,,0,100,,3819,28,,,0,100,,3820,28,,,0
901,'Sunday-01',810,,3839,28,,,0,30,,3829,28,,,0,70,,3840,28,,,0,30,,3830,28,,,0,70,,3841,28,,,0,30,,3831,28,,,0,70,,3821,28,,,0,30,,3832,28,,,0,70,,3822,28,,,0,30,,3833,28,,,0,70,,3823,28,,,0,30,,3834,28,,,0,70,,3824,28,,,0,30,,3835,28,,,0,70,,3825,28,,,0,30,,3836,28,,,0,70,,3826,28,,,0,30,,3837,28,,,0,70,,3827,28,,,0,30,,3838,28,,,0,70,,3828,28,,,0
901,'Weekday-01',605,,3842,28,,,0,30,,3843,28,,,0,70,,3844,28,,,0,30,,3845,28,,,0,70,,3846,28,,,0,36,,3847,28,,,0,69,,3848,28,,,0,30,,3849,28,,,0,70,,3850,28,,,0,30,,3851,28,,,0,70,,3852,28,,,0,30,,3853,28,,,0,70,,3854,28,,,0,30,,3855,28,,,0,70,,3856,28,,,0,30,,3857,28,,,0,70,,3858,28,,,0,30,,3859,28,,,0,70,,3860,28,,,0,15,,3861,28,,,0,15,,3862,28,,,0,15,,3863,28,,,0,55,,3864,28,,,0,15,,3865,28,,,0,15,,3866,28,,,0,15,,3867,28,,,0,55,,3868,28,,,0,30,,3869,28,,,0,70,,3870,28,,,0,44,,3871,28,,,0,87,,3872,28,,,0,85,,3873,28,,,0,30,,3874,28,,,0,85,,3875,28,,,0,100,,3876,28,,,0,100,,3877,28,,,0
6001,'Saturday-01',651,,4983,27,,,0,80,,4986,27,,,0,80,,4999,27,,,0,40,,4998,27,,,0,80,,4997,27,,,0,80,,5000,27,,,0,40,,5007,27,,,0,80,,5005,27,,,0,80,,5003,27,,,0,40,,4994,27,,,0,80,,4996,27,,,0,80,,4993,27,,,0,40,,5010,27,,,0,80,,5011,27,,,0,80,,5009,27,,,0,40,,5006,27,,,0,80,,5004,27,,,0,80,,4995,27,,,0,40,,4992,27,,,0,80,,5008,27,,,0,80,,5001,27,,,0,40,,5002,27,,,0,80,,4990,27,,,0,80,,4991,27,,,0,40,,4989,27,,,0,80,,4988,27,,,0,80,,4987,27,,,0
6001,'Sunday-01',826,,5012,27,,,0,80,,5016,27,,,0,40,,5019,27,,,0,80,,5017,27,,,0,80,,5018,27,,,0,40,,5020,27,,,0,80,,5021,27,,,0,80,,5022,27,,,0,40,,5023,27,,,0,80,,5025,27,,,0,80,,5026,27,,,0,40,,5024,27,,,0,80,,5027,27,,,0,80,,5028,27,,,0,40,,5015,27,,,0,80,,5014,27,,,0
6001,'Weekday-01',626,,5066,27,,,0,25,,5030,27,,,0,65,,5031,27,,,0,25,,5032,27,,,0,65,,5033,27,,,0,35,,5034,27,,,0,15,,5035,27,,,0,65,,5036,27,,,0,35,,5037,27,,,0,80,,5038,27,,,0,80,,5039,27,,,0,40,,5040,27,,,0,80,,5041,27,,,0,80,,5042,27,,,0,40,,5043,27,,,0,90,,5044,27,,,0,65,,5045,27,,,0,25,,5046,27,,,0,65,,5047,27,,,0,25,,5048,27,,,0,25,,5049,27,,,0,65,,5050,27,,,0,25,,5051,27,,,0,65,,5052,27,,,0,25,,5053,27,,,0,25,,5054,27,,,0,65,,5055,27,,,0,25,,5056,27,,,0,75,,5057,27,,,0,15,,5058,27,,,0,65,,5059,27,,,0,40,,5060,27,,,0,80,,5061,27,,,0,80,,5062,27,,,0,40,,5063,27,,,0,70,,5064,27,,,0
231119801,'Weekday-01-1111100',1648,,5086,13,,,0
