101,'Saturday-01',656,,2661,2,,,0,70,,2662,41,,,0,30,,2663,41,,,0,75,,2693,37,0,6,0,70,,2682,37,,,0,30,,2683,37,,,0,70,,2684,37,,,0,30,,2685,37,,,0,70,,2686,37,,,0,30,,2687,37,,,0,70,,2688,37,,,0,30,,2689,37,,,0,70,,2672,39,,,0,25,,2664,41,,,0,30,,2665,41,,,0,50,,2673,39,,,0,35,,2674,39,,,0,75,,2666,41,,,0,40,,2667,41,,,0,55,,2678,39,,,0,40,,2679,37,,,0,70,,2680,37,,,0,80,,2675,39,,,0,30,,2676,39,,,0,70,,2677,39,,,0,99,,2690,37,,,0,30,,2691,37,,,0,95,,2668,41,,,0,83,,2669,41,,,0,20,,2681,37,,,0,100,,2670,41,,,0,85,,2671,41,,,0
101,'Sunday-01',812,,2694,37,,,0,100,,2695,39,,,0,100,,2696,39,,,0,100,,2697,39,,,0,100,,2698,39,,,0,105,,2701,41,,,0,100,,2702,41,,,0,105,,2703,41,,,0,100,,2704,41,,,0,100,,2699,39,,,0,109,,2700,39,,,0
101,'Weekday-01',620,,2753,37,,,0,16,,2708,28,,,0,10,,2736,37,,,0,64,,2725,28,,,0,16,,2709,41,,,0,15,,2710,41,,,0,15,,2711,41,,,0,50,,2737,37,,,0,5,,2712,41,,,0,25,,2707,28,,,0,20,,2739,37,,,0,60,,2740,37,,,0,30,,2752,37,,,0,80,,2741,37,,,0,74,,2742,37,,,0,30,,2743,37,,,0,70,,2744,37,,,0,30,,2745,37,,,0,96,,2713,41,,,0,30,,2714,41,,,0,70,,2715,41,,,0,30,,2716,41,,,0,70,,2717,41,,,0,30,,2718,41,,,0,55,,2726,39,,,0,10,,2727,39,,,0,10,,2746,37,,,0,20,,2728,39,,,0,50,,2747,37,,,0,20,,2729,39,,,0,5,,2748,37,,,0,24,,2730,39,,,0,6,,2749,37,,,0,65,,2731,39,,,0,5,,2750,37,,,0,80,,2732,39,,,0,10,,2751,37,,,0,30,,2738,37,,,0,70,,2734,37,,,0,90,,2719,41,,,0,20,,2720,41,,,0,75,,2721,41,,,0,30,,2722,41,,,0,100,,2723,41,,,0,25,,2724,41,,,0,70,,2735,37,,,0
200,'Saturday-01',646,,2754,31,,,0,70,,2755,31,,,0,30,,2756,31,,,0,70,,2757,31,,,0,30,,2758,31,,,0,70,,2759,31,,,0,30,,2760,31,,,0,70,,2761,31,,,0,30,,2762,31,,,0,70,,2763,31,,,0,30,,2764,31,,,0,70,,2765,31,,,0,30,,2766,31,,,0,70,,2767,31,,,0,30,,2768,31,,,0,70,,2769,31,,,0,30,,2770,31,,,0,70,,2771,31,,,0,30,,2772,31,,,0,70,,2773,31,,,0,30,,2774,31,,,0,70,,2775,31,,,0,30,,2776,31,,,0,70,,2777,31,,,0,30,,2778,31,,,0,70,,2779,31,,,0,30,,2781,31,,,0,70,,2782,31,,,0,30,,2783,31,,,0,70,,2784,31,,,0,100,,2785,31,,,0,100,,2786,31,,,0,100,,2787,31,,,0
200,'Sunday-01',832,,2788,31,,,0,70,,2789,31,,,0,30,,2790,31,,,0,70,,2791,31,,,0,30,,2792,31,,,0,70,,2793,31,,,0,30,,2794,31,,,0,70,,2795,31,,,0,30,,2796,31,,,0,70,,2797,31,,,0,30,,2798,31,,,0,70,,2799,31,,,0,30,,2800,31,,,0,70,,2801,31,,,0,30,,2802,31,,,0,70,,2803,31,,,0,30,,2804,31,,,0,70,,2805,31,,,0,30,,2806,31,,,0
200,'Weekday-01',616,,2808,31,,,0,30,,2807,31,,,0,55,,2848,31,,,0,15,,2811,31,,,0,15,,2812,31,,,0,15,,2813,31,,,0,55,,2814,31,,,0,15,,2809,31,,,0,15,,2810,31,,,0,70,,2815,31,,,0,30,,2816,31,,,0,20,,2839,31,,,0,70,,2820,31,,,0,30,,2821,31,,,0,70,,2822,31,,,0,30,,2823,31,,,0,70,,2824,31,,,0,30,,2825,31,,,0,70,,2826,31,,,0,30,,2817,31,,,0,70,,2818,31,,,0,25,,2819,31,,,0,66,,2827,31,,,0,19,,2828,31,,,0,15,,2829,31,,,0,55,,2830,31,,,0,15,,2831,31,,,0,15,,2832,31,,,0,15,,2833,31,,,0,55,,2834,31,,,0,15,,2835,31,,,0,30,,2840,31,,,0,70,,2841,31,,,0,30,,2842,31,,,0,70,,2843,31,,,0,30,,2844,31,,,0,70,,2836,31,,,0,30,,2837,31,,,0,70,,2838,31,,,0,100,,2845,31,,,0,100,,2846,31,,,0,100,,2847,31,,,0
300,'Saturday-01',646,,2964,41,,,0,70,,2947,41,,,0,30,,2948,41,,,0,70,,2949,41,,,0,30,,2950,41,,,0,70,,2951,41,,,0,30,,2952,41,,,0,70,,2953,41,,,0,30,,2954,41,,,0,70,,2965,41,,,0,30,,2955,41,,,0,70,,2966,41,,,0,30,,2967,41,,,0,70,,2968,41,,,0,30,,2969,41,,,0,70,,2956,41,,,0,30,,2957,41,,,0,70,,2970,41,,,0,30,,2958,41,,,0,70,,2959,41,,,0,30,,2960,41,,,0,70,,2961,41,,,0,30,,2971,41,,,0,70,,2972,41,,,0,30,,2962,41,,,0,70,,2973,41,,,0,30,,2963,41,,,0,70,,2974,41,,,0,30,,2978,41,,,0,70,,2975,41,,,0,100,,2976,41,,,0,100,,2977,41,,,0,100,,2979,41,,,0
300,'Sunday-01',831,,2980,41,,,0,70,,2981,41,,,0,30,,2982,41,,,0,70,,2983,41,,,0,30,,2984,41,,,0,70,,2985,41,,,0,30,,2986,41,,,0,70,,2987,41,,,0,30,,2988,41,,,0,70,,2989,41,,,0,30,,2990,41,,,0,70,,2991,41,,,0,30,,2992,41,,,0,70,,2993,41,,,0,30,,2994,41,,,0,70,,2995,41,,,0,30,,2996,41,,,0,70,,2997,41,,,0,30,,2998,41,,,0,70,,2999,41,,,0,30,,3000,41,,,0
300,'Weekday-01',616,,3001,41,,,0,30,,3002,41,,,0,55,,3003,41,,,0,15,,3004,41,,,0,15,,3005,41,,,0,15,,3006,41,,,0,55,,3007,41,,,0,15,,3008,41,,,0,15,,3009,41,,,0,15,,3010,41,,,0,70,,3011,41,,,0,30,,3012,41,,,0,70,,3013,41,,,0,30,,3014,41,,,0,70,,3015,41,,,0,30,,3016,41,,,0,70,,3017,41,,,0,30,,3018,41,,,0,70,,3019,41,,,0,30,,3020,41,,,0,70,,3021,41,,,0,30,,3022,41,,,0,70,,3023,41,,,0,30,,3024,41,,,0,55,,3025,41,,,0,15,,3026,41,,,0,15,,3027,41,,,0,15,,3028,41,,,0,55,,3029,41,,,0,15,,3030,41,,,0,30,,3031,41,,,0,70,,3032,41,,,0,30,,3033,41,,,0,70,,3034,41,,,0,30,,3035,41,,,0,70,,3036,41,,,0,30,,3041,41,,,0,70,,3040,41,,,0,100,,3037,41,,,0,100,,3038,41,,,0,100,,3039,41,,,0
401,'Saturday-01',641,,3257,30,,,0,70,,3256,30,,,0,30,,3225,30,,,0,70,,3255,30,,,0,30,,3226,30,,,0,70,,3254,30,,,0,30,,3253,30,,,0,70,,3227,30,,,0,30,,3252,30,,,0,70,,3228,30,,,0,30,,3251,30,,,0,70,,3250,30,,,0,30,,3249,30,,,0,70,,3248,30,,,0,30,,3229,30,,,0,70,,3247,30,,,0,30,,3230,30,,,0,70,,3231,30,,,0,30,,3246,30,,,0,70,,3232,30,,,0,30,,3233,30,,,0,70,,3234,30,,,0,30,,3235,30,,,0,70,,3236,30,,,0,30,,3245,30,,,0,70,,3244,30,,,0,30,,3243,30,,,0,70,,3237,30,,,0,30,,3238,30,,,0,75,,3242,30,,,0,100,,3241,30,,,0,100,,3240,30,,,0,100,,3239,30,,,0
401,'Sunday-01',831,,3258,30,,,0,70,,3269,30,,,0,30,,3259,30,,,0,70,,3270,30,,,0,30,,3260,30,,,0,70,,3271,30,,,0,30,,3261,30,,,0,70,,3272,30,,,0,30,,3262,30,,,0,70,,3273,30,,,0,30,,3263,30,,,0,70,,3274,30,,,0,30,,3264,30,,,0,70,,3275,30,,,0,30,,3265,30,,,0,70,,3276,30,,,0,30,,3266,30,,,0,70,,3277,30,,,0,30,,3267,30,,,0,70,,3278,30,,,0,30,,3268,30,,,0
401,'Weekday-01',556,,3279,30,,,0,70,,3280,30,,,0,30,,3281,30,,,0,70,,3282,30,,,0,30,,3283,30,,,0,70,,3284,30,,,0,30,,3285,30,,,0,70,,3286,30,,,0,30,,3287,30,,,0,70,,3288,30,,,0,30,,3289,30,,,0,70,,3290,30,,,0,30,,3291,30,,,0,70,,3292,30,,,0,30,,3293,30,,,0,70,,3294,30,,,0,30,,3295,30,,,0,70,,3296,30,,,0,30,,3297,30,,,0,70,,3298,30,,,0,30,,3299,30,,,0,70,,3300,30,,,0,30,,3301,30,,,0,70,,3302,30,,,0,30,,3303,30,,,0,69,,3304,30,,,0,91,,3305,30,,,0,25,,3306,30,,,0,70,,3307,30,,,0,30,,3308,30,,,0,75,,3309,30,,,0,100,,3310,30,,,0,100,,3311,30,,,0,100,,3312,30,,,0
700,'Saturday-01',645,,3402,47,,,0,100,,3403,47,,,0,70,,3404,47,,,0,30,,3405,47,,,0,70,,3406,47,,,0,30,,3407,47,,,0,70,,3408,47,,,0,30,,3409,47,,,0,70,,3410,47,,,0,30,,3411,47,,,0,70,,3412,47,,,0,30,,3413,47,,,0,70,,3414,47,,,0,30,,3415,47,,,0,70,,3416,47,,,0,30,,3417,47,,,0,70,,3418,47,,,0,30,,3419,47,,,0,70,,3420,47,,,0,30,,3421,47,,,0,70,,3422,47,,,0,30,,3423,47,,,0,70,,3424,47,,,0,85,,3425,47,,,0,45,,3426,47,,,0,70,,3427,47,,,0,100,,3428,47,,,0,100,,3429,47,,,0,100,,3430,47,,,0,100,,3431,47,,,0
700,'Sunday-01',845,,3442,47,,,0,70,,3443,47,,,0,30,,3444,47,,,0,70,,3445,47,,,0,30,,3446,47,,,0,70,,3447,47,,,0,30,,3448,47,,,0,70,,3449,47,,,0,30,,3450,47,,,0,70,,3451,47,,,0,30,,3441,47,,,0,70,,3437,47,,,0,30,,3432,47,,,0,70,,3433,47,,,0,30,,3434,47,,,0,70,,3435,47,,,0,30,,3436,47,,,0,70,,3438,47,,,0,30,,3439,47,,,0,70,,3440,47,,,0
700,'Weekday-01',615,,3452,47,,,0,30,,3453,47,,,0,55,,3454,47,0,7,0,15,,3455,47,,,0,15,,3456,47,,,0,15,,3457,47,,,0,56,,3458,47,,,0,14,,3459,47,,,0,15,,3460,47,,,0,15,,3461,47,,,0,55,,3462,47,,,0,15,,3463,47,,,0,30,,3464,47,,,0,70,,3465,47,,,0,30,,3466,47,,,0,70,,3467,47,,,0,30,,3468,47,,,0,70,,3469,47,,,0,30,,3470,47,,,0,70,,3471,47,,,0,30,,3472,47,,,0,70,,3473,47,,,0,30,,3474,47,,,0,65,,3475,47,,,0,30,,3476,47,,,0,70,,3477,47,,,0,30,,3478,47,,,0,70,,3479,47,,,0,30,,3480,47,,,0,75,,3481,47,,,0,85,,3482,47,,,0,45,,3483,47,,,0,70,,3484,47,,,0,100,,3485,47,,,0,100,,3486,47,,,0,100,,3487,47,,,0,100,,3488,47,,,0
801,'Saturday-01',651,,3643,47,,,0,100,,3644,47,,,0,100,,3645,47,,,0,70,,3665,2,,,0,30,,3646,47,,,0,70,,3647,47,,,0,30,,3648,47,,,0,70,,3649,47,,,0,30,,3650,47,,,0,70,,3651,47,,,0,30,,3652,47,,,0,70,,3653,47,,,0,30,,3654,47,,,0,70,,3655,47,,,0,30,,3656,47,,,0,70,,3657,47,,,0,30,,3658,47,,,0,70,,3659,47,,,0,30,,3660,47,,,0,70,,3661,47,,,0,30,,3662,47,,,0,65,,3642,47,,,0,100,,3641,47,,,0,100,,3664,47,,,0,100,,3663,47,,,0
801,'Sunday-01',831,,3666,47,,,0,100,,3667,47,,,0,100,,3668,47,,,0,100,,3669,47,,,0,100,,3670,47,,,0,100,,3671,47,,,0,100,,3672,47,,,0,100,,3673,47,,,0,100,,3674,47,,,0,100,,3675,47,,,0,100,,3676,47,,,0
801,'Weekday-01',556,,3677,47,,,0,75,,3678,47,,,0,75,,3679,47,,,0,35,,3680,47,,,0,75,,3681,47,,,0,35,,3682,47,,,0,75,,3683,47,,,0,75,,3684,47,,,0,35,,3685,47,,,0,75,,3686,47,,,0,35,,3687,47,,,0,75,,3688,47,,,0,35,,3689,47,,,0,75,,3690,47,,,0,75,,3691,47,,,0,35,,3692,47,,,0,75,,3693,47,,,0,35,,3694,47,,,0,75,,3695,47,,,0,75,,3696,47,,,0,35,,3697,47,,,0,110,,3698,47,,,0,110,,3699,47,,,0,150,,3700,47,,,0
900,'Saturday-01',631,,3701,46,,,0,70,,3702,46,,,0,30,,3703,46,,,0,70,,3704,46,,,0,30,,3705,46,,,0,70,,3706,46,,,0,30,,3707,46,,,0,70,,3708,46,,,0,30,,3709,46,,,0,70,,3710,46,,,0,30,,3711,46,,,0,70,,3712,46,,,0,30,,3713,46,,,0,70,,3714,46,,,0,30,,3715,46,,,0,70,,3716,46,,,0,30,,3717,46,,,0,70,,3718,46,,,0,30,,3719,46,,,0,70,,3720,46,,,0,30,,3721,46,,,0,70,,3722,46,,,0,45,,3723,46,,,0,70,,3724,46,,,0,29,,3725,46,,,0,85,,3726,46,,,0,70,,3728,46,,,0,45,,3729,46,,,0,100,,3730,46,,,0,100,,3731,46,,,0,100,,3727,46,,,0
900,'Sunday-01',801,,3751,46,,,0,30,,3753,46,,,0,70,,3741,46,,,0,30,,3740,46,,,0,70,,3742,46,,,0,30,,3735,46,,,0,70,,3743,46,,,0,30,,3736,46,,,0,70,,3744,46,,,0,30,,3737,46,,,0,70,,3745,46,,,0,30,,3738,46,,,0,70,,3746,46,,,0,30,,3739,46,,,0,70,,3747,46,,,0,30,,3732,46,,,0,70,,3748,46,,,0,30,,3733,46,,,0,70,,3749,46,,,0,30,,3734,46,,,0,70,,3750,46,,,0,30,,3752,46,,,0
900,'Weekday-01',601,,3754,46,,,0,30,,3755,46,,,0,25,,3756,46,,,0,70,,3757,46,,,0,30,,3758,46,,,0,70,,3759,46,,,0,30,,3760,46,,,0,75,,3761,46,,,0,70,,3762,46,,,0,30,,3763,46,,,0,70,,3764,46,,,0,30,,3765,46,,,0,70,,3766,46,,,0,30,,3767,46,,,0,70,,3768,46,,,0,30,,3769,46,,,0,70,,3770,46,,,0,30,,3771,46,,,0,70,,3772,46,,,0,15,,3773,46,,,0,15,,3774,46,,,0,15,,3775,46,,,0,55,,3776,46,,,0,30,,3777,46,,,0,15,,3778,46,,,0,55,,3779,46,,,0,15,,3780,46,,,0,30,,3781,46,,,0,70,,3782,46,,,0,29,,3783,46,,,0,85,,3784,46,,,0,70,,3785,46,,,0,45,,3786,46,,,0,100,,3787,46,,,0,100,,3788,46,,,0,100,,3789,46,,,0
1000,'Saturday-01',646,,3878,20,,,0,100,,3879,20,,,0,100,,3880,20,,,0,70,,3881,20,,,0,30,,3882,20,,,0,70,,3883,20,,,0,30,,3884,20,,,0,70,,3885,20,,,0,30,,3886,20,,,0,70,,3887,20,,,0,30,,3888,20,,,0,70,,3889,20,,,0,30,,3890,20,,,0,70,,3891,20,,,0,30,,3892,20,,,0,70,,3893,20,,,0,30,,3894,20,,,0,70,,3895,20,,,0,30,,3896,20,,,0,70,,3897,20,,,0,30,,3898,20,,,0,70,,3899,20,,,0,85,,3900,20,,,0,45,,3901,20,,,0,85,,3902,20,,,0,85,,3903,20,,,0,100,,3904,20,,,0
1000,'Sunday-01',831,,3905,20,,,0,100,,3906,20,,,0,100,,3907,20,,,0,100,,3908,20,,,0,100,,3909,20,,,0,100,,3910,20,,,0,100,,3911,20,,,0,100,,3912,20,,,0,100,,3913,20,,,0,100,,3914,20,,,0,100,,3915,20,,,0
1000,'Weekday-01',616,,3934,20,,,0,30,,3935,20,,,0,70,,3936,20,,,0,30,,3937,20,,,0,70,,3938,20,,,0,30,,3916,20,,,0,70,,3917,20,,,0,30,,3918,20,,,0,70,,3919,20,,,0,30,,3920,20,,,0,70,,3921,20,,,0,30,,3922,20,,,0,70,,3923,20,,,0,30,,3924,20,,,0,70,,3925,20,,,0,30,,3926,20,,,0,70,,3927,20,,,0,30,,3939,20,,,0,70,,3940,20,,,0,30,,3941,20,,,0,70,,3942,20,,,0,30,,3943,20,,,0,70,,3944,20,,,0,30,,3945,20,,,0,70,,3928,20,,,0,85,,3929,20,,,0,45,,3930,20,,,0,85,,3931,20,,,0,85,,3932,20,,,0,100,,3933,20,,,0
1200,'Saturday-01',646,,4018,37,,,0,100,,4019,37,,,0,100,,4020,37,,,0,70,,4021,37,,,0,30,,4022,37,,,0,70,,4023,37,,,0,30,,4024,37,,,0,70,,4025,37,,,0,30,,4026,37,,,0,70,,4027,37,,,0,30,,4028,37,,,0,70,,4029,37,,,0,30,,4030,37,,,0,70,,4031,37,,,0,30,,4032,37,,,0,70,,4033,37,,,0,30,,4034,37,,,0,70,,4035,37,,,0,30,,4036,37,,,0,70,,4041,37,,,0,30,,4042,37,,,0,70,,4037,37,,,0,100,,4038,37,,,0,100,,4043,37,,,0,100,,4044,37,,,0,100,,4045,37,,,0,100,,4046,37,,,0,100,,4047,37,,,0
1200,'Sunday-01',831,,4048,37,,,0,100,,4049,37,,,0,100,,4050,37,,,0,100,,4051,37,,,0,100,,4052,37,,,0,100,,4053,37,,,0,100,,4054,37,,,0,100,,4055,37,,,0,100,,4056,37,,,0,100,,4057,37,,,0,100,,4058,37,,,0
1200,'Weekday-01',616,,4086,37,,,0,30,,4087,37,,,0,70,,4088,37,,,0,30,,4089,37,,,0,70,,4075,37,,,0,30,,4076,37,,,0,70,,4067,37,,,0,30,,4068,37,,,0,70,,4066,37,,,0,30,,4065,37,,,0,70,,4064,37,,,0,30,,4063,37,,,0,70,,4062,37,,,0,30,,4061,37,,,0,70,,4060,37,,,0,30,,4059,37,,,0,70,,4084,37,,,0,30,,4083,37,,,0,70,,4082,37,,,0,30,,4081,37,,,0,70,,4077,37,,,0,30,,4078,37,,,0,70,,4079,37,,,0,30,,4080,37,,,0,70,,4085,37,,,0,100,,4069,37,,,0,100,,4070,37,,,0,100,,4071,37,,,0,100,,4072,37,,,0,100,,4073,37,,,0,100,,4074,37,,,0
1500,'Saturday-01',811,,4161,2,,,0,90,,4163,24,,,0,50,,4164,24,,,0,90,,4165,24,,,0,90,,4166,24,,,0,90,,4167,24,,,0,90,,4168,24,,,0,90,,4169,24,,,0,50,,4170,24,,,0,90,,4171,24,,,0,90,,4172,24,,,0,90,,4173,24,,,0,89,,4162,24,,,0
1500,'Weekday-01',811,,4186,2,,,0,90,,4174,24,,,0,50,,4176,24,,,0,90,,4177,24,,,0,90,,4178,24,,,0,90,,4179,24,,,0,90,,4180,24,,,0,90,,4181,24,,,0,50,,4182,24,,,0,90,,4183,24,,,0,90,,4184,24,,,0,90,,4185,24,,,0,89,,4175,24,,,0
3000,'Weekday-01',654,,4519,9,,,0,70,,4513,9,,,0,30,,4520,9,,,0,70,,4521,9,,,0,30,,4522,9,,,0,70,,4523,9,,,0,30,,4514,9,,,0,70,,4515,9,,,0,30,,4524,9,,,0,72,,4525,9,,,0,30,,4526,9,,,0,70,,4527,9,,,0,32,,4528,9,,,0,70,,4516,9,,,0,30,,4529,9,,,0,70,,4530,9,,,0,30,,4531,9,,,0,70,,4532,9,,,0,30,,4517,9,,,0,70,,4518,9,,,0,30,,4533,9,,,0
5000,'Saturday-01',636,,4748,2,,,0,100,,4749,2,,,0,100,,4750,2,,,0,70,,4751,2,,,0,30,,4752,2,,,0,70,,4753,2,,,0,30,,4754,2,,,0,70,,4755,2,,,0,30,,4756,2,,,0,70,,4757,2,,,0,30,,4758,2,,,0,70,,4759,2,,,0,30,,4760,2,,,0,70,,4761,2,,,0,30,,4762,2,,,0,70,,4763,2,,,0,30,,4764,2,,,0,70,,4765,2,,,0,30,,4766,2,,,0,70,,4767,2,,,0,30,,4768,2,,,0,70,,4769,2,,,0,30,,4770,2,,,0,70,,4771,2,,,0,30,,4772,2,,,0,70,,4773,2,,,0,30,,4774,2,,,0,70,,4775,2,,,0,40,,4745,2,,,0,100,,4746,2,,,0,100,,4747,2,,,0
5000,'Sunday-01',831,,4776,2,,,0,100,,4777,2,,,0,100,,4778,2,,,0,70,,4779,2,,,0,30,,4780,2,,,0,70,,4781,2,,,0,30,,4782,2,,,0,70,,4783,2,,,0,30,,4784,2,,,0,70,,4785,2,,,0,30,,4786,2,,,0,70,,4787,2,,,0,30,,4788,2,,,0,70,,4789,2,,,0,30,,4790,2,,,0,70,,4791,2,,,0
5000,'Weekday-01',606,,4792,2,,,0,30,,4793,2,,,0,70,,4794,2,,,0,30,,4795,2,,,0,70,,4796,2,,,0,30,,4797,2,,,0,70,,4798,2,,,0,30,,4799,2,,,0,70,,4800,2,,,0,30,,4801,2,,,0,70,,4802,2,,,0,30,,4803,2,,,0,70,,4804,2,,,0,30,,4805,2,,,0,70,,4806,2,,,0,30,,4807,2,,,0,70,,4808,2,,,0,30,,4809,2,,,0,70,,4810,2,,,0,30,,4811,2,,,0,70,,4812,2,,,0,30,,4813,2,,,0,70,,4814,2,,,0,30,,4815,2,,,0,70,,4816,2,,,0,30,,4817,2,,,0,70,,4818,2,,,0,30,,4819,2,,,0,70,,4820,2,,,0,30,,4821,2,,,0,70,,4822,2,,,0,40,,4823,2,0,11 12,0,100,,4824,2,0,11 12,0,100,,4825,2,0,11 12,0
