700,'Saturday-01',613,,3402,9,,,0,100,,3403,9,,,0,30,,3404,9,,,0,70,,3405,9,,,0,30,,3406,9,,,0,70,,3407,9,,,0,30,,3408,9,,,0,70,,3409,9,,,0,30,,3410,9,,,0,70,,3411,9,,,0,30,,3412,9,,,0,70,,3413,9,,,0,30,,3414,9,,,0,70,,3415,9,,,0,30,,3416,9,,,0,70,,3417,9,,,0,30,,3418,9,,,0,70,,3419,9,,,0,30,,3420,9,,,0,70,,3421,9,,,0,30,,3422,9,,,0,70,,3423,9,,,0,30,,3424,9,,,0,85,,3425,9,,,0,85,,3426,9,,,0,30,,3427,9,,,0,104,,3428,9,,,0,100,,3429,9,,,0,100,,3430,9,,,0,100,,3431,9,,,0
700,'Sunday-01',811,,3442,9,,,0,30,,3443,9,,,0,70,,3444,9,,,0,30,,3445,9,,,0,70,,3446,9,,,0,30,,3447,9,,,0,70,,3448,9,,,0,30,,3449,9,,,0,70,,3450,9,,,0,30,,3451,9,,,0,70,,3441,9,,,0,30,,3437,9,,,0,70,,3432,9,,,0,30,,3433,9,,,0,70,,3434,9,,,0,30,,3435,9,,,0,70,,3436,9,,,0,30,,3438,9,,,0,70,,3439,9,,,0,30,,3440,9,,,0
700,'Weekday-01',541,,3452,9,,,0,70,,3453,9,,,0,15,,3454,9,0,7,0,15,,3455,9,,,0,15,,3456,9,,,0,55,,3457,9,,,0,15,,3458,9,,,0,15,,3459,9,,,0,15,,3460,9,,,0,55,,3461,9,,,0,15,,3462,9,,,0,15,,3463,9,,,0,70,,3464,9,,,0,30,,3465,9,,,0,70,,3466,9,,,0,30,,3467,9,,,0,70,,3468,9,,,0,30,,3469,9,,,0,70,,3470,9,,,0,30,,3471,9,,,0,70,,3472,9,,,0,30,,3473,9,,,0,70,,3474,9,,,0,25,,3475,9,,,0,70,,3476,9,,,0,30,,3477,9,,,0,70,,3478,9,,,0,30,,3479,9,,,0,70,,3480,9,,,0,33,,3481,9,,,0,85,,3482,9,,,0,85,,3483,9,,,0,30,,3484,9,,,0,108,,3485,9,,,0,100,,3486,9,,,0,100,,3487,9,,,0,100,,3488,9,,,0
901,'Saturday-01',707,,3790,73,,,0,30,,3791,73,,,0,70,,3792,73,,,0,30,,3793,73,,,0,70,,3794,73,,,0,30,,3795,73,,,0,70,,3796,73,,,0,30,,3797,73,,,0,70,,3798,73,,,0,30,,3799,73,,,0,70,,3800,73,,,0,30,,3801,73,,,0,70,,3802,73,,,0,30,,3803,73,,,0,70,,3804,73,,,0,30,,3805,73,,,0,70,,3806,73,,,0,30,,3807,73,,,0,70,,3808,73,,,0,30,,3809,73,,,0,70,,3810,73,,,0,30,,3811,73,,,0,70,,3812,73,,,0,30,,3813,73,,,0,83,,3814,73,,,0,85,,3815,73,,,0,49,,3816,73,,,0,70,,3817,73,,,0,81,,3818,73,,,0,100,,3819,73,,,0,100,,3820,73,,,0
901,'Sunday-01',837,,3839,73,,,0,70,,3829,73,,,0,30,,3840,73,,,0,70,,3830,73,,,0,30,,3841,73,,,0,70,,3831,73,,,0,30,,3821,73,,,0,70,,3832,73,,,0,30,,3822,73,,,0,70,,3833,73,,,0,30,,3823,73,,,0,70,,3834,73,,,0,30,,3824,73,,,0,70,,3835,73,,,0,30,,3825,73,,,0,70,,3836,73,,,0,30,,3826,73,,,0,70,,3837,73,,,0,30,,3827,73,,,0,70,,3838,73,,,0,30,,3828,73,,,0
901,'Weekday-01',636,,3842,73,,,0,70,,3843,73,,,0,30,,3844,73,,,0,70,,3845,73,,,0,30,,3846,73,,,0,72,,3847,73,,,0,30,,3848,73,,,0,70,,3849,73,,,0,30,,3850,73,,,0,70,,3851,73,,,0,30,,3852,73,,,0,70,,3853,73,,,0,30,,3854,73,,,0,70,,3855,73,,,0,30,,3856,73,,,0,70,,3857,73,,,0,30,,3858,73,,,0,70,,3859,73,,,0,30,,3860,73,,,0,15,,3861,73,,,0,55,,3862,73,,,0,15,,3863,73,,,0,15,,3864,73,,,0,15,,3865,73,,,0,55,,3866,73,,,0,15,,3867,73,,,0,22,,3868,73,,,0,70,,3869,73,,,0,27,,3870,73,,,0,79,,3871,73,,,0,82,,3872,73,,,0,45,,3873,73,,,0,70,,3874,73,,,0,85,,3875,73,,,0,100,,3876,73,,,0,100,,3877,73,,,0
1800,'Saturday-01',610,,4229,1,,,0,30,,4230,1,,,0,70,,4231,1,,,0,30,,4232,1,,,0,70,,4233,1,,,0,30,,4234,1,,,0,70,,4235,1,,,0,30,,4236,1,,,0,70,,4237,1,,,0,30,,4238,1,,,0,70,,4239,1,,,0,30,,4240,1,,,0,70,,4241,1,,,0,30,,4242,1,,,0,70,,4243,1,,,0,30,,4244,1,,,0,70,,4245,1,,,0,30,,4246,1,,,0,70,,4247,1,,,0,30,,4248,1,,,0,70,,4249,1,,,0,30,,4250,1,,,0,70,,4251,1,,,0,30,,4252,1,,,0,70,,4253,1,,,0
1800,'Sunday-01',810,,4254,1,,,0,100,,4255,1,,,0,100,,4256,1,,,0,100,,4257,1,,,0,100,,4258,1,,,0,100,,4259,1,,,0,100,,4260,1,,,0,100,,4261,1,,,0,100,,4262,1,,,0,100,,4263,1,,,0,100,,4264,1,,,0
1800,'Weekday-01',610,,4265,1,,,0,30,,4266,1,,,0,70,,4267,1,,,0,30,,4268,1,,,0,70,,4269,1,,,0,30,,4270,1,,,0,70,,4271,1,,,0,30,,4272,1,,,0,70,,4273,1,,,0,30,,4274,1,,,0,70,,4275,1,,,0,30,,4276,1,,,0,70,,4277,1,,,0,30,,4278,1,,,0,70,,4279,1,,,0,30,,4280,1,,,0,70,,4281,1,,,0,30,,4282,1,,,0,70,,4283,1,,,0,30,,4284,1,,,0,70,,4285,1,,,0,30,,4286,1,,,0,70,,4287,1,,,0,30,,4288,1,,,0,70,,4289,1,,,0,30,,4290,1,,,0,100,,4291,1,,,0,100,,4292,1,,,0,100,,4293,1,,,0
1801,'Saturday-01',610,,4319,23,4,,0,30,,4320,23,4,,0,70,,4294,36,4,,0,30,,4295,36,4,,0,70,,4296,36,4,,0,30,,4297,36,4,,0,70,,4298,36,4,,0,30,,4299,36,4,,0,70,,4300,36,4,,0,30,,4301,36,4,,0,70,,4302,36,4,,0,30,,4303,36,4,,0,70,,4304,36,4,,0,30,,4305,36,4,,0,70,,4306,36,4,,0,30,,4307,36,4,,0,70,,4308,36,4,,0,30,,4309,36,4,,0,70,,4310,36,4,,0,30,,4311,36,4,,0,70,,4312,36,4,,0,30,,4313,36,4,,0,70,,4314,36,4,,0,30,,4315,36,4,,0,70,,4316,36,4,,0,30,,4317,36,4,,0,70,,4318,36,4,,0
1801,'Sunday-01',810,,4321,23,4,,0,100,,4323,36,4,,0,100,,4324,36,4,,0,100,,4325,36,4,,0,100,,4326,36,4,,0,100,,4327,36,4,,0,100,,4328,36,4,,0,100,,4329,36,4,,0,100,,4330,36,4,,0,100,,4331,36,4,,0,100,,4322,36,4,,0,100,,4332,36,4,,0
1801,'Weekday-01',610,,4333,23,4,,0,30,,4334,23,4,,0,70,,4335,36,4,,0,30,,4336,36,4,,0,70,,4337,36,4,,0,30,,4338,36,4,,0,70,,4339,36,4,,0,30,,4340,36,4,,0,70,,4341,36,4,,0,30,,4342,36,4,,0,70,,4343,36,4,,0,30,,4344,36,4,,0,70,,4345,36,4,,0,30,,4346,36,4,,0,70,,4347,36,4,,0,30,,4348,36,4,,0,70,,4349,36,4,,0,30,,4350,36,4,,0,70,,4351,36,4,,0,30,,4352,36,4,,0,70,,4353,36,4,,0,30,,4354,36,4,,0,70,,4355,36,4,,0,30,,4356,36,4,,0,70,,4357,36,4,,0,30,,4358,36,4,,0,70,,4359,36,4,,0,30,,4360,36,4,,0,100,,4361,36,4,,0,100,,4362,36,4,,0,88,,4363,36,4,,0
4000,'Saturday-01',643,,4555,49,4,,0,70,,4556,49,4,,0,30,,4557,49,4,,0,70,,4558,49,4,,0,30,,4559,49,4,,0,70,,4560,49,4,,0,30,,4561,49,4,,0,70,,4562,49,4,,0,30,,4563,49,4,,0,70,,4564,49,4,,0,30,,4565,49,4,,0,70,,4566,49,4,,0,30,,4567,49,4,,0,70,,4568,49,4,,0,30,,4569,49,4,,0,70,,4570,49,4,,0,30,,4571,49,4,,0,70,,4572,49,4,,0,30,,4573,49,4,,0,70,,4574,49,4,,0,30,,4575,49,4,,0,70,,4576,49,4,,0,30,,4577,49,4,,0,70,,4578,49,4,,0,30,,4579,49,4,,0,70,,4580,49,4,,0,30,,4581,49,4,,0,70,,4582,49,4,,0,30,,4583,49,4,,0,70,,4584,49,4,,0,30,,4585,49,4,,0,70,,4586,49,4,,0,30,,4587,49,4,,0,70,,4588,49,4,,0,30,,4589,49,4,,0,100,,4590,49,4,,0
4000,'Sunday-01',843,,4591,49,4,,0,70,,4592,49,4,,0,30,,4593,49,4,,0,70,,4594,49,4,,0,30,,4595,49,4,,0,70,,4596,49,4,,0,30,,4597,49,4,,0,70,,4598,49,4,,0,30,,4599,49,4,,0,70,,4600,49,4,,0,30,,4601,49,4,,0,70,,4602,49,4,,0,30,,4603,49,4,,0,70,,4604,49,4,,0,30,,4605,49,4,,0,70,,4606,49,4,,0,30,,4607,49,4,,0,70,,4608,49,4,,0,30,,4609,49,4,,0,70,,4610,49,4,,0,30,,4611,49,4,,0
4000,'Weekday-01',643,,4649,49,4,,0,70,,4640,49,4,,0,30,,4641,49,4,,0,70,,4642,49,4,,0,30,,4643,49,4,,0,70,,4644,49,4,,0,30,,4645,49,4,,0,70,,4646,49,4,,0,30,,4647,49,4,,0,70,,4648,49,4,,0,30,,4615,49,4,,0,70,,4637,49,4,,0,30,,4636,49,4,,0,70,,4635,49,4,,0,30,,4634,49,4,,0,70,,4616,49,4,,0,30,,4633,49,4,,0,70,,4632,49,4,,0,30,,4638,49,4,,0,70,,4617,49,4,,0,30,,4618,49,4,,0,70,,4619,49,4,,0,30,,4631,49,4,,0,70,,4639,49,4,,0,30,,4621,49,4,,0,70,,4623,49,4,,0,30,,4630,49,4,,0,70,,4629,49,4,,0,30,,4628,49,4,,0,70,,4620,49,4,,0,30,,4627,49,4,,0,70,,4626,49,4,,0,30,,4625,49,4,,0,70,,4624,49,4,,0,30,,4614,49,4,,0,100,,4622,49,4,,0
4001,'Saturday-01',543,,4651,1,,,0,100,,4652,1,,,0,70,,4653,1,,,0,30,,4654,1,,,0,70,,4655,1,,,0,30,,4656,1,,,0,70,,4657,1,,,0,30,,4658,1,,,0,70,,4659,1,,,0,30,,4660,1,,,0,70,,4661,1,,,0,30,,4662,1,,,0,70,,4663,1,,,0,30,,4664,1,,,0,70,,4665,1,,,0,30,,4666,1,,,0,70,,4667,1,,,0,30,,4668,1,,,0,70,,4669,1,,,0,30,,4670,1,,,0,70,,4671,1,,,0,30,,4672,1,,,0,70,,4673,1,,,0,30,,4674,1,,,0,70,,4675,1,,,0,30,,4676,1,,,0,70,,4677,1,,,0,30,,4678,1,,,0,70,,4679,1,,,0,30,,4680,1,,,0,70,,4681,1,,,0,30,,4682,1,,,0,70,,4683,1,,,0,30,,4684,1,,,0,70,,4686,1,,,0,30,,4685,1,,,0
4001,'Sunday-01',743,,4687,1,,,0,70,,4688,1,,,0,30,,4689,1,,,0,70,,4690,1,,,0,30,,4691,1,,,0,70,,4692,1,,,0,30,,4693,1,,,0,70,,4694,1,,,0,30,,4695,1,,,0,70,,4696,1,,,0,30,,4697,1,,,0,70,,4698,1,,,0,30,,4699,1,,,0,70,,4700,1,,,0,30,,4701,1,,,0,70,,4702,1,,,0,30,,4703,1,,,0,70,,4704,1,,,0,30,,4705,1,,,0,70,,4706,1,,,0,30,,4707,1,,,0
4001,'Weekday-01',543,,4743,1,,,0,70,,4708,1,,,0,30,,4709,1,,,0,70,,4710,1,,,0,30,,4711,1,,,0,70,,4712,1,,,0,30,,4713,1,,,0,70,,4714,1,,,0,30,,4715,1,,,0,70,,4716,1,,,0,30,,4717,1,,,0,70,,4718,1,,,0,30,,4719,1,,,0,70,,4720,1,,,0,30,,4721,1,,,0,70,,4722,1,,,0,30,,4723,1,,,0,70,,4724,1,,,0,30,,4725,1,,,0,70,,4726,1,,,0,30,,4727,1,,,0,70,,4728,1,,,0,30,,4729,1,,,0,70,,4730,1,,,0,30,,4731,1,,,0,70,,4732,1,,,0,30,,4733,1,,,0,70,,4734,1,,,0,30,,4735,1,,,0,70,,4736,1,,,0,30,,4737,1,,,0,70,,4738,1,,,0,30,,4739,1,,,0,70,,4740,1,,,0,30,,4741,1,,,0,70,,4744,1,,,0,30,,4742,1,,,0
