400,'Saturday-01',703,,3169,74,,,0,30,,3137,74,,,0,70,,3168,74,,,0,30,,3167,74,,,0,70,,3138,74,,,0,30,,3166,74,,,0,70,,3139,74,,,0,30,,3165,74,,,0,70,,3164,74,,,0,30,,3140,74,,,0,70,,3163,74,,,0,30,,3141,74,,,0,70,,3142,74,,,0,30,,3162,74,,,0,70,,3161,74,,,0,30,,3143,74,,,0,70,,3160,74,,,0,30,,3159,74,,,0,70,,3144,74,,,0,30,,3145,74,,,0,70,,3146,74,,,0,30,,3158,74,,,0,70,,3157,74,,,0,30,,3156,74,,,0,70,,3147,74,,,0,30,,3148,74,,,0,70,,3155,74,,,0,34,,3154,74,,,0,70,,3153,74,,,0,30,,3149,74,,,0,100,,3152,74,,,0,100,,3151,74,,,0,100,,3150,74,,,0
400,'Sunday-01',852,,3170,74,,,0,70,,3181,74,,,0,30,,3171,74,,,0,70,,3182,74,,,0,30,,3172,74,,,0,70,,3183,74,,,0,30,,3173,74,,,0,70,,3184,74,,,0,30,,3174,74,,,0,70,,3185,74,,,0,30,,3175,74,,,0,70,,3186,74,,,0,30,,3176,74,,,0,70,,3187,74,,,0,30,,3177,74,,,0,70,,3188,74,,,0,30,,3178,74,,,0,70,,3189,74,,,0,30,,3179,74,,,0,70,,3190,74,,,0,30,,3180,74,,,0
400,'Weekday-01',640,,3191,74,,,0,70,,3192,74,,,0,30,,3193,74,,,0,70,,3194,74,,,0,30,,3195,74,,,0,70,,3196,74,,,0,30,,3197,74,,,0,70,,3198,74,,,0,30,,3199,74,,,0,70,,3200,74,,,0,30,,3201,74,,,0,70,,3202,74,,,0,30,,3203,74,,,0,70,,3204,74,,,0,30,,3205,74,,,0,70,,3206,74,,,0,30,,3207,74,,,0,70,,3208,74,,,0,30,,3209,74,,,0,70,,3210,74,,,0,30,,3211,74,,,0,70,,3212,74,,,0,30,,3213,74,,,0,70,,3214,74,,,0,32,,3215,74,,,0,65,,3216,74,,,0,30,,3217,74,,,0,70,,3218,74,,,0,30,,3219,74,,,0,70,,3220,74,,,0,30,,3221,74,,,0,100,,3222,74,,,0,100,,3223,74,,,0,100,,3224,74,,,0
900,'Saturday-01',612,,3701,26,,,0,30,,3702,26,,,0,70,,3703,26,,,0,30,,3704,26,,,0,70,,3705,26,,,0,30,,3706,26,,,0,70,,3707,26,,,0,30,,3708,26,,,0,70,,3709,26,,,0,30,,3710,26,,,0,70,,3711,26,,,0,30,,3712,26,,,0,70,,3713,26,,,0,30,,3714,26,,,0,70,,3715,26,,,0,30,,3716,26,,,0,70,,3717,26,,,0,30,,3718,26,,,0,70,,3719,26,,,0,30,,3720,26,,,0,70,,3721,26,,,0,30,,3722,26,,,0,89,,3723,26,,,0,70,,3724,26,,,0,30,,3725,26,,,0,85,,3726,26,,,0,30,,3728,26,,,0,85,,3729,26,,,0,100,,3730,26,,,0,100,,3731,26,,,0,100,,3727,26,,,0
900,'Sunday-01',742,,3751,26,,,0,70,,3753,26,,,0,30,,3741,26,,,0,70,,3740,26,,,0,30,,3742,26,,,0,70,,3735,26,,,0,30,,3743,26,,,0,70,,3736,26,,,0,30,,3744,26,,,0,70,,3737,26,,,0,30,,3745,26,,,0,70,,3738,26,,,0,30,,3746,26,,,0,70,,3739,26,,,0,30,,3747,26,,,0,70,,3732,26,,,0,30,,3748,26,,,0,70,,3733,26,,,0,30,,3749,26,,,0,70,,3734,26,,,0,30,,3750,26,,,0,70,,3752,26,,,0
900,'Weekday-01',542,,3754,26,,,0,70,,3755,26,,,0,25,,3756,26,,,0,70,,3757,26,,,0,30,,3758,26,,,0,70,,3759,26,,,0,30,,3760,26,,,0,75,,3761,26,,,0,30,,3762,26,,,0,70,,3763,26,,,0,30,,3764,26,,,0,70,,3765,26,,,0,30,,3766,26,,,0,70,,3767,26,,,0,30,,3768,26,,,0,70,,3769,26,,,0,30,,3770,26,,,0,70,,3771,26,,,0,30,,3772,26,,,0,15,,3773,26,,,0,55,,3774,26,,,0,15,,3775,26,,,0,15,,3776,26,,,0,70,,3777,26,,,0,15,,3778,26,,,0,15,,3779,26,,,0,15,,3780,26,,,0,69,,3781,26,,,0,30,,3782,26,,,0,70,,3783,26,,,0,85,,3784,26,,,0,31,,3785,26,,,0,85,,3786,26,,,0,100,,3787,26,,,0,100,,3788,26,,,0,100,,3789,26,,,0
1801,'Saturday-01',646,,4294,10,,,0,70,,4295,10,,,0,30,,4296,10,,,0,70,,4297,10,,,0,30,,4298,10,,,0,70,,4299,10,,,0,30,,4300,10,,,0,70,,4301,10,,,0,30,,4302,10,,,0,70,,4303,10,,,0,30,,4304,10,,,0,70,,4305,10,,,0,30,,4306,10,,,0,70,,4307,10,,,0,30,,4308,10,,,0,70,,4309,10,,,0,30,,4310,10,,,0,70,,4311,10,,,0,30,,4312,10,,,0,70,,4313,10,,,0,30,,4314,10,,,0,70,,4315,10,,,0,30,,4316,10,,,0,70,,4317,10,,,0,30,,4318,10,,,0
1801,'Sunday-01',846,,4323,10,,,0,100,,4324,10,,,0,100,,4325,10,,,0,100,,4326,10,,,0,100,,4327,10,,,0,100,,4328,10,,,0,100,,4329,10,,,0,100,,4330,10,,,0,100,,4331,10,,,0,100,,4322,10,,,0,100,,4332,10,,,0
1801,'Weekday-01',646,,4335,10,,,0,70,,4336,10,,,0,30,,4337,10,,,0,70,,4338,10,,,0,30,,4339,10,,,0,70,,4340,10,,,0,30,,4341,10,,,0,70,,4342,10,,,0,30,,4343,10,,,0,70,,4344,10,,,0,30,,4345,10,,,0,70,,4346,10,,,0,30,,4347,10,,,0,70,,4348,10,,,0,30,,4349,10,,,0,70,,4350,10,,,0,30,,4351,10,,,0,70,,4352,10,,,0,30,,4353,10,,,0,70,,4354,10,,,0,30,,4355,10,,,0,70,,4356,10,,,0,30,,4357,10,,,0,70,,4358,10,,,0,30,,4359,10,,,0,70,,4360,10,,,0,100,,4361,10,,,0,100,,4362,10,,,0,94,,4363,10,,,0
2400025501,'Weekday-01-1111100',1516,,5087,4,,,0
