800,'Saturday-01',643,,3579,47,,,0,100,,3580,47,,,0,100,,3581,47,,,0,70,,3584,47,,,0,30,,3585,47,,,0,70,,3586,47,,,0,30,,3587,47,,,0,70,,3588,47,,,0,30,,3589,47,,,0,70,,3590,47,,,0,30,,3591,47,,,0,70,,3592,47,,,0,30,,3593,47,,,0,70,,3594,47,,,0,30,,3583,47,,,0,70,,3582,47,,,0,30,,3601,47,,,0,70,,3600,47,,,0,30,,3599,47,,,0,70,,3598,47,,,0,30,,3597,47,,,0,70,,3595,47,,,0,100,,3596,47,,,0,100,,3602,47,,,0,100,,3603,47,,,0
800,'Sunday-01',828,,3604,47,,,0,100,,3605,47,,,0,100,,3606,47,,,0,100,,3607,47,,,0,100,,3608,47,,,0,100,,3609,47,,,0,100,,3610,47,,,0,100,,3611,47,,,0,100,,3612,47,,,0,100,,3613,47,,,0,100,,3614,47,,,0
800,'Weekday-01',542,,3639,47,,,0,75,,3640,47,,,0,35,,3638,47,,,0,75,,3637,47,,,0,75,,3615,47,,,0,35,,3616,47,,,0,75,,3617,47,,,0,35,,3618,47,,,0,75,,3619,47,,,0,35,,3620,47,,,0,75,,3621,47,,,0,75,,3622,47,,,0,35,,3623,47,,,0,75,,3624,47,,,0,35,,3625,47,,,0,75,,3626,47,,,0,75,,3627,47,,,0,35,,3628,47,,,0,75,,3629,47,,,0,35,,3630,47,,,0,75,,3631,47,,,0,35,,3632,47,,,0,75,,3633,47,,,0,110,,3634,47,,,0,110,,3635,47,,,0,150,,3636,47,,,0
901,'Saturday-01',642,,3790,31,,,0,70,,3791,31,,,0,30,,3792,31,,,0,70,,3793,31,,,0,30,,3794,31,,,0,70,,3795,31,,,0,30,,3796,31,,,0,70,,3797,31,,,0,30,,3798,31,,,0,70,,3799,31,,,0,30,,3800,31,,,0,70,,3801,31,,,0,30,,3802,31,,,0,70,,3803,31,,,0,30,,3804,31,,,0,70,,3805,31,,,0,30,,3806,31,,,0,70,,3807,31,,,0,30,,3808,31,,,0,70,,3809,31,,,0,30,,3810,31,,,0,70,,3811,31,,,0,30,,3812,31,,,0,70,,3813,31,,,0,46,,3814,31,,,0,85,,3815,31,,,0,85,,3816,31,,,0,30,,3817,31,,,0,85,,3818,31,,,0,100,,3819,31,,,0,100,,3820,31,,,0
901,'Sunday-01',812,,3839,31,,,0,30,,3829,31,,,0,70,,3840,31,,,0,30,,3830,31,,,0,70,,3841,31,,,0,30,,3831,31,,,0,70,,3821,31,,,0,30,,3832,31,,,0,70,,3822,31,,,0,30,,3833,31,,,0,70,,3823,31,,,0,30,,3834,31,,,0,70,,3824,31,,,0,30,,3835,31,,,0,70,,3825,31,,,0,30,,3836,31,,,0,70,,3826,31,,,0,30,,3837,31,,,0,70,,3827,31,,,0,30,,3838,31,,,0,70,,3828,31,,,0
901,'Weekday-01',607,,3842,31,,,0,30,,3843,31,,,0,70,,3844,31,,,0,30,,3845,31,,,0,70,,3846,31,,,0,36,,3847,31,,,0,69,,3848,31,,,0,30,,3849,31,,,0,70,,3850,31,,,0,30,,3851,31,,,0,70,,3852,31,,,0,30,,3853,31,,,0,70,,3854,31,,,0,30,,3855,31,,,0,70,,3856,31,,,0,30,,3857,31,,,0,70,,3858,31,,,0,30,,3859,31,,,0,70,,3860,31,,,0,15,,3861,31,,,0,15,,3862,31,,,0,15,,3863,31,,,0,55,,3864,31,,,0,15,,3865,31,,,0,15,,3866,31,,,0,15,,3867,31,,,0,55,,3868,31,,,0,30,,3869,31,,,0,70,,3870,31,,,0,45,,3871,31,,,0,86,,3872,31,,,0,85,,3873,31,,,0,30,,3874,31,,,0,85,,3875,31,,,0,100,,3876,31,,,0,100,,3877,31,,,0
6001,'Saturday-01',653,,4983,30,,,0,80,,4986,30,,,0,80,,4999,30,,,0,40,,4998,30,,,0,80,,4997,30,,,0,80,,5000,30,,,0,40,,5007,30,,,0,80,,5005,30,,,0,80,,5003,30,,,0,40,,4994,30,,,0,80,,4996,30,,,0,80,,4993,30,,,0,40,,5010,30,,,0,80,,5011,30,,,0,80,,5009,30,,,0,40,,5006,30,,,0,80,,5004,30,,,0,80,,4995,30,,,0,40,,4992,30,,,0,80,,5008,30,,,0,80,,5001,30,,,0,40,,5002,30,,,0,80,,4990,30,,,0,80,,4991,30,,,0,40,,4989,30,,,0,80,,4988,30,,,0,80,,4987,30,,,0
6001,'Sunday-01',828,,5012,30,,,0,80,,5016,30,,,0,40,,5019,30,,,0,80,,5017,30,,,0,80,,5018,30,,,0,40,,5020,30,,,0,80,,5021,30,,,0,80,,5022,30,,,0,40,,5023,30,,,0,80,,5025,30,,,0,80,,5026,30,,,0,40,,5024,30,,,0,80,,5027,30,,,0,80,,5028,30,,,0,40,,5015,30,,,0,80,,5014,30,,,0
6001,'Weekday-01',628,,5066,30,,,0,25,,5030,30,,,0,65,,5031,30,,,0,25,,5032,30,,,0,65,,5033,30,,,0,35,,5034,30,,,0,15,,5035,30,,,0,65,,5036,30,,,0,35,,5037,30,,,0,80,,5038,30,,,0,80,,5039,30,,,0,40,,5040,30,,,0,80,,5041,30,,,0,80,,5042,30,,,0,40,,5043,30,,,0,90,,5044,30,,,0,65,,5045,30,,,0,25,,5046,30,,,0,65,,5047,30,,,0,25,,5048,30,,,0,25,,5049,30,,,0,65,,5050,30,,,0,25,,5051,30,,,0,65,,5052,30,,,0,25,,5053,30,,,0,25,,5054,30,,,0,65,,5055,30,,,0,25,,5056,30,,,0,75,,5057,30,,,0,15,,5058,30,,,0,65,,5059,30,,,0,40,,5060,30,,,0,80,,5061,30,,,0,80,,5062,30,,,0,40,,5063,30,,,0,70,,5064,30,,,0
231119801,'Weekday-01-1111100',1651,,5086,16,,,0
