400,'Saturday-01',647,,3169,47,,,0,70,,3137,47,,,0,30,,3168,47,,,0,70,,3167,47,,,0,30,,3138,47,,,0,70,,3166,47,,,0,30,,3139,47,,,0,70,,3165,47,,,0,30,,3164,47,,,0,70,,3140,47,,,0,30,,3163,47,,,0,70,,3141,47,,,0,30,,3142,47,,,0,70,,3162,47,,,0,30,,3161,47,,,0,70,,3143,47,,,0,30,,3160,47,,,0,70,,3159,47,,,0,30,,3144,47,,,0,70,,3145,47,,,0,30,,3146,47,,,0,70,,3158,47,,,0,30,,3157,47,,,0,70,,3156,47,,,0,30,,3147,47,,,0,70,,3148,47,,,0,30,,3155,47,,,0,70,,3154,47,,,0,30,,3153,47,,,0,70,,3149,47,,,0,100,,3152,47,,,0,100,,3151,47,,,0,100,,3150,47,,,0
400,'Sunday-01',832,,3170,47,,,0,70,,3181,47,,,0,30,,3171,47,,,0,70,,3182,47,,,0,30,,3172,47,,,0,70,,3183,47,,,0,30,,3173,47,,,0,70,,3184,47,,,0,30,,3174,47,,,0,70,,3185,47,,,0,30,,3175,47,,,0,70,,3186,47,,,0,30,,3176,47,,,0,70,,3187,47,,,0,30,,3177,47,,,0,70,,3188,47,,,0,30,,3178,47,,,0,70,,3189,47,,,0,30,,3179,47,,,0,70,,3190,47,,,0,30,,3180,47,,,0
400,'Weekday-01',618,,3191,47,,,0,30,,3192,47,,,0,70,,3193,47,,,0,30,,3194,47,,,0,70,,3195,47,,,0,30,,3196,47,,,0,70,,3197,47,,,0,30,,3198,47,,,0,70,,3199,47,,,0,30,,3200,47,,,0,70,,3201,47,,,0,30,,3202,47,,,0,70,,3203,47,,,0,30,,3204,47,,,0,70,,3205,47,,,0,30,,3206,47,,,0,70,,3207,47,,,0,30,,3208,47,,,0,70,,3209,47,,,0,30,,3210,47,,,0,70,,3211,47,,,0,30,,3212,47,,,0,70,,3213,47,,,0,30,,3214,47,,,0,70,,3215,47,,,0,29,,3216,47,,,0,70,,3217,47,,,0,30,,3218,47,,,0,70,,3219,47,,,0,30,,3220,47,,,0,70,,3221,47,,,0,100,,3222,47,,,0,100,,3223,47,,,0,100,,3224,47,,,0
701,'Saturday-01',632,,3489,58,,,0,100,,3490,58,,,0,70,,3491,58,,,0,30,,3492,58,,,0,70,,3493,58,,,0,30,,3494,58,,,0,70,,3495,58,,,0,30,,3496,58,,,0,70,,3497,58,,,0,30,,3498,58,,,0,70,,3499,58,,,0,30,,3500,58,,,0,70,,3501,58,,,0,30,,3502,58,,,0,70,,3503,58,,,0,30,,3504,58,,,0,70,,3505,58,,,0,30,,3506,58,,,0,70,,3507,58,,,0,30,,3508,58,,,0,70,,3509,58,,,0,30,,3510,58,,,0,70,,3511,58,,,0,30,,3512,58,,,0,70,,3513,58,,,0,100,,3516,58,,,0,45,,3517,58,,,0,70,,3518,58,,,0,100,,3519,58,,,0,100,,3520,58,,,0,100,,3515,58,,,0
701,'Sunday-01',832,,3521,58,,,0,70,,3522,58,,,0,30,,3523,58,,,0,70,,3524,58,,,0,30,,3525,58,,,0,70,,3526,58,,,0,30,,3527,58,,,0,70,,3528,58,,,0,30,,3529,58,,,0,70,,3530,58,,,0,30,,3531,58,,,0,70,,3532,58,,,0,30,,3533,58,,,0,70,,3534,58,,,0,30,,3535,58,,,0,70,,3536,58,,,0,30,,3537,58,,,0,70,,3538,58,,,0,30,,3539,58,,,0,70,,3540,58,,,0,30,,3541,58,,,0
701,'Weekday-01',602,,3542,58,,,0,30,,3543,58,,,0,70,,3544,58,,,0,20,,3545,58,,,0,10,,3546,58,,,0,15,,3547,58,,,0,55,,3548,58,,,0,15,,3549,58,,,0,15,,3550,58,,,0,70,,3551,58,,,0,30,,3552,58,,,0,70,,3553,58,,,0,30,,3554,58,,,0,70,,3555,58,,,0,30,,3556,58,,,0,70,,3557,58,,,0,30,,3558,58,,,0,70,,3559,58,,,0,30,,3560,58,,,0,70,,3561,58,,,0,30,,3562,58,,,0,70,,3563,58,,,0,30,,3564,58,,,0,70,,3565,58,,,0,25,,3566,58,,,0,30,,3567,58,,,0,75,,3568,58,,,0,70,,3569,58,,,0,30,,3570,58,,,0,70,,3571,58,,,0,100,,3572,58,,,0,45,,3573,58,,,0,70,,3574,58,,,0,100,,3575,58,,,0,100,,3576,58,,,0,100,,3577,58,,,0
901,'Saturday-01',647,,3790,37,,,0,70,,3791,37,,,0,30,,3792,37,,,0,70,,3793,37,,,0,30,,3794,37,,,0,70,,3795,37,,,0,30,,3796,37,,,0,70,,3797,37,,,0,30,,3798,37,,,0,70,,3799,37,,,0,30,,3800,37,,,0,70,,3801,37,,,0,30,,3802,37,,,0,70,,3803,37,,,0,30,,3804,37,,,0,70,,3805,37,,,0,30,,3806,37,,,0,70,,3807,37,,,0,30,,3808,37,,,0,70,,3809,37,,,0,30,,3810,37,,,0,70,,3811,37,,,0,30,,3812,37,,,0,70,,3813,37,,,0,85,,3814,37,,,0,45,,3815,37,,,0,86,,3816,37,,,0,70,,3817,37,,,0,44,,3818,37,,,0,100,,3819,37,,,0,100,,3820,37,,,0
901,'Sunday-01',817,,3839,37,,,0,30,,3829,37,,,0,70,,3840,37,,,0,30,,3830,37,,,0,70,,3841,37,,,0,30,,3831,37,,,0,70,,3821,37,,,0,30,,3832,37,,,0,70,,3822,37,,,0,30,,3833,37,,,0,70,,3823,37,,,0,30,,3834,37,,,0,70,,3824,37,,,0,30,,3835,37,,,0,70,,3825,37,,,0,30,,3836,37,,,0,70,,3826,37,,,0,30,,3837,37,,,0,70,,3827,37,,,0,30,,3838,37,,,0,70,,3828,37,,,0
901,'Weekday-01',612,,3842,37,,,0,30,,3843,37,,,0,70,,3844,37,,,0,30,,3845,37,,,0,70,,3846,37,,,0,35,,3847,37,,,0,70,,3848,37,,,0,30,,3849,37,,,0,70,,3850,37,,,0,30,,3851,37,,,0,70,,3852,37,,,0,30,,3853,37,,,0,70,,3854,37,,,0,30,,3855,37,,,0,70,,3856,37,,,0,30,,3857,37,,,0,70,,3858,37,,,0,30,,3859,37,,,0,70,,3860,37,,,0,15,,3861,37,,,0,15,,3862,37,,,0,55,,3863,37,,,0,15,,3864,37,,,0,15,,3865,37,,,0,15,,3866,37,,,0,55,,3867,37,,,0,15,,3868,37,,,0,30,,3869,37,,,0,70,,3870,37,,,0,85,,3871,37,,,0,44,,3872,37,,,0,85,,3873,37,,,0,70,,3874,37,,,0,45,,3875,37,,,0,100,,3876,37,,,0,100,,3877,37,,,0
1001,'Saturday-01',643,,3946,39,,,0,100,,3947,39,,,0,99,,3948,39,,,0,70,,3949,39,,,0,30,,3950,39,,,0,70,,3951,39,,,0,30,,3952,39,,,0,70,,3953,39,,,0,30,,3954,39,,,0,70,,3955,39,,,0,30,,3956,39,,,0,70,,3957,39,,,0,30,,3958,39,,,0,70,,3959,39,,,0,30,,3960,39,,,0,70,,3961,39,,,0,30,,3962,39,,,0,70,,3963,39,,,0,30,,3964,39,,,0,70,,3965,39,,,0,30,,3966,39,,,0,71,,3967,39,,,0,104,,3969,39,,,0,85,,3970,39,,,0,45,,3971,39,,,0,70,,3972,39,,,0,101,,3973,39,,,0
1001,'Sunday-01',832,,3974,39,,,0,100,,3975,39,,,0,100,,3976,39,,,0,100,,3977,39,,,0,100,,3978,39,,,0,100,,3979,39,,,0,100,,3980,39,,,0,100,,3981,39,,,0,100,,3982,39,,,0,100,,3983,39,,,0,100,,3984,39,,,0
1001,'Weekday-01',612,,4017,9,,,0,30,,4003,50,,,0,70,,4004,50,,,0,30,,4005,50,,,0,70,,4006,50,,,0,30,,4007,50,,,0,70,,4008,50,,,0,30,,3985,39,,,0,70,,3986,39,,,0,30,,3987,39,,,0,70,,3988,39,,,0,30,,3989,39,,,0,70,,3990,39,,,0,30,,3991,39,,,0,70,,3992,39,,,0,30,,3993,39,,,0,70,,3994,39,,,0,30,,3995,39,,,0,70,,3996,39,,,0,30,,3997,39,,,0,70,,4009,50,,,0,30,,4010,50,,,0,70,,4011,50,,,0,30,,4012,50,,,0,70,,4013,50,,,0,20,,4014,50,,,0,85,,3998,39,,,0,85,,3999,39,,,0,45,,4000,39,,,0,70,,4001,39,,,0,101,,4002,39,,,0
2400,'Weekday-01',601,,4457,7,,,0,20,,4458,7,,,0,20,,4459,7,,,0,60,,4460,7,,,0,20,,4461,7,,,0,20,,4462,7,,,0,60,,4463,7,,,0,20,,4464,7,,,0,20,,4465,7,,,0,60,,4466,7,,,0,700,,4467,7,,,0,40,,4468,7,,,0,80,,4469,7,,,0,80,,4470,7,,,0,40,,4471,7,,,0,80,,4472,7,,,0,80,,4473,7,,,0,40,,4474,7,,,0,60,,4475,7,,,0,20,,4476,7,,,0,20,,4477,7,,,0,60,,4478,7,,,0,20,,4479,7,,,0,20,,4480,7,,,0,60,,4481,7,,,0,20,,4482,7,,,0,20,,4483,7,,,0,60,,4484,7,,,0,20,,4485,7,,,0
4000,'Saturday-01',621,,4555,29,,,0,30,,4556,29,,,0,70,,4557,29,,,0,30,,4558,29,,,0,70,,4559,29,,,0,30,,4560,29,,,0,70,,4561,29,,,0,30,,4562,29,,,0,70,,4563,29,,,0,30,,4564,29,,,0,70,,4565,29,,,0,30,,4566,29,,,0,70,,4567,29,,,0,30,,4568,29,,,0,70,,4569,29,,,0,30,,4570,29,,,0,70,,4571,29,,,0,30,,4572,29,,,0,70,,4573,29,,,0,30,,4574,29,,,0,70,,4575,29,,,0,30,,4576,29,,,0,70,,4577,29,,,0,30,,4578,29,,,0,70,,4579,29,,,0,30,,4580,29,,,0,70,,4581,29,,,0,30,,4582,29,,,0,70,,4583,29,,,0,30,,4584,29,,,0,70,,4585,29,,,0,30,,4586,29,,,0,70,,4587,29,,,0,30,,4588,29,,,0,70,,4589,29,,,0,100,,4590,29,,,0
4000,'Sunday-01',821,,4591,29,,,0,30,,4592,29,,,0,70,,4593,29,,,0,30,,4594,29,,,0,70,,4595,29,,,0,30,,4596,29,,,0,70,,4597,29,,,0,30,,4598,29,,,0,70,,4599,29,,,0,30,,4600,29,,,0,70,,4601,29,,,0,30,,4602,29,,,0,70,,4603,29,,,0,30,,4604,29,,,0,70,,4605,29,,,0,30,,4606,29,,,0,70,,4607,29,,,0,30,,4608,29,,,0,70,,4609,29,,,0,30,,4610,29,,,0,70,,4611,29,,,0
4000,'Weekday-01',621,,4649,29,,,0,30,,4640,29,,,0,70,,4641,29,,,0,30,,4642,29,,,0,70,,4643,29,,,0,30,,4644,29,,,0,70,,4645,29,,,0,30,,4646,29,,,0,70,,4647,29,,,0,30,,4648,29,,,0,70,,4615,29,,,0,30,,4637,29,,,0,70,,4636,29,,,0,30,,4635,29,,,0,70,,4634,29,,,0,30,,4616,29,,,0,70,,4633,29,,,0,30,,4632,29,,,0,70,,4638,29,,,0,30,,4617,29,,,0,70,,4618,29,,,0,30,,4619,29,,,0,70,,4631,29,,,0,30,,4639,29,,,0,70,,4621,29,,,0,30,,4623,29,,,0,70,,4630,29,,,0,30,,4629,29,,,0,70,,4628,29,,,0,30,,4620,29,,,0,70,,4627,29,,,0,30,,4626,29,,,0,70,,4625,29,,,0,30,,4624,29,,,0,70,,4614,29,,,0,100,,4622,29,,,0
