200,'Saturday-01',637,,2780,25,4,,0,82,,2754,75,4,,0,30,,2755,75,4,,0,70,,2756,75,4,,0,30,,2757,75,4,,0,70,,2758,75,4,,0,30,,2759,75,4,,0,70,,2760,75,4,,0,30,,2761,75,4,,0,70,,2762,75,4,,0,30,,2763,75,4,,0,70,,2764,75,4,,0,30,,2765,75,4,,0,70,,2766,75,4,,0,30,,2767,75,4,,0,70,,2768,75,4,,0,30,,2769,75,4,,0,70,,2770,75,4,,0,30,,2771,75,4,,0,70,,2772,75,4,,0,30,,2773,75,4,,0,70,,2774,75,4,,0,30,,2775,75,4,,0,70,,2776,75,4,,0,30,,2777,75,4,,0,70,,2778,75,4,,0,30,,2779,75,4,,0,70,,2781,75,4,,0,22,,2782,75,4,,0,78,,2783,75,4,,0,22,,2784,75,4,,0,95,,2785,75,4,,0,100,,2786,75,4,,0,100,,2787,75,4,,0
200,'Sunday-01',910,,2788,75,4,,0,30,,2789,75,4,,0,70,,2790,75,4,,0,30,,2791,75,4,,0,70,,2792,75,4,,0,30,,2793,75,4,,0,70,,2794,75,4,,0,30,,2795,75,4,,0,70,,2796,75,4,,0,30,,2797,75,4,,0,70,,2798,75,4,,0,30,,2799,75,4,,0,70,,2800,75,4,,0,30,,2801,75,4,,0,70,,2802,75,4,,0,30,,2803,75,4,,0,70,,2804,75,4,,0,30,,2805,75,4,,0,70,,2806,75,4,,0
200,'Weekday-01',647,,2808,75,4,,0,70,,2807,75,4,,0,15,,2848,75,4,,0,15,,2811,75,4,,0,55,,2812,75,4,,0,15,,2813,75,4,,0,15,,2814,75,4,,0,15,,2809,75,4,,0,55,,2810,75,4,,0,30,,2815,75,4,,0,70,,2816,75,4,,0,20,,2839,75,4,,0,30,,2820,75,4,,0,70,,2821,75,4,,0,30,,2822,75,4,,0,70,,2823,75,4,,0,30,,2824,75,4,,0,70,,2825,75,4,,0,30,,2826,75,4,,0,70,,2817,75,4,,0,25,,2818,75,4,,0,65,,2819,75,4,,0,35,,2827,75,4,,0,55,,2828,75,4,,0,15,,2829,75,4,,0,15,,2830,75,4,,0,15,,2831,75,4,,0,55,,2832,75,4,,0,15,,2833,75,4,,0,15,,2834,75,4,,0,15,,2835,75,4,,0,70,,2840,75,4,,0,30,,2841,75,4,,0,70,,2842,75,4,,0,30,,2843,75,4,,0,70,,2844,75,4,,0,30,,2836,75,4,,0,70,,2837,75,4,,0,19,,2838,75,4,,0,100,,2845,75,4,,0,100,,2846,75,4,,0,100,,2847,75,4,,0
201,'Saturday-01',607,,2849,1,,,0,30,,2850,1,,,0,70,,2851,1,,,0,30,,2852,1,,,0,70,,2853,1,,,0,30,,2854,1,,,0,70,,2855,1,,,0,30,,2856,1,,,0,70,,2857,1,,,0,30,,2858,1,,,0,70,,2859,1,,,0,30,,2860,1,,,0,70,,2861,1,,,0,30,,2862,1,,,0,70,,2863,1,,,0,30,,2864,1,,,0,70,,2865,1,,,0,30,,2866,1,,,0,70,,2867,1,,,0,30,,2868,1,,,0,70,,2869,1,,,0,30,,2870,1,,,0,70,,2871,1,,,0,30,,2872,1,,,0,70,,2873,1,,,0,30,,2874,1,,,0,70,,2875,1,,,0,30,,2876,1,,,0,70,,2877,1,,,0,30,,2878,1,,,0,104,,2879,1,,,0,100,,2880,1,,,0,100,,2881,1,,,0
201,'Sunday-01',752,,2882,1,,,0,70,,2883,1,,,0,30,,2884,1,,,0,70,,2885,1,,,0,30,,2886,1,,,0,70,,2887,1,,,0,30,,2888,1,,,0,70,,2889,1,,,0,30,,2890,1,,,0,70,,2891,1,,,0,30,,2892,1,,,0,70,,2893,1,,,0,30,,2894,1,,,0,70,,2895,1,,,0,30,,2896,1,,,0,70,,2897,1,,,0,30,,2898,1,,,0,70,,2899,1,,,0,30,,2900,1,,,0,70,,2901,1,,,0
201,'Weekday-01',537,,2904,1,,,0,70,,2905,1,,,0,15,,2906,1,,,0,15,,2907,1,,,0,15,,2908,1,,,0,55,,2909,1,,,0,15,,2910,1,,,0,15,,2945,1,,,0,15,,2911,1,,,0,55,,2912,1,,,0,15,,2946,1,,,0,15,,2944,1,,,0,70,,2913,1,,,0,30,,2914,1,,,0,70,,2915,1,,,0,30,,2916,1,,,0,70,,2917,1,,,0,30,,2918,1,,,0,70,,2919,1,,,0,30,,2920,1,,,0,65,,2921,1,,,0,30,,2922,1,,,0,75,,2923,1,,,0,30,,2924,1,,,0,15,,2925,1,,,0,55,,2926,1,,,0,10,,2927,1,,,0,20,,2928,1,,,0,15,,2929,1,,,0,55,,2930,1,,,0,15,,2931,1,,,0,15,,2932,1,,,0,70,,2933,1,,,0,30,,2934,1,,,0,70,,2935,1,,,0,30,,2936,1,,,0,70,,2937,1,,,0,30,,2938,1,,,0,70,,2939,1,,,0,30,,2940,1,,,0,104,,2941,1,,,0,100,,2942,1,,,0,100,,2943,1,,,0
700,'Saturday-01',709,,3402,81,4,,0,100,,3403,81,4,,0,30,,3404,81,4,,0,70,,3405,81,4,,0,30,,3406,81,4,,0,70,,3407,81,4,,0,30,,3408,81,4,,0,70,,3409,81,4,,0,30,,3410,81,4,,0,70,,3411,81,4,,0,30,,3412,81,4,,0,70,,3413,81,4,,0,30,,3414,81,4,,0,70,,3415,81,4,,0,30,,3416,81,4,,0,70,,3417,81,4,,0,30,,3418,81,4,,0,70,,3419,81,4,,0,30,,3420,81,4,,0,70,,3421,81,4,,0,30,,3422,81,4,,0,70,,3423,81,4,,0,32,,3424,81,4,,0,80,,3425,81,4,,0,85,,3426,81,4,,0,30,,3427,81,4,,0,95,,3428,81,4,,0,100,,3429,81,4,,0,100,,3430,81,4,,0,100,,3431,81,4,,0
700,'Sunday-01',910,,3442,81,4,,0,30,,3443,81,4,,0,70,,3444,81,4,,0,30,,3445,81,4,,0,70,,3446,81,4,,0,30,,3447,81,4,,0,70,,3448,81,4,,0,30,,3449,81,4,,0,70,,3450,81,4,,0,30,,3451,81,4,,0,70,,3441,81,4,,0,30,,3437,81,4,,0,70,,3432,81,4,,0,30,,3433,81,4,,0,70,,3434,81,4,,0,30,,3435,81,4,,0,70,,3436,81,4,,0,30,,3438,81,4,,0,70,,3439,81,4,,0,30,,3440,81,4,,0
700,'Weekday-01',639,,3452,81,4,,0,70,,3453,81,4,,0,15,,3454,81,4,,0,15,,3455,81,4,,0,15,,3456,81,4,,0,55,,3457,81,4,,0,23,,3458,81,4,,0,7,,3459,81,4,,0,15,,3460,81,4,,0,55,,3461,81,4,,0,15,,3462,81,4,,0,15,,3463,81,4,,0,70,,3464,81,4,,0,30,,3465,81,4,,0,70,,3466,81,4,,0,30,,3467,81,4,,0,70,,3468,81,4,,0,30,,3469,81,4,,0,70,,3470,81,4,,0,30,,3471,81,4,,0,70,,3472,81,4,,0,30,,3473,81,4,,0,70,,3474,81,4,,0,25,,3475,81,4,,0,70,,3476,81,4,,0,30,,3477,81,4,,0,70,,3478,81,4,,0,30,,3479,81,4,,0,70,,3480,81,4,,0,37,,3481,81,4,,0,85,,3482,81,4,,0,85,,3483,81,4,,0,25,,3484,81,4,,0,100,,3485,81,4,,0,100,,3486,81,4,,0,100,,3487,81,4,,0,100,,3488,81,4,,0
701,'Saturday-01',544,,3489,1,,,0,100,,3490,1,,,0,70,,3491,1,,,0,30,,3492,1,,,0,70,,3493,1,,,0,30,,3494,1,,,0,70,,3495,1,,,0,30,,3496,1,,,0,70,,3497,1,,,0,30,,3498,1,,,0,70,,3499,1,,,0,30,,3500,1,,,0,70,,3501,1,,,0,30,,3502,1,,,0,70,,3503,1,,,0,30,,3504,1,,,0,70,,3505,1,,,0,30,,3506,1,,,0,70,,3507,1,,,0,30,,3508,1,,,0,70,,3509,1,,,0,30,,3510,1,,,0,70,,3511,1,,,0,30,,3512,1,,,0,70,,3513,1,,,0,27,,3514,1,,,0,85,,3516,1,,,0,85,,3517,1,,,0,30,,3518,1,,,0,95,,3519,1,,,0,100,,3520,1,,,0,100,,3515,1,,,0
701,'Sunday-01',745,,3521,1,,,0,70,,3522,1,,,0,30,,3523,1,,,0,70,,3524,1,,,0,30,,3525,1,,,0,70,,3526,1,,,0,30,,3527,1,,,0,70,,3528,1,,,0,30,,3529,1,,,0,70,,3530,1,,,0,30,,3531,1,,,0,70,,3532,1,,,0,30,,3533,1,,,0,70,,3534,1,,,0,30,,3535,1,,,0,70,,3536,1,,,0,30,,3537,1,,,0,70,,3538,1,,,0,30,,3539,1,,,0,70,,3540,1,,,0,30,,3541,1,,,0
701,'Weekday-01',514,,3542,1,,,0,30,,3543,1,,,0,70,,3544,1,,,0,20,,3545,1,,,0,10,,3546,1,,,0,15,,3547,1,,,0,55,,3548,1,,,0,15,,3549,1,,,0,15,,3550,1,,,0,70,,3551,1,,,0,30,,3552,1,,,0,70,,3553,1,,,0,30,,3554,1,,,0,70,,3555,1,,,0,30,,3556,1,,,0,70,,3557,1,,,0,30,,3558,1,,,0,70,,3559,1,,,0,30,,3560,1,,,0,70,,3561,1,,,0,30,,3562,1,,,0,70,,3563,1,,,0,30,,3564,1,,,0,70,,3565,1,,,0,25,,3566,1,,,0,70,,3567,1,,,0,35,,3568,1,,,0,70,,3569,1,,,0,30,,3570,1,,,0,70,,3571,1,,,0,27,,3578,1,,,0,85,,3572,1,,,0,85,,3573,1,,,0,30,,3574,1,,,0,95,,3575,1,,,0,100,,3576,1,,,0,100,,3577,1,,,0
900,'Saturday-01',707,,3701,99,4,,0,30,,3702,99,4,,0,70,,3703,99,4,,0,30,,3704,99,4,,0,70,,3705,99,4,,0,30,,3706,99,4,,0,70,,3707,99,4,,0,30,,3708,99,4,,0,70,,3709,99,4,,0,30,,3710,99,4,,0,70,,3711,99,4,,0,30,,3712,99,4,,0,70,,3713,99,4,,0,30,,3714,99,4,,0,70,,3715,99,4,,0,30,,3716,99,4,,0,70,,3717,99,4,,0,30,,3718,99,4,,0,70,,3719,99,4,,0,30,,3720,99,4,,0,70,,3721,99,4,,0,30,,3722,99,4,,0,82,,3723,99,4,,0,30,,3724,99,4,,0,65,,3725,99,4,,0,45,,3726,99,4,,0,70,,3728,99,4,,0,85,,3729,99,4,,0,100,,3730,99,4,,0,100,,3731,99,4,,0,100,,3727,99,4,,0
900,'Sunday-01',837,,3751,99,4,,0,70,,3753,99,4,,0,30,,3741,99,4,,0,70,,3740,99,4,,0,30,,3742,99,4,,0,70,,3735,99,4,,0,30,,3743,99,4,,0,70,,3736,99,4,,0,30,,3744,99,4,,0,70,,3737,99,4,,0,30,,3745,99,4,,0,70,,3738,99,4,,0,30,,3746,99,4,,0,70,,3739,99,4,,0,30,,3747,99,4,,0,70,,3732,99,4,,0,30,,3748,99,4,,0,70,,3733,99,4,,0,30,,3749,99,4,,0,70,,3734,99,4,,0,30,,3750,99,4,,0,70,,3752,99,4,,0
900,'Weekday-01',632,,3754,99,4,,0,70,,3755,99,4,,0,30,,3756,99,4,,0,70,,3757,99,4,,0,35,,3758,99,4,,0,70,,3759,99,4,,0,30,,3760,99,4,,0,70,,3761,99,4,,0,30,,3762,99,4,,0,70,,3763,99,4,,0,30,,3764,99,4,,0,70,,3765,99,4,,0,30,,3766,99,4,,0,70,,3767,99,4,,0,30,,3768,99,4,,0,70,,3769,99,4,,0,30,,3770,99,4,,0,70,,3771,99,4,,0,30,,3772,99,4,,0,15,,3773,99,4,,0,55,,3774,99,4,,0,15,,3775,99,4,,0,15,,3776,99,4,,0,70,,3777,99,4,,0,15,,3778,99,4,,0,15,,3779,99,4,,0,15,,3780,99,4,,0,67,,3781,99,4,,0,30,,3782,99,4,,0,65,,3783,99,4,,0,45,,3784,99,4,,0,67,,3785,99,4,,0,85,,3786,99,4,,0,100,,3787,99,4,,0,100,,3788,99,4,,0,100,,3789,99,4,,0
901,'Saturday-01',612,,3790,1,,,0,30,,3791,1,,,0,70,,3792,1,,,0,30,,3793,1,,,0,70,,3794,1,,,0,30,,3795,1,,,0,70,,3796,1,,,0,30,,3797,1,,,0,70,,3798,1,,,0,30,,3799,1,,,0,70,,3800,1,,,0,30,,3801,1,,,0,70,,3802,1,,,0,30,,3803,1,,,0,70,,3804,1,,,0,30,,3805,1,,,0,70,,3806,1,,,0,30,,3807,1,,,0,70,,3808,1,,,0,30,,3809,1,,,0,70,,3810,1,,,0,30,,3811,1,,,0,70,,3812,1,,,0,30,,3813,1,,,0,92,,3814,1,,,0,85,,3815,1,,,0,85,,3816,1,,,0,30,,3817,1,,,0,85,,3818,1,,,0,100,,3819,1,,,0,100,,3820,1,,,0
901,'Sunday-01',742,,3839,1,,,0,70,,3829,1,,,0,30,,3840,1,,,0,70,,3830,1,,,0,30,,3841,1,,,0,70,,3831,1,,,0,30,,3821,1,,,0,70,,3832,1,,,0,30,,3822,1,,,0,70,,3833,1,,,0,30,,3823,1,,,0,70,,3834,1,,,0,30,,3824,1,,,0,70,,3835,1,,,0,30,,3825,1,,,0,70,,3836,1,,,0,30,,3826,1,,,0,70,,3837,1,,,0,30,,3827,1,,,0,70,,3838,1,,,0,30,,3828,1,,,0
901,'Weekday-01',537,,3842,1,,,0,70,,3843,1,,,0,30,,3844,1,,,0,70,,3845,1,,,0,30,,3846,1,,,0,70,,3847,1,,,0,35,,3848,1,,,0,70,,3849,1,,,0,30,,3850,1,,,0,70,,3851,1,,,0,30,,3852,1,,,0,70,,3853,1,,,0,30,,3854,1,,,0,70,,3855,1,,,0,30,,3856,1,,,0,70,,3857,1,,,0,30,,3858,1,,,0,70,,3859,1,,,0,30,,3860,1,,,0,15,,3861,1,,,0,55,,3862,1,,,0,15,,3863,1,,,0,15,,3864,1,,,0,15,,3865,1,,,0,55,,3866,1,,,0,15,,3867,1,,,0,15,,3868,1,,,0,70,,3869,1,,,0,30,,3870,1,,,0,87,,3871,1,,,0,90,,3872,1,,,0,85,,3873,1,,,0,27,,3874,1,,,0,85,,3875,1,,,0,100,,3876,1,,,0,100,,3877,1,,,0
1200,'Saturday-01',828,,4039,11,4,,0,30,,4040,11,4,,0,65,,4020,88,4,,0,30,,4021,88,4,,0,70,,4022,88,4,,0,30,,4023,88,4,,0,70,,4024,88,4,,0,30,,4025,88,4,,0,70,,4026,88,4,,0,30,,4027,88,4,,0,70,,4028,88,4,,0,30,,4029,88,4,,0,70,,4030,88,4,,0,30,,4031,88,4,,0,70,,4032,88,4,,0,30,,4033,88,4,,0,70,,4034,88,4,,0,30,,4035,88,4,,0,70,,4036,88,4,,0,30,,4041,88,4,,0,70,,4042,88,4,,0
1200,'Weekday-01',649,,4086,84,4,,0,70,,4087,84,4,,0,30,,4088,84,4,,0,70,,4089,84,4,,0,34,,4075,88,4,,0,70,,4076,88,4,,0,30,,4067,88,4,,0,70,,4068,88,4,,0,30,,4066,88,4,,0,70,,4065,88,4,,0,30,,4064,88,4,,0,70,,4063,88,4,,0,30,,4062,88,4,,0,70,,4061,88,4,,0,30,,4060,88,4,,0,70,,4059,88,4,,0,30,,4084,88,4,,0,70,,4083,88,4,,0,30,,4082,88,4,,0,70,,4081,88,4,,0,30,,4077,88,4,,0,70,,4078,88,4,,0,30,,4079,88,4,,0,70,,4080,88,4,,0
1201,'Saturday-01',828,,4096,1,,,0,30,,4097,1,,,0,70,,4098,1,,,0,30,,4099,1,,,0,70,,4100,1,,,0,30,,4101,1,,,0,70,,4102,1,,,0,30,,4103,1,,,0,70,,4104,1,,,0,30,,4105,1,,,0,70,,4106,1,,,0,30,,4107,1,,,0,70,,4108,1,,,0,30,,4109,1,,,0,70,,4110,1,,,0,30,,4111,1,,,0,70,,4112,1,,,0,30,,4095,1,,,0,70,,4094,1,,,0
1201,'Weekday-01',554,,4156,1,,,0,70,,4157,1,,,0,30,,4158,1,,,0,70,,4159,1,,,0,30,,4160,1,,,0,70,,4135,1,,,0,34,,4146,1,,,0,70,,4147,1,,,0,30,,4148,1,,,0,70,,4149,1,,,0,30,,4150,1,,,0,70,,4151,1,,,0,30,,4152,1,,,0,70,,4153,1,,,0,30,,4136,1,,,0,70,,4137,1,,,0,30,,4138,1,,,0,70,,4139,1,,,0,30,,4145,1,,,0,70,,4140,1,,,0,30,,4141,1,,,0,70,,4142,1,,,0,30,,4143,1,,,0,70,,4144,1,,,0,30,,4154,1,,,0
5000,'Saturday-01',654,,4748,20,,,0,100,,4749,20,,,0,100,,4750,20,,,0,70,,4751,20,,,0,30,,4752,20,,,0,70,,4753,20,,,0,30,,4754,20,,,0,70,,4755,20,,,0,30,,4756,20,,,0,70,,4757,20,,,0,30,,4758,20,,,0,70,,4759,20,,,0,30,,4760,20,,,0,70,,4761,20,,,0,30,,4762,20,,,0,70,,4763,20,,,0,30,,4764,20,,,0,70,,4765,20,,,0,30,,4766,20,,,0,70,,4767,20,,,0,30,,4768,20,,,0,70,,4769,20,,,0,30,,4770,20,,,0,70,,4771,20,,,0,30,,4772,20,,,0,70,,4773,20,,,0,33,,4774,20,,,0,70,,4775,20,,,0,77,,4745,20,,,0,100,,4746,20,,,0,100,,4747,20,,,0
5000,'Sunday-01',849,,4776,20,,,0,100,,4777,20,,,0,100,,4778,20,,,0,70,,4779,20,,,0,30,,4780,20,,,0,70,,4781,20,,,0,30,,4782,20,,,0,70,,4783,20,,,0,30,,4784,20,,,0,70,,4785,20,,,0,30,,4786,20,,,0,70,,4787,20,,,0,30,,4788,20,,,0,70,,4789,20,,,0,30,,4790,20,,,0,70,,4791,20,,,0
5000,'Weekday-01',625,,4792,20,,,0,30,,4793,20,,,0,70,,4794,20,,,0,30,,4795,20,,,0,70,,4796,20,,,0,30,,4797,20,,,0,70,,4798,20,,,0,30,,4799,20,,,0,70,,4800,20,,,0,30,,4801,20,,,0,70,,4802,20,,,0,30,,4803,20,,,0,70,,4804,20,,,0,30,,4805,20,,,0,70,,4806,20,,,0,30,,4807,20,,,0,70,,4808,20,,,0,30,,4809,20,,,0,70,,4810,20,,,0,30,,4811,20,,,0,70,,4812,20,,,0,30,,4813,20,,,0,70,,4814,20,,,0,30,,4815,20,,,0,70,,4816,20,,,0,30,,4817,20,,,0,70,,4818,20,,,0,30,,4819,20,,,0,70,,4820,20,,,0,32,,4821,20,,,0,70,,4822,20,,,0,78,,4823,20,0,11 12,0,100,,4824,20,0,11 12,0,100,,4825,20,0,11 12,0
5001,'Saturday-01',612,,4826,4,,,0,100,,4830,4,,,0,100,,4831,4,,,0,100,,4832,4,,,0,30,,4833,4,,,0,70,,4834,4,,,0,30,,4835,4,,,0,70,,4836,4,,,0,30,,4837,4,,,0,70,,4838,4,,,0,30,,4839,4,,,0,70,,4840,4,,,0,30,,4841,4,,,0,70,,4842,4,,,0,30,,4843,4,,,0,70,,4844,4,,,0,30,,4845,4,,,0,70,,4846,4,,,0,30,,4847,4,,,0,70,,4848,4,,,0,30,,4849,4,,,0,70,,4850,4,,,0,30,,4851,4,,,0,70,,4852,4,,,0,30,,4853,4,,,0,70,,4854,4,,,0,30,,4855,4,,,0,79,,4829,4,,,0,101,,4827,4,,,0,100,,4828,4,,,0
5001,'Sunday-01',907,,4856,4,,,0,100,,4857,4,,,0,100,,4858,4,,,0,30,,4859,4,,,0,70,,4860,4,,,0,30,,4861,4,,,0,70,,4862,4,,,0,30,,4863,4,,,0,70,,4864,4,,,0,30,,4865,4,,,0,70,,4866,4,,,0,30,,4867,4,,,0,70,,4868,4,,,0,30,,4869,4,,,0,70,,4870,4,,,0,30,,4871,4,,,0
5001,'Weekday-01',612,,4877,4,,,0,30,,4878,4,,,0,70,,4879,4,,,0,30,,4880,4,,,0,70,,4881,4,,,0,30,,4882,4,,,0,70,,4883,4,,,0,30,,4884,4,,,0,70,,4885,4,,,0,30,,4886,4,,,0,70,,4887,4,,,0,30,,4888,4,,,0,70,,4889,4,,,0,30,,4890,4,,,0,70,,4891,4,,,0,30,,4892,4,,,0,70,,4893,4,,,0,30,,4894,4,,,0,70,,4895,4,,,0,30,,4896,4,,,0,70,,4897,4,,,0,30,,4898,4,,,0,70,,4899,4,,,0,30,,4900,4,,,0,70,,4901,4,,,0,30,,4875,4,,,0,70,,4872,4,,,0,30,,4874,4,,,0,70,,4876,4,,,0,30,,4873,4,,,0,79,,4902,4,,,0,101,,4903,4,0,12 10,0,100,,4904,4,0,12 10,0
2400025501,'Weekday-01-1111100',1624,,5087,77,4,,0
