301,'Saturday-01',654,,3065,4,,,0,70,,3042,4,,,0,30,,3043,4,,,0,70,,3044,4,,,0,30,,3045,4,,,0,70,,3046,4,,,0,30,,3047,4,,,0,70,,3048,4,,,0,30,,3049,4,,,0,70,,3066,4,,,0,30,,3050,4,,,0,70,,3067,4,,,0,30,,3068,4,,,0,70,,3069,4,,,0,30,,3070,4,,,0,70,,3051,4,,,0,30,,3052,4,,,0,70,,3071,4,,,0,30,,3053,4,,,0,70,,3054,4,,,0,30,,3055,4,,,0,70,,3056,4,,,0,30,,3072,4,,,0,72,,3073,4,,,0,75,,3057,3,,,0,30,,3058,3,,,0,70,,3059,3,,,0,30,,3060,3,,,0,70,,3061,3,,,0,100,,3062,3,,,0,100,,3063,3,,,0,100,,3064,3,,,0
301,'Sunday-01',810,,3074,4,,,0,30,,3085,4,,,0,70,,3086,4,,,0,30,,3087,4,,,0,70,,3088,4,,,0,30,,3089,4,,,0,70,,3090,4,,,0,30,,3091,4,,,0,70,,3092,4,,,0,30,,3093,4,,,0,70,,3094,4,,,0,30,,3075,4,,,0,70,,3076,4,,,0,30,,3077,4,,,0,70,,3078,4,,,0,30,,3079,4,,,0,70,,3080,4,,,0,30,,3081,4,,,0,70,,3082,4,,,0,30,,3083,4,,,0,70,,3084,4,,,0
301,'Weekday-01',546,,3095,4,,,0,70,,3096,4,,,0,30,,3097,4,,,0,55,,3098,4,,,0,15,,3099,4,,,0,15,,3100,4,,,0,15,,3101,4,,,0,55,,3102,4,,,0,15,,3103,4,,,0,30,,3104,4,,,0,70,,3105,4,,,0,30,,3106,4,,,0,70,,3107,4,,,0,30,,3108,4,,,0,70,,3109,4,,,0,30,,3110,4,,,0,70,,3111,4,,,0,30,,3112,4,,,0,70,,3113,4,,,0,30,,3114,4,,,0,70,,3115,4,,,0,30,,3116,4,,,0,55,,3117,4,,,0,15,,3118,4,,,0,15,,3119,4,,,0,15,,3120,4,,,0,70,,3121,4,,,0,15,,3122,4,,,0,15,,3123,4,,,0,55,,3124,4,,,0,30,,3125,4,,,0,70,,3126,3,,,0,30,,3127,3,,,0,70,,3128,3,,,0,30,,3129,3,,,0,70,,3130,3,,,0,30,,3131,3,,,0,70,,3132,3,,,0,30,,3136,3,,,0,70,,3135,4,,,0,100,,3133,3,,,0,100,,3134,3,,,0
401,'Saturday-01',619,,3257,10,,,0,30,,3256,10,,,0,70,,3225,10,,,0,30,,3255,10,,,0,70,,3226,10,,,0,30,,3254,10,,,0,70,,3253,10,,,0,30,,3227,10,,,0,70,,3252,10,,,0,30,,3228,10,,,0,70,,3251,10,,,0,30,,3250,10,,,0,70,,3249,10,,,0,30,,3248,10,,,0,70,,3229,10,,,0,30,,3247,10,,,0,70,,3230,10,,,0,30,,3231,10,,,0,70,,3246,10,,,0,30,,3232,10,,,0,70,,3233,10,,,0,30,,3234,10,,,0,70,,3235,10,,,0,30,,3236,10,,,0,70,,3245,10,,,0,30,,3244,10,,,0,70,,3243,10,,,0,30,,3237,10,,,0,70,,3238,10,,,0,35,,3242,10,,,0,100,,3241,10,,,0,100,,3240,10,,,0,100,,3239,10,,,0
401,'Sunday-01',809,,3258,10,,,0,30,,3269,10,,,0,70,,3259,10,,,0,30,,3270,10,,,0,70,,3260,10,,,0,30,,3271,10,,,0,70,,3261,10,,,0,30,,3272,10,,,0,70,,3262,10,,,0,30,,3273,10,,,0,70,,3263,10,,,0,30,,3274,10,,,0,70,,3264,10,,,0,30,,3275,10,,,0,70,,3265,10,,,0,30,,3276,10,,,0,70,,3266,10,,,0,30,,3277,10,,,0,70,,3267,10,,,0,30,,3278,10,,,0,70,,3268,10,,,0
401,'Weekday-01',529,,3279,10,,,0,30,,3280,10,,,0,70,,3281,10,,,0,30,,3282,10,,,0,70,,3283,10,,,0,30,,3284,10,,,0,70,,3285,10,,,0,30,,3286,10,,,0,70,,3287,10,,,0,30,,3288,10,,,0,70,,3289,10,,,0,30,,3290,10,,,0,70,,3291,10,,,0,30,,3292,10,,,0,70,,3293,10,,,0,30,,3294,10,,,0,70,,3295,10,,,0,30,,3296,10,,,0,70,,3297,10,,,0,30,,3298,10,,,0,70,,3299,10,,,0,30,,3300,10,,,0,70,,3301,10,,,0,30,,3302,10,,,0,70,,3303,10,,,0,29,,3304,10,,,0,96,,3305,10,,,0,65,,3306,10,,,0,30,,3307,10,,,0,70,,3308,10,,,0,35,,3309,10,,,0,100,,3310,10,,,0,100,,3311,10,,,0,100,,3312,10,,,0
1800,'Saturday-01',636,,4229,25,,,0,70,,4230,25,,,0,30,,4231,25,,,0,70,,4232,25,,,0,30,,4233,25,,,0,70,,4234,25,,,0,30,,4235,25,,,0,70,,4236,25,,,0,30,,4237,25,,,0,70,,4238,25,,,0,30,,4239,25,,,0,70,,4240,25,,,0,30,,4241,25,,,0,70,,4242,25,,,0,30,,4243,25,,,0,70,,4244,25,,,0,30,,4245,25,,,0,70,,4246,25,,,0,30,,4247,25,,,0,70,,4248,25,,,0,30,,4249,25,,,0,70,,4250,25,,,0,30,,4251,25,,,0,70,,4252,25,,,0,30,,4253,25,,,0
1800,'Sunday-01',836,,4254,25,,,0,100,,4255,25,,,0,100,,4256,25,,,0,100,,4257,25,,,0,100,,4258,25,,,0,100,,4259,25,,,0,100,,4260,25,,,0,100,,4261,25,,,0,100,,4262,25,,,0,100,,4263,25,,,0,100,,4264,25,,,0
1800,'Weekday-01',636,,4265,25,,,0,70,,4266,25,,,0,30,,4267,25,,,0,70,,4268,25,,,0,30,,4269,25,,,0,70,,4270,25,,,0,30,,4271,25,,,0,70,,4272,25,,,0,30,,4273,25,,,0,70,,4274,25,,,0,30,,4275,25,,,0,70,,4276,25,,,0,30,,4277,25,,,0,70,,4278,25,,,0,30,,4279,25,,,0,70,,4280,25,,,0,30,,4281,25,,,0,70,,4282,25,,,0,30,,4283,25,,,0,70,,4284,25,,,0,30,,4285,25,,,0,70,,4286,25,,,0,30,,4287,25,,,0,70,,4288,25,,,0,30,,4289,25,,,0,70,,4290,25,,,0,100,,4291,25,,,0,100,,4292,25,,,0,95,,4293,25,,,0
3001,'Weekday-01',721,,4540,3,,,0,30,,4534,3,,,0,70,,4541,3,,,0,30,,4542,3,,,0,70,,4543,3,,,0,30,,4544,3,,,0,70,,4535,3,,,0,30,,4536,3,,,0,70,,4545,3,,,0,35,,4546,3,,,0,70,,4547,3,,,0,30,,4548,3,,,0,70,,4549,3,,,0,30,,4537,3,,,0,70,,4550,3,,,0,30,,4551,3,,,0,70,,4552,3,,,0,30,,4553,3,,,0,70,,4538,3,,,0,30,,4539,3,,,0,70,,4554,3,,,0
