100,'Saturday-01',613,,2565,24,0,5,0,30,,2566,24,0,5,0,100,,2571,24,0,5,0,70,,2572,24,0,5,0,30,,2573,24,0,5,0,70,,2574,24,0,5,0,30,,2575,24,0,5,0,70,,2576,24,0,5,0,30,,2577,24,0,5,0,70,,2578,24,0,5,0,30,,2579,24,0,5,0,70,,2567,24,0,5,0,30,,2568,24,0,5,0,70,,2589,24,0,5,0,30,,2590,24,0,5,0,60,,2569,24,0,5,0,30,,2570,24,0,5,0,70,,2585,24,0,5,0,30,,2586,24,0,5,0,70,,2587,24,0,5,0,30,,2588,24,0,5,0,70,,2591,24,0,5,0,30,,2592,24,0,5,0,70,,2593,24,0,5,0,109,,2580,53,0,5,0,30,,2581,53,0,5,0,70,,2594,53,0,5,0,43,,2595,53,0,5,0,70,,2582,53,0,5,0,95,,2596,53,0,5,0,84,,2597,53,0,5,0,19,,2598,53,0,5,0,104,,2583,53,0,5,0
100,'Sunday-01',810,,2602,53,0,5,0,100,,2603,53,0,5,0,100,,2604,53,0,5,0,100,,2605,53,0,5,0,100,,2607,53,0,5,0,100,,2608,53,0,5,0,105,,2609,53,0,5,0,100,,2610,53,0,5,0,105,,2611,53,0,5,0,100,,2606,53,0,5,0,107,,2600,53,0,5,0
100,'Weekday-01',612,,2624,24,0,8,0,10,,2650,24,0,8,0,5,,2625,24,0,8,0,15,,2626,24,0,8,0,15,,2627,24,0,8,0,60,,2613,24,0,5,0,15,,2630,24,0,8,0,15,,2614,24,0,5,0,60,,2615,24,0,5,0,20,,2616,24,0,5,0,30,,2617,24,0,5,0,60,,2618,24,0,5,0,20,,2619,24,0,5,0,75,,2635,26,0,5,0,30,,2636,26,0,5,0,70,,2637,26,0,5,0,30,,2638,26,0,5,0,70,,2631,26,0,8,0,30,,2632,26,0,8,0,70,,2628,24,0,8,0,30,,2629,24,0,8,0,70,,2633,26,0,8,0,30,,2634,26,0,8,0,70,,2657,26,0,8,0,10,,2651,24,0,8,0,20,,2639,26,0,5,0,10,,2652,24,0,8,0,60,,2640,26,0,5,0,10,,2653,24,0,8,0,15,,2620,24,0,5,0,15,,2654,24,0,8,0,55,,2621,24,0,5,0,15,,2655,24,0,8,0,15,,2622,24,0,5,0,70,,2656,24,0,8,0,20,,2623,24,0,5,0,30,,2641,53,0,5,0,70,,2642,53,0,5,0,76,,2658,53,0,8,0,10,,2645,53,0,8,0,34,,2646,53,0,8,0,70,,2647,53,0,8,0,100,,2648,53,0,8,0,20,,2649,53,0,8,0,100,,2643,53,0,5,0,89,,2644,53,0,5,0
400,'Saturday-01',643,,3169,42,,,0,70,,3137,42,,,0,30,,3168,42,,,0,70,,3167,42,,,0,30,,3138,42,,,0,70,,3166,42,,,0,30,,3139,42,,,0,70,,3165,42,,,0,30,,3164,42,,,0,70,,3140,42,,,0,30,,3163,42,,,0,70,,3141,42,,,0,30,,3142,42,,,0,70,,3162,42,,,0,30,,3161,42,,,0,70,,3143,42,,,0,30,,3160,42,,,0,70,,3159,42,,,0,30,,3144,42,,,0,70,,3145,42,,,0,30,,3146,42,,,0,70,,3158,42,,,0,30,,3157,42,,,0,70,,3156,42,,,0,30,,3147,42,,,0,70,,3148,42,,,0,30,,3155,42,,,0,70,,3154,42,,,0,30,,3153,42,,,0,70,,3149,42,,,0,100,,3152,42,,,0,100,,3151,42,,,0,100,,3150,42,,,0
400,'Sunday-01',828,,3170,42,,,0,30,,3181,42,,,0,70,,3171,42,,,0,30,,3182,42,,,0,70,,3172,42,,,0,30,,3183,42,,,0,70,,3173,42,,,0,30,,3184,42,,,0,70,,3174,42,,,0,30,,3185,42,,,0,70,,3175,42,,,0,30,,3186,42,,,0,70,,3176,42,,,0,30,,3187,42,,,0,70,,3177,42,,,0,30,,3188,42,,,0,70,,3178,42,,,0,30,,3189,42,,,0,70,,3179,42,,,0,30,,3190,42,,,0,70,,3180,42,,,0
400,'Weekday-01',613,,3191,42,,,0,30,,3192,42,,,0,70,,3193,42,,,0,30,,3194,42,,,0,70,,3195,42,,,0,30,,3196,42,,,0,70,,3197,42,,,0,30,,3198,42,,,0,70,,3199,42,,,0,30,,3200,42,,,0,70,,3201,42,,,0,30,,3202,42,,,0,70,,3203,42,,,0,30,,3204,42,,,0,70,,3205,42,,,0,30,,3206,42,,,0,70,,3207,42,,,0,30,,3208,42,,,0,70,,3209,42,,,0,30,,3210,42,,,0,70,,3211,42,,,0,30,,3212,42,,,0,70,,3213,42,,,0,30,,3214,42,,,0,70,,3215,42,,,0,30,,3216,42,,,0,70,,3217,42,,,0,30,,3218,42,,,0,70,,3219,42,,,0,30,,3220,42,,,0,70,,3221,42,,,0,100,,3222,42,,,0,100,,3223,42,,,0,100,,3224,42,,,0
501,'Saturday-01',657,,3342,38,,,0,100,,3343,38,,,0,100,,3344,38,,,0,100,,3345,38,,,0,100,,3346,38,,,0,100,,3347,38,,,0,100,,3348,38,,,0,100,,3349,38,,,0,100,,3350,38,,,0,100,,3351,38,,,0,101,,3352,38,,,0,100,,3353,38,,,0
501,'Weekday-01',608,,3355,38,,,0,30,,3356,38,,,0,70,,3357,38,,,0,30,,3358,38,,,0,70,,3359,38,,,0,34,,3371,42,,,0,66,,3360,38,,,0,50,,3361,38,,,0,100,,3362,38,,,0,100,,3363,38,,,0,100,,3364,38,,,0,100,,3365,38,,,0,100,,3366,38,,,0,150,,3367,38,,,0,30,,3372,38,,,0,70,,3368,38,,,0,30,,3369,38,,,0
1001,'Saturday-01',637,,3946,34,,,0,100,,3947,34,,,0,100,,3948,34,,,0,70,,3949,34,,,0,30,,3950,34,,,0,70,,3951,34,,,0,30,,3952,34,,,0,70,,3953,34,,,0,30,,3954,34,,,0,70,,3955,34,,,0,30,,3956,34,,,0,70,,3957,34,,,0,30,,3958,34,,,0,70,,3959,34,,,0,30,,3960,34,,,0,70,,3961,34,,,0,30,,3962,34,,,0,70,,3963,34,,,0,30,,3964,34,,,0,70,,3965,34,,,0,30,,3966,34,,,0,71,,3967,34,,,0,29,,3968,34,,,0,73,,3969,34,,,0,45,,3970,34,,,0,87,,3971,34,,,0,70,,3972,34,,,0,99,,3973,34,,,0
1001,'Sunday-01',826,,3974,34,,,0,100,,3975,34,,,0,100,,3976,34,,,0,100,,3977,34,,,0,100,,3978,34,,,0,100,,3979,34,,,0,100,,3980,34,,,0,100,,3981,34,,,0,100,,3982,34,,,0,100,,3983,34,,,0,100,,3984,34,,,0
1001,'Weekday-01',604,,4017,4,,,0,30,,4003,45,,,0,70,,4004,45,,,0,30,,4005,45,,,0,70,,4006,45,,,0,30,,4007,45,,,0,70,,4008,45,,,0,33,,3985,34,,,0,70,,3986,34,,,0,30,,3987,34,,,0,70,,3988,34,,,0,30,,3989,34,,,0,70,,3990,34,,,0,30,,3991,34,,,0,70,,3992,34,,,0,30,,3993,34,,,0,70,,3994,34,,,0,30,,3995,34,,,0,70,,3996,34,,,0,30,,3997,34,,,0,66,,4009,45,,,0,30,,4010,45,,,0,70,,4011,45,,,0,30,,4012,45,,,0,70,,4013,45,,,0,24,,4014,45,,,0,30,,4016,45,,,0,53,,3998,34,,,0,45,,3999,34,,,0,87,,4000,34,,,0,70,,4001,34,,,0,99,,4002,34,,,0
2400,'Weekday-01',558,,4457,4,,,0,60,,4458,4,,,0,20,,4459,4,,,0,20,,4460,4,,,0,60,,4461,4,,,0,20,,4462,4,,,0,20,,4463,4,,,0,60,,4464,4,,,0,20,,4465,4,,,0,20,,4466,4,,,0,700,,4467,4,,,0,80,,4468,4,,,0,80,,4469,4,,,0,40,,4470,4,,,0,80,,4471,4,,,0,80,,4472,4,,,0,40,,4473,4,,,0,80,,4474,4,,,0,20,,4475,4,,,0,60,,4476,4,,,0,20,,4477,4,,,0,20,,4478,4,,,0,60,,4479,4,,,0,20,,4480,4,,,0,20,,4481,4,,,0,60,,4482,4,,,0,20,,4483,4,,,0,20,,4484,4,,,0,60,,4485,4,,,0
