300,'Saturday-01',609,,2964,1,,,0,30,,2947,1,,,0,70,,2948,1,,,0,30,,2949,1,,,0,70,,2950,1,,,0,30,,2951,1,,,0,70,,2952,1,,,0,30,,2953,1,,,0,70,,2954,1,,,0,30,,2965,1,,,0,70,,2955,1,,,0,30,,2966,1,,,0,70,,2967,1,,,0,30,,2968,1,,,0,70,,2969,1,,,0,30,,2956,1,,,0,70,,2957,1,,,0,30,,2970,1,,,0,70,,2958,1,,,0,30,,2959,1,,,0,70,,2960,1,,,0,30,,2961,1,,,0,70,,2971,1,,,0,32,,2972,1,,,0,70,,2962,1,,,0,30,,2973,1,,,0,70,,2963,1,,,0,30,,2974,1,,,0,70,,2978,1,,,0,30,,2975,1,,,0,100,,2976,1,,,0,100,,2977,1,,,0,100,,2979,1,,,0
300,'Sunday-01',800,,2980,1,,,0,30,,2981,1,,,0,70,,2982,1,,,0,30,,2983,1,,,0,70,,2984,1,,,0,30,,2985,1,,,0,70,,2986,1,,,0,30,,2987,1,,,0,70,,2988,1,,,0,30,,2989,1,,,0,70,,2990,1,,,0,30,,2991,1,,,0,70,,2992,1,,,0,30,,2993,1,,,0,70,,2994,1,,,0,30,,2995,1,,,0,70,,2996,1,,,0,30,,2997,1,,,0,70,,2998,1,,,0,30,,2999,1,,,0,70,,3000,1,,,0
300,'Weekday-01',537,,3001,1,,,0,70,,3002,1,,,0,15,,3003,1,,,0,15,,3004,1,,,0,15,,3005,1,,,0,55,,3006,1,,,0,15,,3007,1,,,0,15,,3008,1,,,0,15,,3009,1,,,0,55,,3010,1,,,0,30,,3011,1,,,0,70,,3012,1,,,0,30,,3013,1,,,0,70,,3014,1,,,0,30,,3015,1,,,0,70,,3016,1,,,0,30,,3017,1,,,0,70,,3018,1,,,0,30,,3019,1,,,0,70,,3020,1,,,0,30,,3021,1,,,0,70,,3022,1,,,0,30,,3023,1,,,0,70,,3024,1,,,0,23,,3025,1,,,0,7,,3026,1,,,0,15,,3027,1,,,0,55,,3028,1,,,0,15,,3029,1,,,0,15,,3030,1,,,0,70,,3031,1,,,0,30,,3032,1,,,0,74,,3033,1,,,0,30,,3034,1,,,0,70,,3035,1,,,0,30,,3036,1,,,0,70,,3041,1,,,0,30,,3040,1,,,0,100,,3037,1,,,0,100,,3038,1,,,0,100,,3039,1,,,0
301,'Saturday-01',734,,3065,58,4,,0,70,,3042,58,4,,0,30,,3043,58,4,,0,70,,3044,58,4,,0,30,,3045,58,4,,0,70,,3046,58,4,,0,30,,3047,58,4,,0,70,,3048,58,4,,0,30,,3049,58,4,,0,70,,3066,58,4,,0,30,,3050,58,4,,0,70,,3067,58,4,,0,30,,3068,58,4,,0,70,,3069,58,4,,0,30,,3070,58,4,,0,70,,3051,58,4,,0,30,,3052,58,4,,0,70,,3071,58,4,,0,30,,3053,58,4,,0,70,,3054,58,4,,0,32,,3055,58,4,,0,70,,3056,58,4,,0,30,,3072,58,4,,0,70,,3073,58,4,,0,30,,3057,57,4,,0,70,,3058,57,4,,0,30,,3059,57,4,,0,70,,3060,57,4,,0,30,,3061,57,4,,0,100,,3062,57,4,,0,100,,3063,57,4,,0,100,,3064,57,4,,0
301,'Sunday-01',855,,3074,58,4,,0,70,,3085,58,4,,0,30,,3086,58,4,,0,70,,3087,58,4,,0,30,,3088,58,4,,0,70,,3089,58,4,,0,30,,3090,58,4,,0,70,,3091,58,4,,0,30,,3092,58,4,,0,70,,3093,58,4,,0,30,,3094,58,4,,0,70,,3075,58,4,,0,30,,3076,58,4,,0,70,,3077,58,4,,0,30,,3078,58,4,,0,70,,3079,58,4,,0,30,,3080,58,4,,0,70,,3081,58,4,,0,30,,3082,58,4,,0,70,,3083,58,4,,0,30,,3084,58,4,,0
301,'Weekday-01',632,,3095,58,4,,0,70,,3096,58,4,,0,30,,3097,58,4,,0,15,,3098,58,4,,0,55,,3099,58,4,,0,15,,3100,58,4,,0,15,,3101,58,4,,0,15,,3102,58,4,,0,55,,3103,58,4,,0,30,,3104,58,4,,0,70,,3105,58,4,,0,30,,3106,58,4,,0,70,,3107,58,4,,0,30,,3108,58,4,,0,70,,3109,58,4,,0,30,,3110,58,4,,0,70,,3111,58,4,,0,30,,3112,58,4,,0,70,,3113,58,4,,0,30,,3114,58,4,,0,70,,3115,58,4,,0,30,,3116,58,4,,0,15,,3117,58,4,,0,55,,3118,58,4,,0,15,,3119,58,4,,0,15,,3120,58,4,,0,70,,3121,58,4,,0,15,,3122,58,4,,0,15,,3123,58,4,,0,15,,3124,58,4,,0,59,,3125,58,4,,0,30,,3126,57,4,,0,70,,3127,57,4,,0,30,,3128,57,4,,0,70,,3129,57,4,,0,30,,3130,57,4,,0,70,,3131,57,4,,0,30,,3132,57,4,,0,70,,3136,57,4,,0,30,,3135,58,4,,0,100,,3133,57,4,,0,100,,3134,57,4,,0
1600,'Weekday-01',605,,4187,20,,,0,30,,4188,26,,,0,70,,4189,26,,,0,30,,4190,26,,,0,70,,4191,26,,,0,30,,4192,26,,,0,70,,4193,26,,,0,604,,4202,14,,,0,30,,4194,26,,,0,70,,4195,26,,,0,30,,4196,26,,,0,70,,4197,26,,,0,30,,4198,26,,,0,70,,4199,26,,,0
1700,'Weekday-01',624,,4203,24,,,0,30,,4204,31,,,0,70,,4205,31,,,0,30,,4206,31,,,0,77,,4225,31,,,0,23,,4226,31,,,0,70,,4211,34,,,0,30,,4212,34,,,0,70,,4213,34,,,0,30,,4214,34,,,0,70,,4215,34,,,0,30,,4216,34,,,0,70,,4217,34,,,0,30,,4218,34,,,0,70,,4219,34,,,0,30,,4220,34,,,0,70,,4221,34,,,0,30,,4228,34,,,0,70,,4207,31,,,0,30,,4208,31,,,0,70,,4209,31,,,0,30,,4210,31,,,0,70,,4227,31,,,0,30,,4222,34,,,0,70,,4223,34,,,0
3000,'Weekday-01',626,,4519,1,,,0,30,,4513,1,,,0,70,,4520,1,,,0,30,,4521,1,,,0,70,,4522,1,,,0,30,,4523,1,,,0,70,,4514,1,,,0,30,,4515,1,,,0,70,,4524,1,,,0,30,,4525,1,,,0,70,,4526,1,,,0,30,,4527,1,,,0,78,,4528,1,,,0,70,,4516,1,,,0,30,,4529,1,,,0,70,,4530,1,,,0,30,,4531,1,,,0,70,,4532,1,,,0,30,,4517,1,,,0,70,,4518,1,,,0,30,,4533,1,,,0
3001,'Weekday-01',751,,4540,15,4,,0,70,,4534,15,4,,0,30,,4541,15,4,,0,70,,4542,15,4,,0,30,,4543,15,4,,0,70,,4544,15,4,,0,30,,4535,15,4,,0,70,,4536,15,4,,0,30,,4545,15,4,,0,78,,4546,15,4,,0,30,,4547,15,4,,0,70,,4548,15,4,,0,30,,4549,15,4,,0,70,,4537,15,4,,0,30,,4550,15,4,,0,70,,4551,15,4,,0,30,,4552,15,4,,0,70,,4553,15,4,,0,30,,4538,15,4,,0,70,,4539,15,4,,0,30,,4554,15,4,,0
