1200,'Saturday-01',703,,4018,78,4,,0,100,,4019,78,4,,0,17,,4039,1,,,0,30,,4040,1,,,0,65,,4020,78,,,0,30,,4021,78,,,0,70,,4022,78,,,0,30,,4023,78,,,0,70,,4024,78,,,0,30,,4025,78,,,0,70,,4026,78,,,0,30,,4027,78,,,0,70,,4028,78,,,0,30,,4029,78,,,0,70,,4030,78,,,0,30,,4031,78,,,0,70,,4032,78,,,0,30,,4033,78,,,0,70,,4034,78,,,0,30,,4035,78,,,0,70,,4036,78,,,0,30,,4041,78,,,0,70,,4042,78,,,0,25,,4037,75,4,,0,100,,4038,75,4,,0,100,,4043,75,4,,0,100,,4044,75,4,,0,100,,4045,75,4,,0,100,,4046,75,4,,0,100,,4047,75,4,,0
1200,'Sunday-01',852,,4048,78,4,,0,100,,4049,78,4,,0,100,,4050,78,4,,0,100,,4051,78,4,,0,100,,4052,78,4,,0,100,,4053,78,4,,0,100,,4054,78,4,,0,100,,4055,78,4,,0,100,,4056,78,4,,0,100,,4057,78,4,,0,100,,4058,78,4,,0
1200,'Weekday-01',642,,4086,74,,,0,70,,4087,74,,,0,30,,4088,74,,,0,70,,4089,74,,,0,34,,4075,78,,,0,70,,4076,78,,,0,30,,4067,78,,,0,70,,4068,78,,,0,30,,4066,78,,,0,70,,4065,78,,,0,30,,4064,78,,,0,70,,4063,78,,,0,30,,4062,78,,,0,70,,4061,78,,,0,30,,4060,78,,,0,70,,4059,78,,,0,30,,4084,78,,,0,70,,4083,78,,,0,30,,4082,78,,,0,70,,4081,78,,,0,30,,4077,78,,,0,70,,4078,78,,,0,30,,4079,78,,,0,70,,4080,78,,,0,21,,4085,75,4,,0,100,,4069,75,4,,0,100,,4070,75,4,,0,100,,4071,75,4,,0,100,,4072,75,4,,0,100,,4073,75,4,,0,100,,4074,75,4,,0
1201,'Saturday-01',608,,4090,1,,,0,100,,4091,1,,,0,100,,4092,1,,,0,28,,4096,11,,,0,70,,4097,11,,,0,30,,4098,11,,,0,70,,4099,11,,,0,30,,4100,11,,,0,70,,4101,11,,,0,30,,4102,11,,,0,70,,4103,11,,,0,30,,4104,11,,,0,70,,4105,11,,,0,30,,4106,11,,,0,70,,4107,11,,,0,30,,4108,11,,,0,70,,4109,11,,,0,30,,4110,11,,,0,70,,4111,11,,,0,30,,4112,11,,,0,70,,4095,11,,,0,30,,4094,11,,,0,109,,4093,1,,,0,100,,4116,1,,,0,100,,4117,1,,,0,100,,4113,1,,,0,100,,4114,1,,,0,100,,4115,1,,,0
1201,'Sunday-01',757,,4118,1,,,0,100,,4119,1,,,0,100,,4120,1,,,0,100,,4121,1,,,0,100,,4122,1,,,0,100,,4123,1,,,0,100,,4124,1,,,0,100,,4125,1,,,0,100,,4126,1,,,0,100,,4127,1,,,0,100,,4128,1,,,0
1201,'Weekday-01',602,,4156,11,,,0,30,,4157,11,,,0,70,,4158,11,,,0,30,,4159,11,,,0,70,,4160,11,,,0,30,,4135,11,,,0,74,,4146,11,,,0,30,,4147,11,,,0,70,,4148,11,,,0,30,,4149,11,,,0,70,,4150,11,,,0,30,,4151,11,,,0,70,,4152,11,,,0,30,,4153,11,,,0,70,,4136,11,,,0,30,,4137,11,,,0,70,,4138,11,,,0,30,,4139,11,,,0,70,,4145,11,,,0,30,,4140,11,,,0,70,,4141,11,,,0,30,,4142,11,,,0,70,,4143,11,,,0,30,,4144,11,,,0,70,,4154,11,,,0,36,,4129,1,,,0,100,,4130,1,,,0,100,,4131,1,,,0,100,,4132,1,,,0,100,,4133,1,,,0,100,,4134,1,,,0
2200,'Weekday-01',654,,4418,1,,,0,70,,4421,1,,,0,30,,4419,1,,,0,70,,4420,1,,,0,30,,4422,1,,,0,70,,4423,1,,,0,30,,4424,1,,,0,100,,4425,1,,,0,100,,4426,1,,,0,100,,4427,1,,,0,100,,4409,1,,,0,70,,4417,1,,,0,30,,4406,1,,,0,70,,4410,1,,,0,76,,4411,1,,,0,30,,4412,1,,,0,70,,4413,1,,,0,30,,4414,1,,,0,70,,4415,1,,,0,30,,4416,1,,,0,70,,4429,1,,,0,30,,4428,1,,,0,70,,4430,1,,,0,225,,4407,1,,,0
2201,'Weekday-01',754,,4432,24,4,,0,70,,4433,24,4,,0,30,,4443,24,4,,0,70,,4445,24,4,,0,30,,4446,24,4,,0,70,,4449,24,4,,0,30,,4450,24,4,,0,100,,4451,24,4,,0,100,,4452,24,4,,0,100,,4453,24,4,,0,70,,4447,24,4,,0,30,,4448,24,4,,0,70,,4444,24,4,,0,76,,4434,24,4,,0,24,,4435,24,4,,0,30,,4436,24,4,,0,70,,4437,24,4,,0,30,,4438,24,4,,0,70,,4439,24,4,,0,76,,4440,24,4,,0,30,,4442,24,4,,0,70,,4454,24,4,,0,30,,4455,24,4,,0,70,,4456,24,4,,0,125,,4441,24,4,,0
6000,'Saturday-01',725,,4905,13,,,0,80,,4906,13,,,0,40,,4907,13,,,0,80,,4908,13,,,0,80,,4909,13,,,0,40,,4910,13,,,0,80,,4911,13,,,0,80,,4912,13,,,0,40,,4913,13,,,0,80,,4914,13,,,0,80,,4915,13,,,0,40,,4916,13,,,0,80,,4917,13,,,0,80,,4918,13,,,0,40,,4919,13,,,0,80,,4920,13,,,0,80,,4921,13,,,0,40,,4922,13,,,0,80,,4923,13,,,0,80,,4924,13,,,0,40,,4925,13,,,0,80,,4926,13,,,0,80,,4927,13,,,0,40,,4928,13,,,0,80,,4929,13,,,0,27,,4930,13,,,0,80,,4931,13,,,0
6000,'Sunday-01',900,,4932,13,,,0,40,,4935,13,,,0,80,,4936,13,,,0,80,,4937,13,,,0,40,,4938,13,,,0,80,,4939,13,,,0,80,,4940,13,,,0,40,,4941,13,,,0,80,,4942,13,,,0,80,,4943,13,,,0,40,,4944,13,,,0,80,,4945,13,,,0,80,,4946,13,,,0,40,,4947,13,,,0,80,,4933,13,,,0,80,,4934,13,,,0
6000,'Weekday-01',700,,4981,13,,,0,25,,4948,13,,,0,25,,4949,13,,,0,65,,4950,13,,,0,25,,4951,13,,,0,75,,4952,13,,,0,40,,4953,13,,,0,75,,4954,13,,,0,80,,4955,13,,,0,40,,4956,13,,,0,80,,4957,13,,,0,80,,4958,13,,,0,40,,4959,13,,,0,80,,4960,13,,,0,25,,4961,13,,,0,65,,4962,13,,,0,25,,4963,13,,,0,65,,4964,13,,,0,25,,4965,13,,,0,65,,4966,13,,,0,25,,4967,13,,,0,25,,4968,13,,,0,65,,4969,13,,,0,25,,4970,13,,,0,65,,4971,13,,,0,25,,4972,13,,,0,25,,4973,13,,,0,65,,4974,13,,,0,35,,4975,13,,,0,80,,4976,13,,,0,80,,4977,13,,,0,40,,4978,13,,,0,80,,4979,13,,,0,67,,4980,13,,,0,30,,4982,13,,,0
6001,'Saturday-01',634,,4983,19,,,0,80,,4986,19,,,0,40,,4999,19,,,0,80,,4998,19,,,0,80,,4997,19,,,0,40,,5000,19,,,0,80,,5007,19,,,0,80,,5005,19,,,0,40,,5003,19,,,0,80,,4994,19,,,0,80,,4996,19,,,0,40,,4993,19,,,0,80,,5010,19,,,0,80,,5011,19,,,0,40,,5009,19,,,0,80,,5006,19,,,0,80,,5004,19,,,0,40,,4995,19,,,0,80,,4992,19,,,0,80,,5008,19,,,0,40,,5001,19,,,0,80,,5002,19,,,0,80,,4990,19,,,0,40,,4991,19,,,0,80,,4989,19,,,0,80,,4988,19,,,0,40,,4987,19,,,0,57,,4984,19,4,,0,40,,4985,19,4,,0
6001,'Sunday-01',809,,5012,19,,,0,40,,5016,19,,,0,80,,5019,19,,,0,80,,5017,19,,,0,40,,5018,19,,,0,80,,5020,19,,,0,80,,5021,19,,,0,40,,5022,19,,,0,80,,5023,19,,,0,80,,5025,19,,,0,40,,5026,19,,,0,80,,5024,19,,,0,80,,5027,19,,,0,40,,5028,19,,,0,80,,5015,19,,,0,80,,5014,19,,,0,30,,5013,19,4,,0,80,,5029,19,4,,0
6001,'Weekday-01',609,,5066,19,,,0,25,,5030,19,,,0,25,,5031,19,,,0,65,,5032,19,,,0,25,,5033,19,,,0,75,,5034,19,,,0,15,,5035,19,,,0,65,,5036,19,,,0,35,,5037,19,,,0,80,,5038,19,,,0,40,,5039,19,,,0,80,,5040,19,,,0,80,,5041,19,,,0,40,,5042,19,,,0,80,,5043,19,,,0,90,,5044,19,,,0,25,,5045,19,,,0,65,,5046,19,,,0,25,,5047,19,,,0,65,,5048,19,,,0,25,,5049,19,,,0,25,,5050,19,,,0,65,,5051,19,,,0,25,,5052,19,,,0,65,,5053,19,,,0,25,,5054,19,,,0,65,,5055,19,,,0,25,,5056,19,,,0,75,,5057,19,,,0,15,,5058,19,,,0,25,,5059,19,,,0,80,,5060,19,,,0,80,,5061,19,,,0,40,,5062,19,,,0,80,,5063,19,,,0,30,,5064,19,,,0,67,,5065,19,4,,0,30,,5067,19,4,,0
