701,'Saturday-01',630,,3489,55,,,0,100,,3490,55,,,0,70,,3491,55,,,0,30,,3492,55,,,0,70,,3493,55,,,0,30,,3494,55,,,0,70,,3495,55,,,0,30,,3496,55,,,0,70,,3497,55,,,0,30,,3498,55,,,0,70,,3499,55,,,0,30,,3500,55,,,0,70,,3501,55,,,0,30,,3502,55,,,0,70,,3503,55,,,0,30,,3504,55,,,0,70,,3505,55,,,0,30,,3506,55,,,0,70,,3507,55,,,0,30,,3508,55,,,0,70,,3509,55,,,0,30,,3510,55,,,0,70,,3511,55,,,0,30,,3512,55,,,0,70,,3513,55,,,0,100,,3516,55,,,0,45,,3517,55,,,0,70,,3518,55,,,0,100,,3519,55,,,0,100,,3520,55,,,0,100,,3515,55,,,0
701,'Sunday-01',830,,3521,55,,,0,70,,3522,55,,,0,30,,3523,55,,,0,70,,3524,55,,,0,30,,3525,55,,,0,70,,3526,55,,,0,30,,3527,55,,,0,70,,3528,55,,,0,30,,3529,55,,,0,70,,3530,55,,,0,30,,3531,55,,,0,70,,3532,55,,,0,30,,3533,55,,,0,70,,3534,55,,,0,30,,3535,55,,,0,70,,3536,55,,,0,30,,3537,55,,,0,70,,3538,55,,,0,30,,3539,55,,,0,70,,3540,55,,,0,30,,3541,55,,,0
701,'Weekday-01',600,,3542,55,,,0,30,,3543,55,,,0,70,,3544,55,,,0,20,,3545,55,,,0,10,,3546,55,,,0,15,,3547,55,,,0,55,,3548,55,,,0,15,,3549,55,,,0,15,,3550,55,,,0,70,,3551,55,,,0,30,,3552,55,,,0,70,,3553,55,,,0,30,,3554,55,,,0,70,,3555,55,,,0,30,,3556,55,,,0,70,,3557,55,,,0,30,,3558,55,,,0,70,,3559,55,,,0,30,,3560,55,,,0,70,,3561,55,,,0,30,,3562,55,,,0,70,,3563,55,,,0,30,,3564,55,,,0,70,,3565,55,,,0,25,,3566,55,,,0,30,,3567,55,,,0,75,,3568,55,,,0,70,,3569,55,,,0,30,,3570,55,,,0,70,,3571,55,,,0,100,,3572,55,,,0,45,,3573,55,,,0,70,,3574,55,,,0,100,,3575,55,,,0,100,,3576,55,,,0,100,,3577,55,,,0
901,'Saturday-01',645,,3790,34,,,0,70,,3791,34,,,0,30,,3792,34,,,0,70,,3793,34,,,0,30,,3794,34,,,0,70,,3795,34,,,0,30,,3796,34,,,0,70,,3797,34,,,0,30,,3798,34,,,0,70,,3799,34,,,0,30,,3800,34,,,0,70,,3801,34,,,0,30,,3802,34,,,0,70,,3803,34,,,0,30,,3804,34,,,0,70,,3805,34,,,0,30,,3806,34,,,0,70,,3807,34,,,0,30,,3808,34,,,0,70,,3809,34,,,0,30,,3810,34,,,0,70,,3811,34,,,0,30,,3812,34,,,0,70,,3813,34,,,0,85,,3814,34,,,0,45,,3815,34,,,0,85,,3816,34,,,0,70,,3817,34,,,0,45,,3818,34,,,0,100,,3819,34,,,0,100,,3820,34,,,0
901,'Sunday-01',815,,3839,34,,,0,30,,3829,34,,,0,70,,3840,34,,,0,30,,3830,34,,,0,70,,3841,34,,,0,30,,3831,34,,,0,70,,3821,34,,,0,30,,3832,34,,,0,70,,3822,34,,,0,30,,3833,34,,,0,70,,3823,34,,,0,30,,3834,34,,,0,70,,3824,34,,,0,30,,3835,34,,,0,70,,3825,34,,,0,30,,3836,34,,,0,70,,3826,34,,,0,30,,3837,34,,,0,70,,3827,34,,,0,30,,3838,34,,,0,70,,3828,34,,,0
901,'Weekday-01',610,,3842,34,,,0,30,,3843,34,,,0,70,,3844,34,,,0,30,,3845,34,,,0,70,,3846,34,,,0,35,,3847,34,,,0,70,,3848,34,,,0,30,,3849,34,,,0,70,,3850,34,,,0,30,,3851,34,,,0,70,,3852,34,,,0,30,,3853,34,,,0,70,,3854,34,,,0,30,,3855,34,,,0,70,,3856,34,,,0,30,,3857,34,,,0,70,,3858,34,,,0,30,,3859,34,,,0,70,,3860,34,,,0,15,,3861,34,,,0,15,,3862,34,,,0,55,,3863,34,,,0,15,,3864,34,,,0,15,,3865,34,,,0,15,,3866,34,,,0,55,,3867,34,,,0,15,,3868,34,,,0,30,,3869,34,,,0,70,,3870,34,,,0,85,,3871,34,,,0,45,,3872,34,,,0,85,,3873,34,,,0,70,,3874,34,,,0,45,,3875,34,,,0,100,,3876,34,,,0,100,,3877,34,,,0
6000,'Saturday-01',655,,4905,1,,,0,80,,4906,1,,,0,80,,4907,1,,,0,40,,4908,1,,,0,80,,4909,1,,,0,80,,4910,1,,,0,40,,4911,1,,,0,80,,4912,1,,,0,80,,4913,1,,,0,40,,4914,1,,,0,80,,4915,1,,,0,80,,4916,1,,,0,40,,4917,1,,,0,80,,4918,1,,,0,80,,4919,1,,,0,40,,4920,1,,,0,80,,4921,1,,,0,80,,4922,1,,,0,40,,4923,1,,,0,80,,4924,1,,,0,80,,4925,1,,,0,40,,4926,1,,,0,80,,4927,1,,,0,80,,4928,1,,,0,40,,4929,1,,,0,80,,4930,1,,,0,80,,4931,1,,,0
6000,'Sunday-01',830,,4932,1,,,0,80,,4935,1,,,0,40,,4936,1,,,0,80,,4937,1,,,0,80,,4938,1,,,0,40,,4939,1,,,0,80,,4940,1,,,0,80,,4941,1,,,0,40,,4942,1,,,0,80,,4943,1,,,0,80,,4944,1,,,0,40,,4945,1,,,0,80,,4946,1,,,0,80,,4947,1,,,0,40,,4933,1,,,0,80,,4934,1,,,0
6000,'Weekday-01',630,,4981,1,,,0,25,,4948,1,,,0,65,,4949,1,,,0,25,,4950,1,,,0,65,,4951,1,,,0,35,,4952,1,,,0,80,,4953,1,,,0,75,,4954,1,,,0,40,,4955,1,,,0,80,,4956,1,,,0,80,,4957,1,,,0,40,,4958,1,,,0,80,,4959,1,,,0,80,,4960,1,,,0,25,,4961,1,,,0,25,,4962,1,,,0,65,,4963,1,,,0,25,,4964,1,,,0,65,,4965,1,,,0,25,,4966,1,,,0,25,,4967,1,,,0,65,,4968,1,,,0,25,,4969,1,,,0,65,,4970,1,,,0,25,,4971,1,,,0,65,,4972,1,,,0,25,,4973,1,,,0,25,,4974,1,,,0,75,,4975,1,,,0,80,,4976,1,,,0,40,,4977,1,,,0,80,,4978,1,,,0,80,,4979,1,,,0,40,,4980,1,,,0,70,,4982,1,,,0
6001,'Saturday-01',655,,4983,33,4,,0,80,,4986,33,4,,0,80,,4999,33,4,,0,40,,4998,33,4,,0,80,,4997,33,4,,0,80,,5000,33,4,,0,40,,5007,33,4,,0,80,,5005,33,4,,0,80,,5003,33,4,,0,40,,4994,33,4,,0,80,,4996,33,4,,0,80,,4993,33,4,,0,40,,5010,33,4,,0,80,,5011,33,4,,0,80,,5009,33,4,,0,40,,5006,33,4,,0,80,,5004,33,4,,0,80,,4995,33,4,,0,40,,4992,33,4,,0,80,,5008,33,4,,0,80,,5001,33,4,,0,40,,5002,33,4,,0,80,,4990,33,4,,0,80,,4991,33,4,,0,40,,4989,33,4,,0,80,,4988,33,4,,0,80,,4987,33,4,,0
6001,'Sunday-01',830,,5012,33,4,,0,80,,5016,33,4,,0,40,,5019,33,4,,0,80,,5017,33,4,,0,80,,5018,33,4,,0,40,,5020,33,4,,0,80,,5021,33,4,,0,80,,5022,33,4,,0,40,,5023,33,4,,0,80,,5025,33,4,,0,80,,5026,33,4,,0,40,,5024,33,4,,0,80,,5027,33,4,,0,80,,5028,33,4,,0,40,,5015,33,4,,0,80,,5014,33,4,,0
6001,'Weekday-01',630,,5066,33,4,,0,25,,5030,33,4,,0,65,,5031,33,4,,0,25,,5032,33,4,,0,65,,5033,33,4,,0,35,,5034,33,4,,0,55,,5035,33,4,,0,25,,5036,33,4,,0,75,,5037,33,4,,0,40,,5038,33,4,,0,80,,5039,33,4,,0,80,,5040,33,4,,0,40,,5041,33,4,,0,80,,5042,33,4,,0,80,,5043,33,4,,0,50,,5044,33,4,,0,65,,5045,33,4,,0,25,,5046,33,4,,0,65,,5047,33,4,,0,25,,5048,33,4,,0,25,,5049,33,4,,0,65,,5050,33,4,,0,25,,5051,33,4,,0,65,,5052,33,4,,0,25,,5053,33,4,,0,65,,5054,33,4,,0,25,,5055,33,4,,0,25,,5056,33,4,,0,75,,5057,33,4,,0,15,,5058,33,4,,0,65,,5059,33,4,,0,40,,5060,33,4,,0,80,,5061,33,4,,0,80,,5062,33,4,,0,40,,5063,33,4,,0,70,,5064,33,4,,0
