101,'Saturday-01',721,,2662,38,,,0,30,,2663,38,,,0,75,,2693,34,0,6,0,30,,2682,34,,,0,70,,2683,34,,,0,30,,2684,34,,,0,70,,2685,34,,,0,30,,2686,34,,,0,70,,2687,34,,,0,30,,2688,34,,,0,70,,2689,34,,,0,30,,2672,36,,,0,65,,2664,38,,,0,30,,2665,38,,,0,50,,2673,36,,,0,35,,2674,36,,,0,75,,2666,38,,,0,40,,2667,38,,,0,55,,2678,36,,,0,40,,2679,34,,,0,70,,2680,34,,,0,40,,2675,36,,,0,70,,2676,36,,,0,30,,2677,36,,,0,99,,2690,34,,,0,70,,2691,34,,,0,95,,2668,38,,,0,83,,2669,38,,,0,20,,2681,34,,,0,100,,2670,38,,,0,85,,2671,38,,,0
101,'Sunday-01',807,,2694,34,,,0,100,,2695,36,,,0,100,,2696,36,,,0,100,,2697,36,,,0,100,,2698,36,,,0,105,,2701,38,,,0,100,,2702,38,,,0,105,,2703,38,,,0,100,,2704,38,,,0,100,,2699,36,,,0,107,,2700,36,,,0
101,'Weekday-01',615,,2753,34,,,0,16,,2708,25,,,0,10,,2736,34,,,0,65,,2725,25,,,0,15,,2709,38,,,0,15,,2710,38,,,0,15,,2711,38,,,0,50,,2737,34,,,0,5,,2712,38,,,0,25,,2707,25,,,0,20,,2739,34,,,0,60,,2740,34,,,0,30,,2752,34,,,0,80,,2741,34,,,0,34,,2742,34,,,0,70,,2743,34,,,0,30,,2744,34,,,0,70,,2745,34,,,0,96,,2713,38,,,0,30,,2714,38,,,0,70,,2715,38,,,0,30,,2716,38,,,0,70,,2717,38,,,0,30,,2718,38,,,0,55,,2726,36,,,0,10,,2727,36,,,0,10,,2746,34,,,0,20,,2728,36,,,0,10,,2747,34,,,0,60,,2729,36,,,0,5,,2748,34,,,0,25,,2730,36,,,0,5,,2749,34,,,0,65,,2731,36,,,0,5,,2750,34,,,0,80,,2732,36,,,0,10,,2751,34,,,0,30,,2738,34,,,0,70,,2734,34,,,0,90,,2719,38,,,0,20,,2720,38,,,0,35,,2721,38,,,0,70,,2722,38,,,0,100,,2723,38,,,0,25,,2724,38,,,0,70,,2735,34,,,0
200,'Saturday-01',643,,2754,28,,,0,70,,2755,28,,,0,29,,2756,28,,,0,70,,2757,28,,,0,30,,2758,28,,,0,70,,2759,28,,,0,30,,2760,28,,,0,70,,2761,28,,,0,30,,2762,28,,,0,70,,2763,28,,,0,30,,2764,28,,,0,70,,2765,28,,,0,30,,2766,28,,,0,70,,2767,28,,,0,30,,2768,28,,,0,70,,2769,28,,,0,30,,2770,28,,,0,70,,2771,28,,,0,30,,2772,28,,,0,70,,2773,28,,,0,30,,2774,28,,,0,70,,2775,28,,,0,30,,2776,28,,,0,70,,2777,28,,,0,30,,2778,28,,,0,70,,2779,28,,,0,30,,2781,28,,,0,70,,2782,28,,,0,30,,2783,28,,,0,70,,2784,28,,,0,100,,2785,28,,,0,100,,2786,28,,,0,100,,2787,28,,,0
200,'Sunday-01',828,,2788,28,,,0,30,,2789,28,,,0,70,,2790,28,,,0,30,,2791,28,,,0,70,,2792,28,,,0,30,,2793,28,,,0,70,,2794,28,,,0,30,,2795,28,,,0,70,,2796,28,,,0,30,,2797,28,,,0,70,,2798,28,,,0,30,,2799,28,,,0,70,,2800,28,,,0,30,,2801,28,,,0,70,,2802,28,,,0,30,,2803,28,,,0,70,,2804,28,,,0,30,,2805,28,,,0,70,,2806,28,,,0
200,'Weekday-01',613,,2808,28,,,0,30,,2807,28,,,0,14,,2848,28,,,0,55,,2811,28,,,0,15,,2812,28,,,0,15,,2813,28,,,0,15,,2814,28,,,0,55,,2809,28,,,0,15,,2810,28,,,0,30,,2815,28,,,0,70,,2816,28,,,0,20,,2839,28,,,0,70,,2820,28,,,0,30,,2821,28,,,0,70,,2822,28,,,0,30,,2823,28,,,0,70,,2824,28,,,0,30,,2825,28,,,0,70,,2826,28,,,0,30,,2817,28,,,0,70,,2818,28,,,0,25,,2819,28,,,0,65,,2827,28,,,0,20,,2828,28,,,0,15,,2829,28,,,0,15,,2830,28,,,0,55,,2831,28,,,0,15,,2832,28,,,0,15,,2833,28,,,0,15,,2834,28,,,0,55,,2835,28,,,0,30,,2840,28,,,0,70,,2841,28,,,0,30,,2842,28,,,0,70,,2843,28,,,0,30,,2844,28,,,0,70,,2836,28,,,0,30,,2837,28,,,0,70,,2838,28,,,0,100,,2845,28,,,0,100,,2846,28,,,0,100,,2847,28,,,0
300,'Saturday-01',642,,2964,38,,,0,70,,2947,38,,,0,30,,2948,38,,,0,70,,2949,38,,,0,30,,2950,38,,,0,70,,2951,38,,,0,30,,2952,38,,,0,70,,2953,38,,,0,30,,2954,38,,,0,70,,2965,38,,,0,30,,2955,38,,,0,70,,2966,38,,,0,30,,2967,38,,,0,70,,2968,38,,,0,30,,2969,38,,,0,70,,2956,38,,,0,30,,2957,38,,,0,70,,2970,38,,,0,30,,2958,38,,,0,70,,2959,38,,,0,30,,2960,38,,,0,70,,2961,38,,,0,30,,2971,38,,,0,71,,2972,38,,,0,30,,2962,38,,,0,70,,2973,38,,,0,30,,2963,38,,,0,70,,2974,38,,,0,30,,2978,38,,,0,70,,2975,38,,,0,100,,2976,38,,,0,100,,2977,38,,,0,100,,2979,38,,,0
300,'Sunday-01',827,,2980,38,,,0,30,,2981,38,,,0,70,,2982,38,,,0,30,,2983,38,,,0,70,,2984,38,,,0,30,,2985,38,,,0,70,,2986,38,,,0,30,,2987,38,,,0,70,,2988,38,,,0,30,,2989,38,,,0,70,,2990,38,,,0,30,,2991,38,,,0,70,,2992,38,,,0,30,,2993,38,,,0,70,,2994,38,,,0,30,,2995,38,,,0,70,,2996,38,,,0,30,,2997,38,,,0,70,,2998,38,,,0,30,,2999,38,,,0,70,,3000,38,,,0
300,'Weekday-01',612,,3001,38,,,0,30,,3002,38,,,0,15,,3003,38,,,0,55,,3004,38,,,0,15,,3005,38,,,0,15,,3006,38,,,0,15,,3007,38,,,0,55,,3008,38,,,0,15,,3009,38,,,0,15,,3010,38,,,0,70,,3011,38,,,0,30,,3012,38,,,0,70,,3013,38,,,0,30,,3014,38,,,0,70,,3015,38,,,0,30,,3016,38,,,0,70,,3017,38,,,0,30,,3018,38,,,0,70,,3019,38,,,0,30,,3020,38,,,0,70,,3021,38,,,0,30,,3022,38,,,0,70,,3023,38,,,0,30,,3024,38,,,0,16,,3025,38,,,0,54,,3026,38,,,0,15,,3027,38,,,0,15,,3028,38,,,0,15,,3029,38,,,0,55,,3030,38,,,0,30,,3031,38,,,0,70,,3032,38,,,0,31,,3033,38,,,0,70,,3034,38,,,0,30,,3035,38,,,0,70,,3036,38,,,0,30,,3041,38,,,0,70,,3040,38,,,0,100,,3037,38,,,0,100,,3038,38,,,0,100,,3039,38,,,0
1200,'Saturday-01',642,,4018,34,,,0,100,,4019,34,,,0,100,,4020,34,,,0,70,,4021,34,,,0,30,,4022,34,,,0,70,,4023,34,,,0,30,,4024,34,,,0,70,,4025,34,,,0,30,,4026,34,,,0,70,,4027,34,,,0,30,,4028,34,,,0,70,,4029,34,,,0,30,,4030,34,,,0,70,,4031,34,,,0,30,,4032,34,,,0,70,,4033,34,,,0,30,,4034,34,,,0,70,,4035,34,,,0,30,,4036,34,,,0,70,,4041,34,,,0,30,,4042,34,,,0,70,,4037,34,,,0,100,,4038,34,,,0,100,,4043,34,,,0,100,,4044,34,,,0,100,,4045,34,,,0,100,,4046,34,,,0,100,,4047,34,,,0
1200,'Sunday-01',827,,4048,34,,,0,100,,4049,34,,,0,100,,4050,34,,,0,100,,4051,34,,,0,100,,4052,34,,,0,100,,4053,34,,,0,100,,4054,34,,,0,100,,4055,34,,,0,100,,4056,34,,,0,100,,4057,34,,,0,100,,4058,34,,,0
1200,'Weekday-01',612,,4086,34,,,0,30,,4087,34,,,0,70,,4088,34,,,0,30,,4089,34,,,0,70,,4075,34,,,0,30,,4076,34,,,0,70,,4067,34,,,0,30,,4068,34,,,0,70,,4066,34,,,0,30,,4065,34,,,0,70,,4064,34,,,0,30,,4063,34,,,0,70,,4062,34,,,0,30,,4061,34,,,0,70,,4060,34,,,0,30,,4059,34,,,0,70,,4084,34,,,0,30,,4083,34,,,0,70,,4082,34,,,0,30,,4081,34,,,0,70,,4077,34,,,0,30,,4078,34,,,0,70,,4079,34,,,0,30,,4080,34,,,0,70,,4085,34,,,0,100,,4069,34,,,0,100,,4070,34,,,0,100,,4071,34,,,0,100,,4072,34,,,0,100,,4073,34,,,0,100,,4074,34,,,0
3000,'Weekday-01',650,,4519,6,,,0,70,,4513,6,,,0,30,,4520,6,,,0,70,,4521,6,,,0,30,,4522,6,,,0,70,,4523,6,,,0,30,,4514,6,,,0,70,,4515,6,,,0,30,,4524,6,,,0,72,,4525,6,,,0,30,,4526,6,,,0,70,,4527,6,,,0,33,,4528,6,,,0,70,,4516,6,,,0,30,,4529,6,,,0,70,,4530,6,,,0,30,,4531,6,,,0,70,,4532,6,,,0,30,,4517,6,,,0,70,,4518,6,,,0,30,,4533,6,,,0
4000,'Saturday-01',620,,4555,27,,,0,30,,4556,27,,,0,70,,4557,27,,,0,30,,4558,27,,,0,70,,4559,27,,,0,30,,4560,27,,,0,70,,4561,27,,,0,30,,4562,27,,,0,70,,4563,27,,,0,30,,4564,27,,,0,70,,4565,27,,,0,30,,4566,27,,,0,70,,4567,27,,,0,30,,4568,27,,,0,70,,4569,27,,,0,30,,4570,27,,,0,70,,4571,27,,,0,30,,4572,27,,,0,70,,4573,27,,,0,30,,4574,27,,,0,70,,4575,27,,,0,30,,4576,27,,,0,70,,4577,27,,,0,30,,4578,27,,,0,70,,4579,27,,,0,30,,4580,27,,,0,70,,4581,27,,,0,30,,4582,27,,,0,70,,4583,27,,,0,30,,4584,27,,,0,70,,4585,27,,,0,30,,4586,27,,,0,70,,4587,27,,,0,30,,4588,27,,,0,70,,4589,27,,,0,100,,4590,27,,,0
4000,'Sunday-01',820,,4591,27,,,0,30,,4592,27,,,0,70,,4593,27,,,0,30,,4594,27,,,0,70,,4595,27,,,0,30,,4596,27,,,0,70,,4597,27,,,0,30,,4598,27,,,0,70,,4599,27,,,0,30,,4600,27,,,0,70,,4601,27,,,0,30,,4602,27,,,0,70,,4603,27,,,0,30,,4604,27,,,0,70,,4605,27,,,0,30,,4606,27,,,0,70,,4607,27,,,0,30,,4608,27,,,0,70,,4609,27,,,0,30,,4610,27,,,0,70,,4611,27,,,0
4000,'Weekday-01',620,,4649,27,,,0,30,,4640,27,,,0,70,,4641,27,,,0,30,,4642,27,,,0,70,,4643,27,,,0,30,,4644,27,,,0,70,,4645,27,,,0,30,,4646,27,,,0,70,,4647,27,,,0,30,,4648,27,,,0,70,,4615,27,,,0,30,,4637,27,,,0,70,,4636,27,,,0,30,,4635,27,,,0,70,,4634,27,,,0,30,,4616,27,,,0,70,,4633,27,,,0,30,,4632,27,,,0,70,,4638,27,,,0,30,,4617,27,,,0,70,,4618,27,,,0,30,,4619,27,,,0,70,,4631,27,,,0,30,,4639,27,,,0,70,,4621,27,,,0,30,,4623,27,,,0,70,,4630,27,,,0,30,,4629,27,,,0,70,,4628,27,,,0,30,,4620,27,,,0,70,,4627,27,,,0,30,,4626,27,,,0,70,,4625,27,,,0,30,,4624,27,,,0,70,,4614,27,,,0,100,,4622,27,,,0
