100,'Saturday-01',1852,,2580,29,0,5,0,70,,2581,29,0,5,0,30,,2594,29,0,5,0,83,,2595,29,0,5,0,70,,2582,29,0,5,0,95,,2596,29,0,5,0,43,,2597,29,0,5,0,60,,2598,29,0,5,0,100,,2583,29,0,5,0,45,,2599,29,0,5,0
100,'Sunday-01',750,,2602,29,0,5,0,100,,2603,29,0,5,0,100,,2604,29,0,5,0,100,,2605,29,0,5,0,100,,2607,29,0,5,0,100,,2608,29,0,5,0,105,,2609,29,0,5,0,100,,2610,29,0,5,0,145,,2611,29,0,5,0,100,,2606,29,0,5,0,100,,2600,29,0,5,0,109,,2601,29,0,5,0
100,'Weekday-01',1833,,2641,29,0,5,0,70,,2642,29,0,5,0,40,,2658,29,0,8,0,10,,2645,29,0,8,0,70,,2646,29,0,8,0,30,,2647,29,0,8,0,100,,2648,29,0,8,0,60,,2649,29,0,8,0,100,,2643,29,0,5,0,98,,2644,29,0,5,0,14,,2659,29,0,5,0,30,,2660,29,0,5,0
101,'Saturday-01',712,,2661,18,,,0,30,,2662,57,,,0,70,,2663,57,,,0,35,,2693,53,0,6,0,70,,2682,53,,,0,30,,2683,53,,,0,70,,2684,53,,,0,30,,2685,53,,,0,70,,2686,53,,,0,30,,2687,53,,,0,70,,2688,53,,,0,30,,2689,53,,,0,70,,2672,55,,,0,25,,2664,57,,,0,70,,2665,57,,,0,10,,2673,55,,,0,35,,2674,55,,,0,75,,2666,57,,,0,80,,2667,57,,,0,15,,2678,55,,,0,80,,2679,53,,,0,30,,2680,53,,,0,80,,2675,55,,,0,30,,2676,55,,,0,70,,2677,55,,,0,99,,2690,53,,,0,30,,2691,53,,,0,95,,2668,57,,,0,83,,2669,57,,,0,20,,2681,53,,,0,100,,2670,57,,,0,85,,2671,57,,,0
101,'Sunday-01',828,,2694,53,,,0,100,,2695,55,,,0,100,,2696,55,,,0,100,,2697,55,,,0,100,,2698,55,,,0,105,,2701,57,,,0,100,,2702,57,,,0,105,,2703,57,,,0,100,,2704,57,,,0,100,,2699,55,,,0,109,,2700,55,,,0
101,'Weekday-01',548,,2705,8,,,0,55,,2706,8,,,0,30,,2753,53,,,0,16,,2708,44,,,0,10,,2736,53,,,0,64,,2725,44,,,0,19,,2709,57,,,0,15,,2710,57,,,0,55,,2711,57,,,0,7,,2737,53,,,0,8,,2712,57,,,0,22,,2707,44,,,0,60,,2739,53,,,0,20,,2740,53,,,0,30,,2752,53,,,0,80,,2741,53,,,0,74,,2742,53,,,0,30,,2743,53,,,0,70,,2744,53,,,0,30,,2745,53,,,0,99,,2713,57,,,0,70,,2714,57,,,0,30,,2715,57,,,0,70,,2716,57,,,0,30,,2717,57,,,0,70,,2718,57,,,0,12,,2726,55,,,0,10,,2727,55,,,0,10,,2746,53,,,0,60,,2728,55,,,0,13,,2747,53,,,0,17,,2729,55,,,0,8,,2748,53,,,0,61,,2730,55,,,0,6,,2749,53,,,0,25,,2731,55,,,0,5,,2750,53,,,0,80,,2732,55,,,0,10,,2751,53,,,0,30,,2738,53,,,0,70,,2734,53,,,0,90,,2719,57,,,0,20,,2720,57,,,0,75,,2721,57,,,0,30,,2722,57,,,0,100,,2723,57,,,0,65,,2724,57,,,0,30,,2735,53,,,0
200,'Saturday-01',629,,2754,15,,,0,30,,2755,15,,,0,67,,2756,15,,,0,30,,2757,15,,,0,70,,2758,15,,,0,30,,2759,15,,,0,70,,2760,15,,,0,30,,2761,15,,,0,70,,2762,15,,,0,30,,2763,15,,,0,70,,2764,15,,,0,30,,2765,15,,,0,70,,2766,15,,,0,30,,2767,15,,,0,70,,2768,15,,,0,30,,2769,15,,,0,70,,2770,15,,,0,30,,2771,15,,,0,70,,2772,15,,,0,30,,2773,15,,,0,70,,2774,15,,,0,30,,2775,15,,,0,70,,2776,15,,,0,30,,2777,15,,,0,70,,2778,15,,,0,30,,2779,15,,,0,70,,2781,15,,,0,30,,2782,15,,,0,70,,2783,15,,,0,30,,2784,15,,,0,100,,2785,15,,,0,100,,2786,15,,,0,100,,2787,15,,,0
200,'Sunday-01',816,,2788,15,,,0,30,,2789,15,,,0,70,,2790,15,,,0,30,,2791,15,,,0,70,,2792,15,,,0,30,,2793,15,,,0,70,,2794,15,,,0,30,,2795,15,,,0,70,,2796,15,,,0,30,,2797,15,,,0,70,,2798,15,,,0,30,,2799,15,,,0,70,,2800,15,,,0,30,,2801,15,,,0,70,,2802,15,,,0,30,,2803,15,,,0,70,,2804,15,,,0,30,,2805,15,,,0,70,,2806,15,,,0
200,'Weekday-01',559,,2808,15,,,0,70,,2807,15,,,0,12,,2848,15,,,0,15,,2811,15,,,0,55,,2812,15,,,0,15,,2813,15,,,0,15,,2814,15,,,0,15,,2809,15,,,0,55,,2810,15,,,0,30,,2815,15,,,0,70,,2816,15,,,0,20,,2839,15,,,0,70,,2820,15,,,0,30,,2821,15,,,0,70,,2822,15,,,0,30,,2823,15,,,0,70,,2824,15,,,0,30,,2825,15,,,0,70,,2826,15,,,0,30,,2817,15,,,0,70,,2818,15,,,0,25,,2819,15,,,0,25,,2827,15,,,0,60,,2828,15,,,0,15,,2829,15,,,0,15,,2830,15,,,0,15,,2831,15,,,0,55,,2832,15,,,0,15,,2833,15,,,0,15,,2834,15,,,0,15,,2835,15,,,0,70,,2840,15,,,0,30,,2841,15,,,0,70,,2842,15,,,0,30,,2843,15,,,0,70,,2844,15,,,0,30,,2836,15,,,0,70,,2837,15,,,0,30,,2838,15,,,0,100,,2845,15,,,0,100,,2846,15,,,0,100,,2847,15,,,0
201,'Saturday-01',654,,2849,48,,,0,70,,2850,48,,,0,30,,2851,48,,,0,70,,2852,48,,,0,30,,2853,48,,,0,70,,2854,48,,,0,30,,2855,48,,,0,70,,2856,48,,,0,30,,2857,48,,,0,70,,2858,48,,,0,30,,2859,48,,,0,70,,2860,48,,,0,30,,2861,48,,,0,70,,2862,48,,,0,30,,2863,48,,,0,70,,2864,48,,,0,30,,2865,48,,,0,70,,2866,48,,,0,30,,2867,48,,,0,70,,2868,48,,,0,30,,2869,48,,,0,70,,2870,48,,,0,30,,2871,48,,,0,70,,2872,48,,,0,30,,2873,48,,,0,70,,2874,48,,,0,30,,2875,48,,,0,70,,2876,48,,,0,29,,2877,48,,,0,71,,2878,48,,,0,100,,2879,48,,,0,100,,2880,48,,,0,100,,2881,48,,,0
201,'Sunday-01',841,,2882,48,,,0,70,,2883,48,,,0,30,,2884,48,,,0,70,,2885,48,,,0,30,,2886,48,,,0,70,,2887,48,,,0,30,,2888,48,,,0,70,,2889,48,,,0,30,,2890,48,,,0,70,,2891,48,,,0,30,,2892,48,,,0,70,,2893,48,,,0,30,,2894,48,,,0,70,,2895,48,,,0,30,,2896,48,,,0,70,,2897,48,,,0,30,,2898,48,,,0,70,,2899,48,,,0,30,,2900,48,,,0,70,,2901,48,,,0
201,'Weekday-01',624,,2904,48,,,0,30,,2905,48,,,0,55,,2906,48,,,0,15,,2907,48,,,0,15,,2908,48,,,0,15,,2909,48,,,0,55,,2910,48,,,0,15,,2945,48,,,0,15,,2911,48,,,0,15,,2912,48,,,0,70,,2944,48,,,0,30,,2913,48,,,0,70,,2914,48,,,0,30,,2915,48,,,0,70,,2916,48,,,0,30,,2917,48,,,0,70,,2918,48,,,0,30,,2919,48,,,0,70,,2920,48,,,0,25,,2921,48,,,0,70,,2922,48,,,0,35,,2923,48,,,0,70,,2924,48,,,0,15,,2925,48,,,0,15,,2926,48,,,0,55,,2927,48,,,0,15,,2928,48,,,0,15,,2929,48,,,0,15,,2930,48,,,0,55,,2931,48,,,0,15,,2932,48,,,0,30,,2933,48,,,0,70,,2934,48,,,0,30,,2935,48,,,0,70,,2936,48,,,0,30,,2937,48,,,0,70,,2938,48,,,0,30,,2939,48,,,0,70,,2940,48,,,0,100,,2941,48,,,0,100,,2942,48,,,0,100,,2943,48,,,0
500,'Saturday-01',711,,3313,19,,,0,100,,3314,19,,,0,100,,3315,19,,,0,100,,3316,19,,,0,100,,3317,19,,,0,100,,3318,19,,,0,100,,3319,19,,,0,100,,3320,19,,,0,100,,3321,19,,,0,100,,3322,19,,,0,100,,3323,19,,,0,102,,3324,19,,,0
500,'Weekday-01',623,,3325,19,,,0,30,,3326,19,,,0,70,,3327,19,,,0,30,,3328,19,,,0,70,,3329,19,,,0,90,,3330,19,,,0,100,,3331,19,,,0,100,,3332,19,,,0,100,,3333,19,,,0,100,,3334,19,,,0,100,,3335,19,,,0,100,,3336,19,,,0,34,,3341,6,,,0,76,,3337,19,,,0,30,,3338,19,,,0,70,,3339,19,,,0,35,,3340,19,,,0
600,'Weekday-01',638,,3374,26,,,0,70,,3375,26,,,0,30,,3376,26,,,0,70,,3377,26,,,0,30,,3378,26,,,0,70,,3386,26,,,0,30,,3387,26,,,0,500,,3379,26,,,0,100,,3380,26,,,0,70,,3381,26,,,0,30,,3382,26,,,0,70,,3383,26,,,0,30,,3384,26,,,0,70,,3385,26,,,0
