100,'Saturday-01',616,,2565,27,0,5,0,30,,2566,27,0,5,0,100,,2571,27,0,5,0,70,,2572,27,0,5,0,30,,2573,27,0,5,0,70,,2574,27,0,5,0,30,,2575,27,0,5,0,70,,2576,27,0,5,0,30,,2577,27,0,5,0,70,,2578,27,0,5,0,30,,2579,27,0,5,0,55,,2584,2,0,5,0,15,,2567,27,0,5,0,30,,2568,27,0,5,0,70,,2589,27,0,5,0,30,,2590,27,0,5,0,60,,2569,27,0,5,0,30,,2570,27,0,5,0,70,,2585,27,0,5,0,30,,2586,27,0,5,0,70,,2587,27,0,5,0,30,,2588,27,0,5,0,70,,2591,27,0,5,0,30,,2592,27,0,5,0,70,,2593,27,0,5,0,109,,2580,56,0,5,0,30,,2581,56,0,5,0,70,,2594,56,0,5,0,43,,2595,56,0,5,0,70,,2582,56,0,5,0,95,,2596,56,0,5,0,85,,2597,56,0,5,0,18,,2598,56,0,5,0,105,,2583,56,0,5,0
100,'Sunday-01',813,,2602,56,0,5,0,100,,2603,56,0,5,0,100,,2604,56,0,5,0,100,,2605,56,0,5,0,100,,2607,56,0,5,0,100,,2608,56,0,5,0,105,,2609,56,0,5,0,100,,2610,56,0,5,0,105,,2611,56,0,5,0,100,,2606,56,0,5,0,108,,2600,56,0,5,0
100,'Weekday-01',601,,2612,2,0,5,0,15,,2624,27,0,8,0,10,,2650,27,0,8,0,5,,2625,27,0,8,0,15,,2626,27,0,8,0,55,,2627,27,0,8,0,20,,2613,27,0,5,0,15,,2630,27,0,8,0,15,,2614,27,0,5,0,60,,2615,27,0,5,0,20,,2616,27,0,5,0,70,,2617,27,0,5,0,20,,2618,27,0,5,0,20,,2619,27,0,5,0,75,,2635,29,0,5,0,30,,2636,29,0,5,0,70,,2637,29,0,5,0,30,,2638,29,0,5,0,70,,2631,29,0,8,0,30,,2632,29,0,8,0,70,,2628,27,0,8,0,30,,2629,27,0,8,0,70,,2633,29,0,8,0,30,,2634,29,0,8,0,70,,2657,29,0,8,0,10,,2651,27,0,8,0,20,,2639,29,0,5,0,10,,2652,27,0,8,0,60,,2640,29,0,5,0,10,,2653,27,0,8,0,15,,2620,27,0,5,0,15,,2654,27,0,8,0,55,,2621,27,0,5,0,15,,2655,27,0,8,0,15,,2622,27,0,5,0,70,,2656,27,0,8,0,20,,2623,27,0,5,0,70,,2641,56,0,5,0,30,,2642,56,0,5,0,75,,2658,56,0,8,0,10,,2645,56,0,8,0,35,,2646,56,0,8,0,70,,2647,56,0,8,0,100,,2648,56,0,8,0,20,,2649,56,0,8,0,100,,2643,56,0,5,0,88,,2644,56,0,5,0
201,'Saturday-01',646,,2849,37,,,0,70,,2850,37,,,0,30,,2851,37,,,0,70,,2852,37,,,0,30,,2853,37,,,0,70,,2854,37,,,0,30,,2855,37,,,0,70,,2856,37,,,0,30,,2857,37,,,0,70,,2858,37,,,0,30,,2859,37,,,0,70,,2860,37,,,0,30,,2861,37,,,0,70,,2862,37,,,0,30,,2863,37,,,0,70,,2864,37,,,0,30,,2865,37,,,0,70,,2866,37,,,0,30,,2867,37,,,0,70,,2868,37,,,0,30,,2869,37,,,0,70,,2870,37,,,0,30,,2871,37,,,0,70,,2872,37,,,0,30,,2873,37,,,0,70,,2874,37,,,0,30,,2875,37,,,0,70,,2876,37,,,0,30,,2877,37,,,0,70,,2878,37,,,0,100,,2879,37,,,0,100,,2880,37,,,0,100,,2881,37,,,0
201,'Sunday-01',831,,2882,37,,,0,70,,2883,37,,,0,30,,2884,37,,,0,70,,2885,37,,,0,30,,2886,37,,,0,70,,2887,37,,,0,30,,2888,37,,,0,70,,2889,37,,,0,30,,2890,37,,,0,70,,2891,37,,,0,30,,2892,37,,,0,70,,2893,37,,,0,30,,2894,37,,,0,70,,2895,37,,,0,30,,2896,37,,,0,70,,2897,37,,,0,30,,2898,37,,,0,70,,2899,37,,,0,30,,2900,37,,,0,70,,2901,37,,,0
201,'Weekday-01',616,,2904,37,,,0,30,,2905,37,,,0,55,,2906,37,,,0,15,,2907,37,,,0,15,,2908,37,,,0,15,,2909,37,,,0,55,,2910,37,,,0,15,,2945,37,,,0,15,,2911,37,,,0,15,,2912,37,,,0,70,,2944,37,,,0,30,,2913,37,,,0,70,,2914,37,,,0,30,,2915,37,,,0,70,,2916,37,,,0,30,,2917,37,,,0,70,,2918,37,,,0,30,,2919,37,,,0,70,,2920,37,,,0,25,,2921,37,,,0,70,,2922,37,,,0,35,,2923,37,,,0,70,,2924,37,,,0,15,,2925,37,,,0,15,,2926,37,,,0,55,,2927,37,,,0,15,,2928,37,,,0,15,,2929,37,,,0,15,,2930,37,,,0,55,,2931,37,,,0,15,,2932,37,,,0,30,,2933,37,,,0,70,,2934,37,,,0,30,,2935,37,,,0,70,,2936,37,,,0,30,,2937,37,,,0,70,,2938,37,,,0,30,,2939,37,,,0,70,,2940,37,,,0,100,,2941,37,,,0,100,,2942,37,,,0,100,,2943,37,,,0
301,'Saturday-01',706,,3065,15,,,0,30,,3042,15,,,0,70,,3043,15,,,0,30,,3044,15,,,0,70,,3045,15,,,0,30,,3046,15,,,0,70,,3047,15,,,0,30,,3048,15,,,0,70,,3049,15,,,0,30,,3066,15,,,0,70,,3050,15,,,0,30,,3067,15,,,0,70,,3068,15,,,0,30,,3069,15,,,0,70,,3070,15,,,0,30,,3051,15,,,0,70,,3052,15,,,0,30,,3071,15,,,0,70,,3053,15,,,0,30,,3054,15,,,0,70,,3055,15,,,0,30,,3056,15,,,0,70,,3072,15,,,0,30,,3073,15,,,0,80,,3057,14,,,0,30,,3058,14,,,0,70,,3059,14,,,0,30,,3060,14,,,0,70,,3061,14,,,0,100,,3062,14,,,0,100,,3063,14,,,0,100,,3064,14,,,0
301,'Sunday-01',831,,3074,15,,,0,70,,3085,15,,,0,30,,3086,15,,,0,70,,3087,15,,,0,30,,3088,15,,,0,70,,3089,15,,,0,30,,3090,15,,,0,70,,3091,15,,,0,30,,3092,15,,,0,70,,3093,15,,,0,30,,3094,15,,,0,70,,3075,15,,,0,30,,3076,15,,,0,70,,3077,15,,,0,30,,3078,15,,,0,70,,3079,15,,,0,30,,3080,15,,,0,70,,3081,15,,,0,30,,3082,15,,,0,70,,3083,15,,,0,30,,3084,15,,,0
301,'Weekday-01',601,,3095,15,,,0,30,,3096,15,,,0,70,,3097,15,,,0,15,,3098,15,,,0,15,,3099,15,,,0,15,,3100,15,,,0,55,,3101,15,,,0,15,,3102,15,,,0,15,,3103,15,,,0,70,,3104,15,,,0,30,,3105,15,,,0,70,,3106,15,,,0,30,,3107,15,,,0,70,,3108,15,,,0,30,,3109,15,,,0,70,,3110,15,,,0,30,,3111,15,,,0,70,,3112,15,,,0,30,,3113,15,,,0,70,,3114,15,,,0,30,,3115,15,,,0,70,,3116,15,,,0,15,,3117,15,,,0,15,,3118,15,,,0,15,,3119,15,,,0,55,,3120,15,,,0,30,,3121,15,,,0,15,,3122,15,,,0,55,,3123,15,,,0,15,,3124,15,,,0,30,,3125,15,,,0,70,,3126,14,,,0,30,,3127,14,,,0,70,,3128,14,,,0,30,,3129,14,,,0,70,,3130,14,,,0,30,,3131,14,,,0,70,,3132,14,,,0,30,,3136,14,,,0,70,,3135,15,,,0,100,,3133,14,,,0,100,,3134,14,,,0
400,'Saturday-01',646,,3169,45,,,0,70,,3137,45,,,0,30,,3168,45,,,0,70,,3167,45,,,0,30,,3138,45,,,0,70,,3166,45,,,0,30,,3139,45,,,0,70,,3165,45,,,0,30,,3164,45,,,0,70,,3140,45,,,0,30,,3163,45,,,0,70,,3141,45,,,0,30,,3142,45,,,0,70,,3162,45,,,0,30,,3161,45,,,0,70,,3143,45,,,0,30,,3160,45,,,0,70,,3159,45,,,0,30,,3144,45,,,0,70,,3145,45,,,0,30,,3146,45,,,0,70,,3158,45,,,0,30,,3157,45,,,0,70,,3156,45,,,0,30,,3147,45,,,0,70,,3148,45,,,0,30,,3155,45,,,0,70,,3154,45,,,0,30,,3153,45,,,0,70,,3149,45,,,0,100,,3152,45,,,0,100,,3151,45,,,0,100,,3150,45,,,0
400,'Sunday-01',831,,3170,45,,,0,70,,3181,45,,,0,30,,3171,45,,,0,70,,3182,45,,,0,30,,3172,45,,,0,70,,3183,45,,,0,30,,3173,45,,,0,70,,3184,45,,,0,30,,3174,45,,,0,70,,3185,45,,,0,30,,3175,45,,,0,70,,3186,45,,,0,30,,3176,45,,,0,70,,3187,45,,,0,30,,3177,45,,,0,70,,3188,45,,,0,30,,3178,45,,,0,70,,3189,45,,,0,30,,3179,45,,,0,70,,3190,45,,,0,30,,3180,45,,,0
400,'Weekday-01',616,,3191,45,,,0,30,,3192,45,,,0,70,,3193,45,,,0,30,,3194,45,,,0,70,,3195,45,,,0,30,,3196,45,,,0,70,,3197,45,,,0,30,,3198,45,,,0,70,,3199,45,,,0,30,,3200,45,,,0,70,,3201,45,,,0,30,,3202,45,,,0,70,,3203,45,,,0,30,,3204,45,,,0,70,,3205,45,,,0,30,,3206,45,,,0,70,,3207,45,,,0,30,,3208,45,,,0,70,,3209,45,,,0,30,,3210,45,,,0,70,,3211,45,,,0,30,,3212,45,,,0,70,,3213,45,,,0,30,,3214,45,,,0,70,,3215,45,,,0,30,,3216,45,,,0,70,,3217,45,,,0,30,,3218,45,,,0,70,,3219,45,,,0,30,,3220,45,,,0,70,,3221,45,,,0,100,,3222,45,,,0,100,,3223,45,,,0,100,,3224,45,,,0
500,'Saturday-01',701,,3313,2,,,0,100,,3314,2,,,0,100,,3315,2,,,0,100,,3316,2,,,0,100,,3317,2,,,0,100,,3318,2,,,0,100,,3319,2,,,0,100,,3320,2,,,0,100,,3321,2,,,0,100,,3322,2,,,0,100,,3323,2,,,0,100,,3324,2,,,0
500,'Weekday-01',611,,3325,2,,,0,30,,3326,2,,,0,70,,3327,2,,,0,30,,3328,2,,,0,70,,3329,2,,,0,90,,3330,2,,,0,100,,3331,2,,,0,100,,3332,2,,,0,100,,3333,2,,,0,100,,3334,2,,,0,100,,3335,2,,,0,100,,3336,2,,,0,110,,3337,2,,,0,30,,3338,2,,,0,70,,3339,2,,,0,35,,3340,2,,,0
701,'Saturday-01',631,,3489,56,,,0,100,,3490,56,,,0,70,,3491,56,,,0,30,,3492,56,,,0,70,,3493,56,,,0,30,,3494,56,,,0,70,,3495,56,,,0,30,,3496,56,,,0,70,,3497,56,,,0,30,,3498,56,,,0,70,,3499,56,,,0,30,,3500,56,,,0,70,,3501,56,,,0,30,,3502,56,,,0,70,,3503,56,,,0,30,,3504,56,,,0,70,,3505,56,,,0,30,,3506,56,,,0,70,,3507,56,,,0,30,,3508,56,,,0,70,,3509,56,,,0,30,,3510,56,,,0,70,,3511,56,,,0,30,,3512,56,,,0,70,,3513,56,,,0,100,,3516,56,,,0,45,,3517,56,,,0,70,,3518,56,,,0,100,,3519,56,,,0,100,,3520,56,,,0,100,,3515,56,,,0
701,'Sunday-01',831,,3521,56,,,0,70,,3522,56,,,0,30,,3523,56,,,0,70,,3524,56,,,0,30,,3525,56,,,0,70,,3526,56,,,0,30,,3527,56,,,0,70,,3528,56,,,0,30,,3529,56,,,0,70,,3530,56,,,0,30,,3531,56,,,0,70,,3532,56,,,0,30,,3533,56,,,0,70,,3534,56,,,0,30,,3535,56,,,0,70,,3536,56,,,0,30,,3537,56,,,0,70,,3538,56,,,0,30,,3539,56,,,0,70,,3540,56,,,0,30,,3541,56,,,0
701,'Weekday-01',601,,3542,56,,,0,30,,3543,56,,,0,70,,3544,56,,,0,20,,3545,56,,,0,10,,3546,56,,,0,15,,3547,56,,,0,55,,3548,56,,,0,15,,3549,56,,,0,15,,3550,56,,,0,70,,3551,56,,,0,30,,3552,56,,,0,70,,3553,56,,,0,30,,3554,56,,,0,70,,3555,56,,,0,30,,3556,56,,,0,70,,3557,56,,,0,30,,3558,56,,,0,70,,3559,56,,,0,30,,3560,56,,,0,70,,3561,56,,,0,30,,3562,56,,,0,70,,3563,56,,,0,30,,3564,56,,,0,70,,3565,56,,,0,25,,3566,56,,,0,30,,3567,56,,,0,75,,3568,56,,,0,70,,3569,56,,,0,30,,3570,56,,,0,70,,3571,56,,,0,100,,3572,56,,,0,45,,3573,56,,,0,70,,3574,56,,,0,100,,3575,56,,,0,100,,3576,56,,,0,100,,3577,56,,,0
901,'Saturday-01',646,,3790,35,,,0,70,,3791,35,,,0,30,,3792,35,,,0,70,,3793,35,,,0,30,,3794,35,,,0,70,,3795,35,,,0,30,,3796,35,,,0,70,,3797,35,,,0,30,,3798,35,,,0,70,,3799,35,,,0,30,,3800,35,,,0,70,,3801,35,,,0,30,,3802,35,,,0,70,,3803,35,,,0,30,,3804,35,,,0,70,,3805,35,,,0,30,,3806,35,,,0,70,,3807,35,,,0,30,,3808,35,,,0,70,,3809,35,,,0,30,,3810,35,,,0,70,,3811,35,,,0,30,,3812,35,,,0,70,,3813,35,,,0,85,,3814,35,,,0,45,,3815,35,,,0,86,,3816,35,,,0,70,,3817,35,,,0,44,,3818,35,,,0,100,,3819,35,,,0,100,,3820,35,,,0
901,'Sunday-01',816,,3839,35,,,0,30,,3829,35,,,0,70,,3840,35,,,0,30,,3830,35,,,0,70,,3841,35,,,0,30,,3831,35,,,0,70,,3821,35,,,0,30,,3832,35,,,0,70,,3822,35,,,0,30,,3833,35,,,0,70,,3823,35,,,0,30,,3834,35,,,0,70,,3824,35,,,0,30,,3835,35,,,0,70,,3825,35,,,0,30,,3836,35,,,0,70,,3826,35,,,0,30,,3837,35,,,0,70,,3827,35,,,0,30,,3838,35,,,0,70,,3828,35,,,0
901,'Weekday-01',611,,3842,35,,,0,30,,3843,35,,,0,70,,3844,35,,,0,30,,3845,35,,,0,70,,3846,35,,,0,35,,3847,35,,,0,70,,3848,35,,,0,30,,3849,35,,,0,70,,3850,35,,,0,30,,3851,35,,,0,70,,3852,35,,,0,30,,3853,35,,,0,70,,3854,35,,,0,30,,3855,35,,,0,70,,3856,35,,,0,30,,3857,35,,,0,70,,3858,35,,,0,30,,3859,35,,,0,70,,3860,35,,,0,15,,3861,35,,,0,15,,3862,35,,,0,55,,3863,35,,,0,15,,3864,35,,,0,15,,3865,35,,,0,15,,3866,35,,,0,55,,3867,35,,,0,15,,3868,35,,,0,30,,3869,35,,,0,70,,3870,35,,,0,85,,3871,35,,,0,45,,3872,35,,,0,85,,3873,35,,,0,70,,3874,35,,,0,45,,3875,35,,,0,100,,3876,35,,,0,100,,3877,35,,,0
1001,'Saturday-01',641,,3946,37,,,0,100,,3947,37,,,0,100,,3948,37,,,0,70,,3949,37,,,0,30,,3950,37,,,0,70,,3951,37,,,0,30,,3952,37,,,0,70,,3953,37,,,0,30,,3954,37,,,0,70,,3955,37,,,0,30,,3956,37,,,0,70,,3957,37,,,0,30,,3958,37,,,0,70,,3959,37,,,0,30,,3960,37,,,0,70,,3961,37,,,0,30,,3962,37,,,0,70,,3963,37,,,0,30,,3964,37,,,0,70,,3965,37,,,0,30,,3966,37,,,0,71,,3967,37,,,0,104,,3969,37,,,0,85,,3970,37,,,0,45,,3971,37,,,0,70,,3972,37,,,0,100,,3973,37,,,0
1001,'Sunday-01',831,,3974,37,,,0,100,,3975,37,,,0,100,,3976,37,,,0,100,,3977,37,,,0,100,,3978,37,,,0,100,,3979,37,,,0,100,,3980,37,,,0,100,,3981,37,,,0,100,,3982,37,,,0,100,,3983,37,,,0,100,,3984,37,,,0
1001,'Weekday-01',611,,4017,7,,,0,30,,4003,48,,,0,70,,4004,48,,,0,30,,4005,48,,,0,70,,4006,48,,,0,30,,4007,48,,,0,70,,4008,48,,,0,30,,3985,37,,,0,70,,3986,37,,,0,30,,3987,37,,,0,70,,3988,37,,,0,30,,3989,37,,,0,70,,3990,37,,,0,30,,3991,37,,,0,70,,3992,37,,,0,30,,3993,37,,,0,70,,3994,37,,,0,30,,3995,37,,,0,70,,3996,37,,,0,30,,3997,37,,,0,70,,4009,48,,,0,30,,4010,48,,,0,70,,4011,48,,,0,30,,4012,48,,,0,70,,4013,48,,,0,20,,4014,48,,,0,85,,3998,37,,,0,85,,3999,37,,,0,45,,4000,37,,,0,70,,4001,37,,,0,100,,4002,37,,,0
1201,'Saturday-01',646,,4090,40,,,0,100,,4091,40,,,0,100,,4092,40,,,0,70,,4096,50,,,0,30,,4097,50,,,0,70,,4098,50,,,0,30,,4099,50,,,0,70,,4100,50,,,0,30,,4101,50,,,0,70,,4102,50,,,0,30,,4103,50,,,0,70,,4104,50,,,0,30,,4105,50,,,0,70,,4106,50,,,0,30,,4107,50,,,0,70,,4108,50,,,0,30,,4109,50,,,0,70,,4110,50,,,0,30,,4111,50,,,0,70,,4112,50,,,0,30,,4095,50,,,0,70,,4094,50,,,0,100,,4093,37,,,0,100,,4116,37,,,0,100,,4117,37,,,0,100,,4113,37,,,0,100,,4114,37,,,0,100,,4115,37,,,0
1201,'Sunday-01',831,,4118,40,,,0,100,,4119,40,,,0,100,,4120,40,,,0,100,,4121,40,,,0,100,,4122,40,,,0,100,,4123,40,,,0,100,,4124,40,,,0,100,,4125,40,,,0,100,,4126,40,,,0,100,,4127,40,,,0,100,,4128,40,,,0
1201,'Weekday-01',616,,4155,2,,,0,30,,4156,47,,,0,70,,4157,47,,,0,30,,4158,47,,,0,70,,4159,47,,,0,30,,4160,47,,,0,70,,4135,50,,,0,30,,4146,50,,,0,70,,4147,50,,,0,30,,4148,50,,,0,70,,4149,50,,,0,30,,4150,50,,,0,70,,4151,50,,,0,30,,4152,50,,,0,70,,4153,50,,,0,30,,4136,50,,,0,70,,4137,50,,,0,30,,4138,50,,,0,70,,4139,50,,,0,30,,4145,50,,,0,70,,4140,50,,,0,30,,4141,50,,,0,70,,4142,50,,,0,30,,4143,50,,,0,70,,4144,50,,,0,100,,4129,37,,,0,100,,4130,37,,,0,100,,4131,37,,,0,100,,4132,37,,,0,100,,4133,37,,,0,100,,4134,37,,,0
3001,'Weekday-01',733,,4540,9,,,0,70,,4534,9,,,0,30,,4541,9,,,0,70,,4542,9,,,0,30,,4543,9,,,0,70,,4544,9,,,0,30,,4535,9,,,0,70,,4536,9,,,0,30,,4545,9,,,0,78,,4546,9,,,0,30,,4547,9,,,0,70,,4548,9,,,0,30,,4549,9,,,0,70,,4537,9,,,0,30,,4550,9,,,0,70,,4551,9,,,0,30,,4552,9,,,0,70,,4553,9,,,0,30,,4538,9,,,0,70,,4539,9,,,0,30,,4554,9,,,0
