200,'Saturday-01',619,,2754,1,,,0,30,,2755,1,,,0,66,,2756,1,,,0,30,,2757,1,,,0,70,,2758,1,,,0,30,,2759,1,,,0,70,,2760,1,,,0,30,,2761,1,,,0,70,,2762,1,,,0,30,,2763,1,,,0,70,,2764,1,,,0,30,,2765,1,,,0,70,,2766,1,,,0,30,,2767,1,,,0,70,,2768,1,,,0,30,,2769,1,,,0,70,,2770,1,,,0,30,,2771,1,,,0,70,,2772,1,,,0,30,,2773,1,,,0,70,,2774,1,,,0,30,,2775,1,,,0,70,,2776,1,,,0,30,,2777,1,,,0,70,,2778,1,,,0,30,,2779,1,,,0,70,,2781,1,,,0,30,,2782,1,,,0,70,,2783,1,,,0,30,,2784,1,,,0,100,,2785,1,,,0,100,,2786,1,,,0,100,,2787,1,,,0
200,'Sunday-01',805,,2788,1,,,0,30,,2789,1,,,0,70,,2790,1,,,0,30,,2791,1,,,0,70,,2792,1,,,0,30,,2793,1,,,0,70,,2794,1,,,0,30,,2795,1,,,0,70,,2796,1,,,0,30,,2797,1,,,0,70,,2798,1,,,0,30,,2799,1,,,0,70,,2800,1,,,0,30,,2801,1,,,0,70,,2802,1,,,0,30,,2803,1,,,0,70,,2804,1,,,0,30,,2805,1,,,0,70,,2806,1,,,0
200,'Weekday-01',550,,2808,1,,,0,70,,2807,1,,,0,10,,2848,1,,,0,15,,2811,1,,,0,55,,2812,1,,,0,15,,2813,1,,,0,15,,2814,1,,,0,15,,2809,1,,,0,55,,2810,1,,,0,30,,2815,1,,,0,70,,2816,1,,,0,17,,2839,1,,,0,30,,2820,1,,,0,70,,2821,1,,,0,30,,2822,1,,,0,70,,2823,1,,,0,30,,2824,1,,,0,70,,2825,1,,,0,30,,2826,1,,,0,70,,2817,1,,,0,32,,2818,1,,,0,65,,2819,1,,,0,26,,2827,1,,,0,60,,2828,1,,,0,15,,2829,1,,,0,15,,2830,1,,,0,15,,2831,1,,,0,55,,2832,1,,,0,15,,2833,1,,,0,15,,2834,1,,,0,15,,2835,1,,,0,70,,2840,1,,,0,30,,2841,1,,,0,70,,2842,1,,,0,30,,2843,1,,,0,70,,2844,1,,,0,30,,2836,1,,,0,70,,2837,1,,,0,30,,2838,1,,,0,100,,2845,1,,,0,100,,2846,1,,,0,100,,2847,1,,,0
201,'Saturday-01',710,,2849,71,4,,0,30,,2850,71,4,,0,70,,2851,71,4,,0,30,,2852,71,4,,0,70,,2853,71,4,,0,30,,2854,71,4,,0,70,,2855,71,4,,0,30,,2856,71,4,,0,70,,2857,71,4,,0,30,,2858,71,4,,0,70,,2859,71,4,,0,30,,2860,71,4,,0,70,,2861,71,4,,0,30,,2862,71,4,,0,70,,2863,71,4,,0,30,,2864,71,4,,0,70,,2865,71,4,,0,30,,2866,71,4,,0,70,,2867,71,4,,0,30,,2868,71,4,,0,70,,2869,71,4,,0,30,,2870,71,4,,0,70,,2871,71,4,,0,30,,2872,71,4,,0,70,,2873,71,4,,0,30,,2874,71,4,,0,70,,2875,71,4,,0,30,,2876,71,4,,0,66,,2877,71,4,,0,34,,2878,71,4,,0,100,,2879,71,4,,0,100,,2880,71,4,,0,100,,2881,71,4,,0
201,'Sunday-01',900,,2882,71,4,,0,30,,2883,71,4,,0,70,,2884,71,4,,0,30,,2885,71,4,,0,70,,2886,71,4,,0,30,,2887,71,4,,0,70,,2888,71,4,,0,30,,2889,71,4,,0,70,,2890,71,4,,0,30,,2891,71,4,,0,70,,2892,71,4,,0,30,,2893,71,4,,0,70,,2894,71,4,,0,30,,2895,71,4,,0,70,,2896,71,4,,0,30,,2897,71,4,,0,70,,2898,71,4,,0,30,,2899,71,4,,0,70,,2900,71,4,,0,30,,2901,71,4,,0
201,'Weekday-01',550,,2902,13,4,,0,70,,2903,13,4,,0,20,,2904,71,4,,0,70,,2905,71,4,,0,15,,2906,71,4,,0,15,,2907,71,4,,0,15,,2908,71,4,,0,55,,2909,71,4,,0,15,,2910,71,4,,0,15,,2945,71,4,,0,15,,2911,71,4,,0,57,,2912,71,4,,0,30,,2944,71,4,,0,70,,2913,71,4,,0,30,,2914,71,4,,0,70,,2915,71,4,,0,30,,2916,71,4,,0,70,,2917,71,4,,0,30,,2918,71,4,,0,70,,2919,71,4,,0,30,,2920,71,4,,0,65,,2921,71,4,,0,28,,2922,71,4,,0,75,,2923,71,4,,0,30,,2924,71,4,,0,15,,2925,71,4,,0,55,,2926,71,4,,0,15,,2927,71,4,,0,15,,2928,71,4,,0,15,,2929,71,4,,0,55,,2930,71,4,,0,15,,2931,71,4,,0,15,,2932,71,4,,0,70,,2933,71,4,,0,30,,2934,71,4,,0,70,,2935,71,4,,0,30,,2936,71,4,,0,70,,2937,71,4,,0,30,,2938,71,4,,0,68,,2939,71,4,,0,32,,2940,71,4,,0,100,,2941,71,4,,0,100,,2942,71,4,,0,100,,2943,71,4,,0
1600,'Weekday-01',610,,4187,26,4,,0,30,,4189,1,,,0,70,,4190,1,,,0,30,,4191,1,,,0,70,,4192,1,,,0,30,,4193,1,,,0,70,,4201,1,,,0,604,,4202,20,4,,0,30,,4195,1,,,0,70,,4196,1,,,0,30,,4197,1,,,0,70,,4198,1,,,0,30,,4199,1,,,0,70,,4200,1,,,0
1700,'Weekday-01',859,,4226,37,,,0,70,,4211,40,,,0,30,,4212,40,,,0,70,,4213,40,,,0,30,,4214,40,,,0,70,,4215,40,,,0,30,,4216,40,,,0,70,,4217,40,,,0,30,,4218,40,,,0,70,,4219,40,,,0,30,,4220,40,,,0,70,,4221,40,,,0,300,,4227,37,,,0,30,,4222,40,,,0,70,,4223,40,,,0
4000,'Saturday-01',600,,4555,15,,,0,30,,4556,15,,,0,70,,4557,15,,,0,30,,4558,15,,,0,70,,4559,15,,,0,30,,4560,15,,,0,70,,4561,15,,,0,30,,4562,15,,,0,70,,4563,15,,,0,30,,4564,15,,,0,70,,4565,15,,,0,30,,4566,15,,,0,70,,4567,15,,,0,30,,4568,15,,,0,70,,4569,15,,,0,30,,4570,15,,,0,70,,4571,15,,,0,30,,4572,15,,,0,70,,4573,15,,,0,30,,4574,15,,,0,70,,4575,15,,,0,30,,4576,15,,,0,70,,4577,15,,,0,30,,4578,15,,,0,70,,4579,15,,,0,30,,4580,15,,,0,70,,4581,15,,,0,30,,4582,15,,,0,70,,4583,15,,,0,30,,4584,15,,,0,70,,4585,15,,,0,30,,4586,15,,,0,70,,4587,15,,,0,30,,4588,15,,,0,70,,4589,15,,,0,100,,4590,15,,,0
4000,'Sunday-01',800,,4591,15,,,0,30,,4592,15,,,0,70,,4593,15,,,0,30,,4594,15,,,0,70,,4595,15,,,0,30,,4596,15,,,0,70,,4597,15,,,0,30,,4598,15,,,0,70,,4599,15,,,0,30,,4600,15,,,0,70,,4601,15,,,0,30,,4602,15,,,0,70,,4603,15,,,0,30,,4604,15,,,0,70,,4605,15,,,0,30,,4606,15,,,0,70,,4607,15,,,0,30,,4608,15,,,0,70,,4609,15,,,0,30,,4610,15,,,0,70,,4611,15,,,0
4000,'Weekday-01',600,,4649,15,,,0,30,,4640,15,,,0,70,,4641,15,,,0,30,,4642,15,,,0,70,,4643,15,,,0,30,,4644,15,,,0,70,,4645,15,,,0,30,,4646,15,,,0,70,,4647,15,,,0,30,,4648,15,,,0,70,,4615,15,,,0,30,,4637,15,,,0,70,,4636,15,,,0,30,,4635,15,,,0,70,,4634,15,,,0,30,,4616,15,,,0,70,,4633,15,,,0,30,,4632,15,,,0,70,,4638,15,,,0,30,,4617,15,,,0,70,,4618,15,,,0,30,,4619,15,,,0,70,,4631,15,,,0,30,,4639,15,,,0,70,,4621,15,,,0,30,,4623,15,,,0,70,,4630,15,,,0,30,,4629,15,,,0,70,,4628,15,,,0,30,,4620,15,,,0,70,,4627,15,,,0,30,,4626,15,,,0,70,,4625,15,,,0,30,,4624,15,,,0,70,,4614,15,,,0,100,,4622,15,,,0
