400,'Saturday-01',704,,3169,77,,,0,30,,3137,77,,,0,70,,3168,77,,,0,30,,3167,77,,,0,70,,3138,77,,,0,30,,3166,77,,,0,70,,3139,77,,,0,30,,3165,77,,,0,70,,3164,77,,,0,30,,3140,77,,,0,70,,3163,77,,,0,30,,3141,77,,,0,70,,3142,77,,,0,30,,3162,77,,,0,70,,3161,77,,,0,30,,3143,77,,,0,70,,3160,77,,,0,30,,3159,77,,,0,70,,3144,77,,,0,30,,3145,77,,,0,70,,3146,77,,,0,30,,3158,77,,,0,70,,3157,77,,,0,30,,3156,77,,,0,70,,3147,77,,,0,30,,3148,77,,,0,70,,3155,77,,,0,35,,3154,77,,,0,70,,3153,77,,,0,30,,3149,77,,,0,100,,3152,77,,,0,100,,3151,77,,,0,100,,3150,77,,,0
400,'Sunday-01',854,,3170,77,,,0,70,,3181,77,,,0,30,,3171,77,,,0,70,,3182,77,,,0,30,,3172,77,,,0,70,,3183,77,,,0,30,,3173,77,,,0,70,,3184,77,,,0,30,,3174,77,,,0,70,,3185,77,,,0,30,,3175,77,,,0,70,,3186,77,,,0,30,,3176,77,,,0,70,,3187,77,,,0,30,,3177,77,,,0,70,,3188,77,,,0,30,,3178,77,,,0,70,,3189,77,,,0,30,,3179,77,,,0,70,,3190,77,,,0,30,,3180,77,,,0
400,'Weekday-01',641,,3191,77,,,0,70,,3192,77,,,0,30,,3193,77,,,0,70,,3194,77,,,0,30,,3195,77,,,0,70,,3196,77,,,0,30,,3197,77,,,0,70,,3198,77,,,0,30,,3199,77,,,0,70,,3200,77,,,0,30,,3201,77,,,0,70,,3202,77,,,0,30,,3203,77,,,0,70,,3204,77,,,0,30,,3205,77,,,0,70,,3206,77,,,0,30,,3207,77,,,0,70,,3208,77,,,0,30,,3209,77,,,0,70,,3210,77,,,0,30,,3211,77,,,0,70,,3212,77,,,0,30,,3213,77,,,0,70,,3214,77,,,0,33,,3215,77,,,0,65,,3216,77,,,0,30,,3217,77,,,0,70,,3218,77,,,0,30,,3219,77,,,0,70,,3220,77,,,0,30,,3221,77,,,0,100,,3222,77,,,0,100,,3223,77,,,0,100,,3224,77,,,0
900,'Saturday-01',613,,3701,29,,,0,30,,3702,29,,,0,70,,3703,29,,,0,30,,3704,29,,,0,70,,3705,29,,,0,30,,3706,29,,,0,70,,3707,29,,,0,30,,3708,29,,,0,70,,3709,29,,,0,30,,3710,29,,,0,70,,3711,29,,,0,30,,3712,29,,,0,70,,3713,29,,,0,30,,3714,29,,,0,70,,3715,29,,,0,30,,3716,29,,,0,70,,3717,29,,,0,30,,3718,29,,,0,70,,3719,29,,,0,30,,3720,29,,,0,70,,3721,29,,,0,30,,3722,29,,,0,89,,3723,29,,,0,70,,3724,29,,,0,30,,3725,29,,,0,85,,3726,29,,,0,30,,3728,29,,,0,85,,3729,29,,,0,100,,3730,29,,,0,100,,3731,29,,,0,100,,3727,29,,,0
900,'Sunday-01',743,,3751,29,,,0,70,,3753,29,,,0,30,,3741,29,,,0,70,,3740,29,,,0,30,,3742,29,,,0,70,,3735,29,,,0,30,,3743,29,,,0,70,,3736,29,,,0,30,,3744,29,,,0,70,,3737,29,,,0,30,,3745,29,,,0,70,,3738,29,,,0,30,,3746,29,,,0,70,,3739,29,,,0,30,,3747,29,,,0,70,,3732,29,,,0,30,,3748,29,,,0,70,,3733,29,,,0,30,,3749,29,,,0,70,,3734,29,,,0,30,,3750,29,,,0,70,,3752,29,,,0
900,'Weekday-01',543,,3754,29,,,0,70,,3755,29,,,0,25,,3756,29,,,0,70,,3757,29,,,0,30,,3758,29,,,0,70,,3759,29,,,0,30,,3760,29,,,0,75,,3761,29,,,0,30,,3762,29,,,0,70,,3763,29,,,0,30,,3764,29,,,0,70,,3765,29,,,0,30,,3766,29,,,0,70,,3767,29,,,0,30,,3768,29,,,0,70,,3769,29,,,0,30,,3770,29,,,0,70,,3771,29,,,0,30,,3772,29,,,0,15,,3773,29,,,0,55,,3774,29,,,0,15,,3775,29,,,0,15,,3776,29,,,0,70,,3777,29,,,0,15,,3778,29,,,0,15,,3779,29,,,0,15,,3780,29,,,0,69,,3781,29,,,0,30,,3782,29,,,0,70,,3783,29,,,0,85,,3784,29,,,0,31,,3785,29,,,0,85,,3786,29,,,0,100,,3787,29,,,0,100,,3788,29,,,0,100,,3789,29,,,0
4001,'Saturday-01',606,,4651,26,,,0,100,,4652,26,,,0,30,,4653,26,,,0,70,,4654,26,,,0,30,,4655,26,,,0,70,,4656,26,,,0,30,,4657,26,,,0,70,,4658,26,,,0,30,,4659,26,,,0,70,,4660,26,,,0,30,,4661,26,,,0,70,,4662,26,,,0,30,,4663,26,,,0,70,,4664,26,,,0,30,,4665,26,,,0,70,,4666,26,,,0,30,,4667,26,,,0,70,,4668,26,,,0,30,,4669,26,,,0,70,,4670,26,,,0,30,,4671,26,,,0,70,,4672,26,,,0,30,,4673,26,,,0,70,,4674,26,,,0,30,,4675,26,,,0,70,,4676,26,,,0,30,,4677,26,,,0,70,,4678,26,,,0,30,,4679,26,,,0,70,,4680,26,,,0,30,,4681,26,,,0,70,,4682,26,,,0,30,,4683,26,,,0,70,,4684,26,,,0,100,,4685,26,,,0
4001,'Sunday-01',806,,4687,26,,,0,30,,4688,26,,,0,70,,4689,26,,,0,30,,4690,26,,,0,70,,4691,26,,,0,30,,4692,26,,,0,70,,4693,26,,,0,30,,4694,26,,,0,70,,4695,26,,,0,30,,4696,26,,,0,70,,4697,26,,,0,30,,4698,26,,,0,70,,4699,26,,,0,30,,4700,26,,,0,70,,4701,26,,,0,30,,4702,26,,,0,70,,4703,26,,,0,30,,4704,26,,,0,70,,4705,26,,,0,30,,4706,26,,,0,70,,4707,26,,,0
4001,'Weekday-01',606,,4743,26,,,0,30,,4708,26,,,0,70,,4709,26,,,0,30,,4710,26,,,0,70,,4711,26,,,0,30,,4712,26,,,0,70,,4713,26,,,0,30,,4714,26,,,0,70,,4715,26,,,0,30,,4716,26,,,0,70,,4717,26,,,0,30,,4718,26,,,0,70,,4719,26,,,0,30,,4720,26,,,0,70,,4721,26,,,0,30,,4722,26,,,0,70,,4723,26,,,0,30,,4724,26,,,0,70,,4725,26,,,0,30,,4726,26,,,0,70,,4727,26,,,0,30,,4728,26,,,0,70,,4729,26,,,0,30,,4730,26,,,0,70,,4731,26,,,0,30,,4732,26,,,0,70,,4733,26,,,0,30,,4734,26,,,0,70,,4735,26,,,0,30,,4736,26,,,0,70,,4737,26,,,0,30,,4738,26,,,0,70,,4739,26,,,0,30,,4740,26,,,0,70,,4741,26,,,0,100,,4742,26,,,0
2400025501,'Weekday-01-1111100',1518,,5087,7,,,0
