400,'Saturday-01',705,,3169,79,4,,0,30,,3137,79,4,,0,70,,3168,79,4,,0,30,,3167,79,4,,0,70,,3138,79,4,,0,30,,3166,79,4,,0,70,,3139,79,4,,0,30,,3165,79,4,,0,70,,3164,79,4,,0,30,,3140,79,4,,0,70,,3163,79,4,,0,30,,3141,79,4,,0,70,,3142,79,4,,0,30,,3162,79,4,,0,70,,3161,79,4,,0,30,,3143,79,4,,0,70,,3160,79,4,,0,30,,3159,79,4,,0,70,,3144,79,4,,0,30,,3145,79,4,,0,70,,3146,79,4,,0,30,,3158,79,4,,0,70,,3157,79,4,,0,30,,3156,79,4,,0,70,,3147,79,4,,0,30,,3148,79,4,,0,70,,3155,79,4,,0,35,,3154,79,4,,0,70,,3153,79,4,,0,30,,3149,79,4,,0,100,,3152,79,4,,0,100,,3151,79,4,,0,100,,3150,79,4,,0
400,'Sunday-01',855,,3170,79,4,,0,70,,3181,79,4,,0,30,,3171,79,4,,0,70,,3182,79,4,,0,30,,3172,79,4,,0,70,,3183,79,4,,0,30,,3173,79,4,,0,70,,3184,79,4,,0,30,,3174,79,4,,0,70,,3185,79,4,,0,30,,3175,79,4,,0,70,,3186,79,4,,0,30,,3176,79,4,,0,70,,3187,79,4,,0,30,,3177,79,4,,0,70,,3188,79,4,,0,30,,3178,79,4,,0,70,,3189,79,4,,0,30,,3179,79,4,,0,70,,3190,79,4,,0,30,,3180,79,4,,0
400,'Weekday-01',642,,3191,79,4,,0,70,,3192,79,4,,0,30,,3193,79,4,,0,70,,3194,79,4,,0,30,,3195,79,4,,0,70,,3196,79,4,,0,30,,3197,79,4,,0,70,,3198,79,4,,0,30,,3199,79,4,,0,70,,3200,79,4,,0,30,,3201,79,4,,0,70,,3202,79,4,,0,30,,3203,79,4,,0,70,,3204,79,4,,0,30,,3205,79,4,,0,70,,3206,79,4,,0,30,,3207,79,4,,0,70,,3208,79,4,,0,30,,3209,79,4,,0,70,,3210,79,4,,0,30,,3211,79,4,,0,70,,3212,79,4,,0,30,,3213,79,4,,0,70,,3214,79,4,,0,33,,3215,79,4,,0,65,,3216,79,4,,0,30,,3217,79,4,,0,70,,3218,79,4,,0,30,,3219,79,4,,0,70,,3220,79,4,,0,30,,3221,79,4,,0,100,,3222,79,4,,0,100,,3223,79,4,,0,100,,3224,79,4,,0
401,'Saturday-01',610,,3257,1,,,0,30,,3256,1,,,0,70,,3225,1,,,0,30,,3255,1,,,0,70,,3226,1,,,0,30,,3254,1,,,0,70,,3253,1,,,0,30,,3227,1,,,0,70,,3252,1,,,0,30,,3228,1,,,0,70,,3251,1,,,0,30,,3250,1,,,0,70,,3249,1,,,0,30,,3248,1,,,0,70,,3229,1,,,0,30,,3247,1,,,0,70,,3230,1,,,0,30,,3231,1,,,0,70,,3246,1,,,0,30,,3232,1,,,0,70,,3233,1,,,0,30,,3234,1,,,0,70,,3235,1,,,0,30,,3236,1,,,0,70,,3245,1,,,0,30,,3244,1,,,0,70,,3243,1,,,0,30,,3237,1,,,0,70,,3238,1,,,0,35,,3242,1,,,0,100,,3241,1,,,0,100,,3240,1,,,0,100,,3239,1,,,0
401,'Sunday-01',800,,3258,1,,,0,30,,3269,1,,,0,70,,3259,1,,,0,30,,3270,1,,,0,70,,3260,1,,,0,30,,3271,1,,,0,70,,3261,1,,,0,30,,3272,1,,,0,70,,3262,1,,,0,30,,3273,1,,,0,70,,3263,1,,,0,30,,3274,1,,,0,70,,3264,1,,,0,30,,3275,1,,,0,70,,3265,1,,,0,30,,3276,1,,,0,70,,3266,1,,,0,30,,3277,1,,,0,70,,3267,1,,,0,30,,3278,1,,,0,70,,3268,1,,,0
401,'Weekday-01',517,,3279,1,,,0,30,,3280,1,,,0,70,,3281,1,,,0,30,,3282,1,,,0,70,,3283,1,,,0,30,,3284,1,,,0,70,,3285,1,,,0,30,,3286,1,,,0,70,,3287,1,,,0,30,,3288,1,,,0,70,,3289,1,,,0,30,,3290,1,,,0,70,,3291,1,,,0,30,,3292,1,,,0,70,,3293,1,,,0,30,,3294,1,,,0,70,,3295,1,,,0,30,,3296,1,,,0,70,,3297,1,,,0,30,,3298,1,,,0,70,,3299,1,,,0,30,,3300,1,,,0,70,,3301,1,,,0,30,,3302,1,,,0,70,,3303,1,,,0,29,,3304,1,,,0,99,,3305,1,,,0,65,,3306,1,,,0,30,,3307,1,,,0,70,,3308,1,,,0,35,,3309,1,,,0,100,,3310,1,,,0,100,,3311,1,,,0,100,,3312,1,,,0
700,'Saturday-01',625,,3402,22,,,0,100,,3403,22,,,0,30,,3404,22,,,0,70,,3405,22,,,0,30,,3406,22,,,0,70,,3407,22,,,0,30,,3408,22,,,0,70,,3409,22,,,0,30,,3410,22,,,0,70,,3411,22,,,0,30,,3412,22,,,0,70,,3413,22,,,0,30,,3414,22,,,0,70,,3415,22,,,0,30,,3416,22,,,0,70,,3417,22,,,0,30,,3418,22,,,0,70,,3419,22,,,0,30,,3420,22,,,0,70,,3421,22,,,0,30,,3422,22,,,0,70,,3423,22,,,0,30,,3424,22,,,0,85,,3425,22,,,0,85,,3426,22,,,0,30,,3427,22,,,0,101,,3428,22,,,0,100,,3429,22,,,0,100,,3430,22,,,0,100,,3431,22,,,0
700,'Sunday-01',825,,3442,22,,,0,30,,3443,22,,,0,70,,3444,22,,,0,30,,3445,22,,,0,70,,3446,22,,,0,30,,3447,22,,,0,70,,3448,22,,,0,30,,3449,22,,,0,70,,3450,22,,,0,30,,3451,22,,,0,70,,3441,22,,,0,30,,3437,22,,,0,70,,3432,22,,,0,30,,3433,22,,,0,70,,3434,22,,,0,30,,3435,22,,,0,70,,3436,22,,,0,30,,3438,22,,,0,70,,3439,22,,,0,30,,3440,22,,,0
700,'Weekday-01',555,,3452,22,,,0,70,,3453,22,,,0,15,,3454,22,0,7,0,15,,3455,22,,,0,55,,3456,22,,,0,15,,3457,22,,,0,15,,3458,22,,,0,15,,3459,22,,,0,55,,3460,22,,,0,15,,3461,22,,,0,15,,3462,22,,,0,15,,3463,22,,,0,70,,3464,22,,,0,30,,3465,22,,,0,70,,3466,22,,,0,30,,3467,22,,,0,70,,3468,22,,,0,30,,3469,22,,,0,70,,3470,22,,,0,30,,3471,22,,,0,70,,3472,22,,,0,30,,3473,22,,,0,70,,3474,22,,,0,25,,3475,22,,,0,70,,3476,22,,,0,30,,3477,22,,,0,70,,3478,22,,,0,30,,3479,22,,,0,70,,3480,22,,,0,35,,3481,22,,,0,85,,3482,22,,,0,85,,3483,22,,,0,30,,3484,22,,,0,101,,3485,22,,,0,100,,3486,22,,,0,100,,3487,22,,,0,100,,3488,22,,,0
801,'Saturday-01',623,,3643,12,,,0,100,,3644,12,,,0,100,,3645,12,,,0,100,,3646,12,,,0,30,,3647,12,,,0,70,,3648,12,,,0,30,,3649,12,,,0,70,,3650,12,,,0,30,,3651,12,,,0,70,,3652,12,,,0,30,,3653,12,,,0,70,,3654,12,,,0,30,,3655,12,,,0,70,,3656,12,,,0,30,,3657,12,,,0,70,,3658,12,,,0,30,,3659,12,,,0,70,,3660,12,,,0,30,,3661,12,,,0,70,,3662,12,,,0,28,,3642,12,,,0,100,,3641,12,,,0,100,,3664,12,,,0,100,,3663,12,,,0
801,'Sunday-01',806,,3666,12,,,0,100,,3667,12,,,0,100,,3668,12,,,0,100,,3669,12,,,0,100,,3670,12,,,0,100,,3671,12,,,0,100,,3672,12,,,0,100,,3673,12,,,0,100,,3674,12,,,0,100,,3675,12,,,0,100,,3676,12,,,0
801,'Weekday-01',522,,3677,12,,,0,35,,3678,12,,,0,75,,3679,12,,,0,75,,3680,12,,,0,35,,3681,12,,,0,75,,3682,12,,,0,35,,3683,12,,,0,75,,3684,12,,,0,75,,3685,12,,,0,35,,3686,12,,,0,75,,3687,12,,,0,35,,3688,12,,,0,75,,3689,12,,,0,35,,3690,12,,,0,75,,3691,12,,,0,75,,3692,12,,,0,35,,3693,12,,,0,75,,3694,12,,,0,35,,3695,12,,,0,75,,3696,12,,,0,75,,3697,12,,,0,110,,3698,12,,,0,110,,3699,12,,,0,110,,3700,12,,,0
900,'Saturday-01',615,,3701,31,,,0,30,,3702,31,,,0,70,,3703,31,,,0,30,,3704,31,,,0,70,,3705,31,,,0,30,,3706,31,,,0,70,,3707,31,,,0,30,,3708,31,,,0,70,,3709,31,,,0,30,,3710,31,,,0,70,,3711,31,,,0,30,,3712,31,,,0,70,,3713,31,,,0,30,,3714,31,,,0,70,,3715,31,,,0,30,,3716,31,,,0,70,,3717,31,,,0,30,,3718,31,,,0,70,,3719,31,,,0,30,,3720,31,,,0,70,,3721,31,,,0,30,,3722,31,,,0,88,,3723,31,,,0,70,,3724,31,,,0,30,,3725,31,,,0,85,,3726,31,,,0,30,,3728,31,,,0,85,,3729,31,,,0,100,,3730,31,,,0,100,,3731,31,,,0,100,,3727,31,,,0
900,'Sunday-01',745,,3751,31,,,0,70,,3753,31,,,0,30,,3741,31,,,0,70,,3740,31,,,0,30,,3742,31,,,0,70,,3735,31,,,0,30,,3743,31,,,0,70,,3736,31,,,0,30,,3744,31,,,0,70,,3737,31,,,0,30,,3745,31,,,0,70,,3738,31,,,0,30,,3746,31,,,0,70,,3739,31,,,0,30,,3747,31,,,0,70,,3732,31,,,0,30,,3748,31,,,0,70,,3733,31,,,0,30,,3749,31,,,0,70,,3734,31,,,0,30,,3750,31,,,0,70,,3752,31,,,0
900,'Weekday-01',545,,3754,31,,,0,70,,3755,31,,,0,25,,3756,31,,,0,70,,3757,31,,,0,30,,3758,31,,,0,70,,3759,31,,,0,30,,3760,31,,,0,75,,3761,31,,,0,30,,3762,31,,,0,70,,3763,31,,,0,30,,3764,31,,,0,70,,3765,31,,,0,30,,3766,31,,,0,70,,3767,31,,,0,30,,3768,31,,,0,70,,3769,31,,,0,30,,3770,31,,,0,70,,3771,31,,,0,30,,3772,31,,,0,55,,3773,31,,,0,15,,3774,31,,,0,15,,3775,31,,,0,15,,3776,31,,,0,70,,3777,31,,,0,15,,3778,31,,,0,15,,3779,31,,,0,55,,3780,31,,,0,28,,3781,31,,,0,30,,3782,31,,,0,70,,3783,31,,,0,85,,3784,31,,,0,32,,3785,31,,,0,85,,3786,31,,,0,100,,3787,31,,,0,100,,3788,31,,,0,100,,3789,31,,,0
1800,'Saturday-01',625,,4229,16,,,0,30,,4230,16,,,0,70,,4231,16,,,0,30,,4232,16,,,0,70,,4233,16,,,0,30,,4234,16,,,0,70,,4235,16,,,0,30,,4236,16,,,0,70,,4237,16,,,0,30,,4238,16,,,0,70,,4239,16,,,0,30,,4240,16,,,0,70,,4241,16,,,0,30,,4242,16,,,0,70,,4243,16,,,0,30,,4244,16,,,0,70,,4245,16,,,0,30,,4246,16,,,0,70,,4247,16,,,0,30,,4248,16,,,0,70,,4249,16,,,0,30,,4250,16,,,0,70,,4251,16,,,0,30,,4252,16,,,0,70,,4253,16,,,0
1800,'Sunday-01',825,,4254,16,,,0,100,,4255,16,,,0,100,,4256,16,,,0,100,,4257,16,,,0,100,,4258,16,,,0,100,,4259,16,,,0,100,,4260,16,,,0,100,,4261,16,,,0,100,,4262,16,,,0,100,,4263,16,,,0,100,,4264,16,,,0
1800,'Weekday-01',625,,4265,16,,,0,30,,4266,16,,,0,70,,4267,16,,,0,30,,4268,16,,,0,70,,4269,16,,,0,30,,4270,16,,,0,70,,4271,16,,,0,30,,4272,16,,,0,70,,4273,16,,,0,30,,4274,16,,,0,70,,4275,16,,,0,30,,4276,16,,,0,70,,4277,16,,,0,30,,4278,16,,,0,70,,4279,16,,,0,30,,4280,16,,,0,70,,4281,16,,,0,30,,4282,16,,,0,70,,4283,16,,,0,30,,4284,16,,,0,70,,4285,16,,,0,30,,4286,16,,,0,70,,4287,16,,,0,30,,4288,16,,,0,70,,4289,16,,,0,30,,4290,16,,,0,100,,4291,16,,,0,100,,4292,16,,,0,95,,4293,16,,,0
4001,'Saturday-01',607,,4651,28,,,0,100,,4652,28,,,0,30,,4653,28,,,0,70,,4654,28,,,0,30,,4655,28,,,0,70,,4656,28,,,0,30,,4657,28,,,0,70,,4658,28,,,0,30,,4659,28,,,0,70,,4660,28,,,0,30,,4661,28,,,0,70,,4662,28,,,0,30,,4663,28,,,0,70,,4664,28,,,0,30,,4665,28,,,0,70,,4666,28,,,0,30,,4667,28,,,0,70,,4668,28,,,0,30,,4669,28,,,0,70,,4670,28,,,0,30,,4671,28,,,0,70,,4672,28,,,0,30,,4673,28,,,0,70,,4674,28,,,0,30,,4675,28,,,0,70,,4676,28,,,0,30,,4677,28,,,0,70,,4678,28,,,0,30,,4679,28,,,0,70,,4680,28,,,0,30,,4681,28,,,0,70,,4682,28,,,0,30,,4683,28,,,0,70,,4684,28,,,0,100,,4685,28,,,0
4001,'Sunday-01',807,,4687,28,,,0,30,,4688,28,,,0,70,,4689,28,,,0,30,,4690,28,,,0,70,,4691,28,,,0,30,,4692,28,,,0,70,,4693,28,,,0,30,,4694,28,,,0,70,,4695,28,,,0,30,,4696,28,,,0,70,,4697,28,,,0,30,,4698,28,,,0,70,,4699,28,,,0,30,,4700,28,,,0,70,,4701,28,,,0,30,,4702,28,,,0,70,,4703,28,,,0,30,,4704,28,,,0,70,,4705,28,,,0,30,,4706,28,,,0,70,,4707,28,,,0
4001,'Weekday-01',607,,4743,28,,,0,30,,4708,28,,,0,70,,4709,28,,,0,30,,4710,28,,,0,70,,4711,28,,,0,30,,4712,28,,,0,70,,4713,28,,,0,30,,4714,28,,,0,70,,4715,28,,,0,30,,4716,28,,,0,70,,4717,28,,,0,30,,4718,28,,,0,70,,4719,28,,,0,30,,4720,28,,,0,70,,4721,28,,,0,30,,4722,28,,,0,70,,4723,28,,,0,30,,4724,28,,,0,70,,4725,28,,,0,30,,4726,28,,,0,70,,4727,28,,,0,30,,4728,28,,,0,70,,4729,28,,,0,30,,4730,28,,,0,70,,4731,28,,,0,30,,4732,28,,,0,70,,4733,28,,,0,30,,4734,28,,,0,70,,4735,28,,,0,30,,4736,28,,,0,70,,4737,28,,,0,30,,4738,28,,,0,70,,4739,28,,,0,30,,4740,28,,,0,70,,4741,28,,,0,100,,4742,28,,,0
2400025501,'Weekday-01-1111100',1519,,5087,9,,,0
