401,'Saturday-01',635,,3257,23,,,0,70,,3256,23,,,0,30,,3225,23,,,0,70,,3255,23,,,0,30,,3226,23,,,0,70,,3254,23,,,0,30,,3253,23,,,0,70,,3227,23,,,0,30,,3252,23,,,0,70,,3228,23,,,0,30,,3251,23,,,0,70,,3250,23,,,0,30,,3249,23,,,0,70,,3248,23,,,0,30,,3229,23,,,0,70,,3247,23,,,0,30,,3230,23,,,0,70,,3231,23,,,0,30,,3246,23,,,0,70,,3232,23,,,0,30,,3233,23,,,0,70,,3234,23,,,0,30,,3235,23,,,0,70,,3236,23,,,0,30,,3245,23,,,0,70,,3244,23,,,0,30,,3243,23,,,0,70,,3237,23,,,0,30,,3238,23,,,0,75,,3242,23,,,0,100,,3241,23,,,0,100,,3240,23,,,0,100,,3239,23,,,0
401,'Sunday-01',825,,3258,23,,,0,30,,3269,23,,,0,70,,3259,23,,,0,30,,3270,23,,,0,70,,3260,23,,,0,30,,3271,23,,,0,70,,3261,23,,,0,30,,3272,23,,,0,70,,3262,23,,,0,30,,3273,23,,,0,70,,3263,23,,,0,30,,3274,23,,,0,70,,3264,23,,,0,30,,3275,23,,,0,70,,3265,23,,,0,30,,3276,23,,,0,70,,3266,23,,,0,30,,3277,23,,,0,70,,3267,23,,,0,30,,3278,23,,,0,70,,3268,23,,,0
401,'Weekday-01',549,,3279,23,,,0,70,,3280,23,,,0,30,,3281,23,,,0,70,,3282,23,,,0,30,,3283,23,,,0,70,,3284,23,,,0,30,,3285,23,,,0,70,,3286,23,,,0,30,,3287,23,,,0,70,,3288,23,,,0,30,,3289,23,,,0,70,,3290,23,,,0,30,,3291,23,,,0,70,,3292,23,,,0,30,,3293,23,,,0,70,,3294,23,,,0,30,,3295,23,,,0,70,,3296,23,,,0,30,,3297,23,,,0,70,,3298,23,,,0,30,,3299,23,,,0,70,,3300,23,,,0,30,,3301,23,,,0,70,,3302,23,,,0,30,,3303,23,,,0,69,,3304,23,,,0,92,,3305,23,,,0,25,,3306,23,,,0,70,,3307,23,,,0,30,,3308,23,,,0,75,,3309,23,,,0,100,,3310,23,,,0,100,,3311,23,,,0,100,,3312,23,,,0
900,'Saturday-01',625,,3701,39,,,0,30,,3702,39,,,0,70,,3703,39,,,0,30,,3704,39,,,0,70,,3705,39,,,0,30,,3706,39,,,0,70,,3707,39,,,0,30,,3708,39,,,0,70,,3709,39,,,0,30,,3710,39,,,0,70,,3711,39,,,0,30,,3712,39,,,0,70,,3713,39,,,0,30,,3714,39,,,0,70,,3715,39,,,0,30,,3716,39,,,0,70,,3717,39,,,0,30,,3718,39,,,0,70,,3719,39,,,0,30,,3720,39,,,0,70,,3721,39,,,0,30,,3722,39,,,0,86,,3723,39,,,0,70,,3724,39,,,0,30,,3725,39,,,0,85,,3726,39,,,0,30,,3728,39,,,0,85,,3729,39,,,0,100,,3730,39,,,0,100,,3731,39,,,0,100,,3727,39,,,0
900,'Sunday-01',755,,3751,39,,,0,70,,3753,39,,,0,30,,3741,39,,,0,70,,3740,39,,,0,30,,3742,39,,,0,70,,3735,39,,,0,30,,3743,39,,,0,70,,3736,39,,,0,30,,3744,39,,,0,70,,3737,39,,,0,30,,3745,39,,,0,70,,3738,39,,,0,30,,3746,39,,,0,70,,3739,39,,,0,30,,3747,39,,,0,70,,3732,39,,,0,30,,3748,39,,,0,70,,3733,39,,,0,30,,3749,39,,,0,70,,3734,39,,,0,30,,3750,39,,,0,70,,3752,39,,,0
900,'Weekday-01',555,,3754,39,,,0,70,,3755,39,,,0,25,,3756,39,,,0,70,,3757,39,,,0,30,,3758,39,,,0,70,,3759,39,,,0,30,,3760,39,,,0,75,,3761,39,,,0,30,,3762,39,,,0,70,,3763,39,,,0,30,,3764,39,,,0,70,,3765,39,,,0,30,,3766,39,,,0,70,,3767,39,,,0,30,,3768,39,,,0,70,,3769,39,,,0,30,,3770,39,,,0,70,,3771,39,,,0,30,,3772,39,,,0,55,,3773,39,,,0,15,,3774,39,,,0,15,,3775,39,,,0,15,,3776,39,,,0,70,,3777,39,,,0,15,,3778,39,,,0,15,,3779,39,,,0,55,,3780,39,,,0,29,,3781,39,,,0,70,,3782,39,,,0,30,,3783,39,,,0,85,,3784,39,,,0,31,,3785,39,,,0,85,,3786,39,,,0,100,,3787,39,,,0,100,,3788,39,,,0,100,,3789,39,,,0
4001,'Saturday-01',617,,4651,31,,,0,100,,4652,31,,,0,30,,4653,31,,,0,70,,4654,31,,,0,30,,4655,31,,,0,70,,4656,31,,,0,30,,4657,31,,,0,70,,4658,31,,,0,30,,4659,31,,,0,70,,4660,31,,,0,30,,4661,31,,,0,70,,4662,31,,,0,30,,4663,31,,,0,70,,4664,31,,,0,30,,4665,31,,,0,70,,4666,31,,,0,30,,4667,31,,,0,70,,4668,31,,,0,30,,4669,31,,,0,70,,4670,31,,,0,30,,4671,31,,,0,70,,4672,31,,,0,30,,4673,31,,,0,70,,4674,31,,,0,30,,4675,31,,,0,70,,4676,31,,,0,30,,4677,31,,,0,70,,4678,31,,,0,30,,4679,31,,,0,70,,4680,31,,,0,30,,4681,31,,,0,70,,4682,31,,,0,30,,4683,31,,,0,70,,4684,31,,,0,100,,4685,31,,,0
4001,'Sunday-01',817,,4687,31,,,0,30,,4688,31,,,0,70,,4689,31,,,0,30,,4690,31,,,0,70,,4691,31,,,0,30,,4692,31,,,0,70,,4693,31,,,0,30,,4694,31,,,0,70,,4695,31,,,0,30,,4696,31,,,0,70,,4697,31,,,0,30,,4698,31,,,0,70,,4699,31,,,0,30,,4700,31,,,0,70,,4701,31,,,0,30,,4702,31,,,0,70,,4703,31,,,0,30,,4704,31,,,0,70,,4705,31,,,0,30,,4706,31,,,0,70,,4707,31,,,0
4001,'Weekday-01',617,,4743,31,,,0,30,,4708,31,,,0,70,,4709,31,,,0,30,,4710,31,,,0,70,,4711,31,,,0,30,,4712,31,,,0,70,,4713,31,,,0,30,,4714,31,,,0,70,,4715,31,,,0,30,,4716,31,,,0,70,,4717,31,,,0,30,,4718,31,,,0,70,,4719,31,,,0,30,,4720,31,,,0,70,,4721,31,,,0,30,,4722,31,,,0,70,,4723,31,,,0,30,,4724,31,,,0,70,,4725,31,,,0,30,,4726,31,,,0,70,,4727,31,,,0,30,,4728,31,,,0,70,,4729,31,,,0,30,,4730,31,,,0,70,,4731,31,,,0,30,,4732,31,,,0,70,,4733,31,,,0,30,,4734,31,,,0,70,,4735,31,,,0,30,,4736,31,,,0,70,,4737,31,,,0,30,,4738,31,,,0,70,,4739,31,,,0,30,,4740,31,,,0,70,,4741,31,,,0,100,,4742,31,,,0
2400025501,'Weekday-01-1111100',1529,,5087,17,,,0
