700,'Saturday-01',603,,3402,1,,,0,100,,3403,1,,,0,30,,3404,1,,,0,70,,3405,1,,,0,30,,3406,1,,,0,70,,3407,1,,,0,30,,3408,1,,,0,70,,3409,1,,,0,30,,3410,1,,,0,70,,3411,1,,,0,30,,3412,1,,,0,70,,3413,1,,,0,30,,3414,1,,,0,70,,3415,1,,,0,30,,3416,1,,,0,70,,3417,1,,,0,30,,3418,1,,,0,70,,3419,1,,,0,30,,3420,1,,,0,70,,3421,1,,,0,30,,3422,1,,,0,70,,3423,1,,,0,30,,3424,1,,,0,85,,3425,1,,,0,85,,3426,1,,,0,30,,3427,1,,,0,107,,3428,1,,,0,100,,3429,1,,,0,100,,3430,1,,,0,100,,3431,1,,,0
700,'Sunday-01',805,,3442,1,,,0,30,,3443,1,,,0,70,,3444,1,,,0,30,,3445,1,,,0,70,,3446,1,,,0,30,,3447,1,,,0,70,,3448,1,,,0,30,,3449,1,,,0,70,,3450,1,,,0,30,,3451,1,,,0,70,,3441,1,,,0,30,,3437,1,,,0,70,,3432,1,,,0,30,,3433,1,,,0,70,,3434,1,,,0,30,,3435,1,,,0,70,,3436,1,,,0,30,,3438,1,,,0,70,,3439,1,,,0,30,,3440,1,,,0
700,'Weekday-01',535,,3452,1,,,0,70,,3453,1,,,0,15,,3454,1,0,7,0,15,,3455,1,,,0,15,,3456,1,,,0,55,,3457,1,,,0,15,,3458,1,,,0,15,,3459,1,,,0,15,,3460,1,,,0,55,,3461,1,,,0,15,,3462,1,,,0,15,,3463,1,,,0,70,,3464,1,,,0,30,,3465,1,,,0,70,,3466,1,,,0,30,,3467,1,,,0,70,,3468,1,,,0,30,,3469,1,,,0,70,,3470,1,,,0,30,,3471,1,,,0,70,,3472,1,,,0,30,,3473,1,,,0,70,,3474,1,,,0,25,,3475,1,,,0,70,,3476,1,,,0,30,,3477,1,,,0,70,,3478,1,,,0,30,,3479,1,,,0,70,,3480,1,,,0,33,,3481,1,,,0,85,,3482,1,,,0,85,,3483,1,,,0,30,,3484,1,,,0,107,,3485,1,,,0,100,,3486,1,,,0,100,,3487,1,,,0,100,,3488,1,,,0
701,'Saturday-01',658,,3489,91,4,,0,100,,3490,91,4,,0,70,,3491,91,4,,0,30,,3492,91,4,,0,70,,3493,91,4,,0,30,,3494,91,4,,0,70,,3495,91,4,,0,30,,3496,91,4,,0,70,,3497,91,4,,0,30,,3498,91,4,,0,70,,3499,91,4,,0,30,,3500,91,4,,0,70,,3501,91,4,,0,30,,3502,91,4,,0,70,,3503,91,4,,0,30,,3504,91,4,,0,70,,3505,91,4,,0,30,,3506,91,4,,0,70,,3507,91,4,,0,30,,3508,91,4,,0,70,,3509,91,4,,0,30,,3510,91,4,,0,70,,3511,91,4,,0,30,,3512,91,4,,0,70,,3513,91,4,,0,102,,3516,91,4,,0,78,,3517,91,4,,0,27,,3518,91,4,,0,100,,3519,91,4,,0,100,,3520,91,4,,0,100,,3515,91,4,,0
701,'Sunday-01',900,,3521,91,4,,0,30,,3522,91,4,,0,70,,3523,91,4,,0,30,,3524,91,4,,0,70,,3525,91,4,,0,30,,3526,91,4,,0,70,,3527,91,4,,0,30,,3528,91,4,,0,70,,3529,91,4,,0,30,,3530,91,4,,0,70,,3531,91,4,,0,30,,3532,91,4,,0,70,,3533,91,4,,0,30,,3534,91,4,,0,70,,3535,91,4,,0,30,,3536,91,4,,0,70,,3537,91,4,,0,30,,3538,91,4,,0,70,,3539,91,4,,0,30,,3540,91,4,,0,70,,3541,91,4,,0
701,'Weekday-01',630,,3542,91,4,,0,70,,3543,91,4,,0,30,,3544,91,4,,0,20,,3545,91,4,,0,50,,3546,91,4,,0,15,,3547,91,4,,0,15,,3548,91,4,,0,15,,3549,91,4,,0,55,,3550,91,4,,0,30,,3551,91,4,,0,70,,3552,91,4,,0,30,,3553,91,4,,0,70,,3554,91,4,,0,30,,3555,91,4,,0,70,,3556,91,4,,0,30,,3557,91,4,,0,70,,3558,91,4,,0,30,,3559,91,4,,0,70,,3560,91,4,,0,25,,3561,91,4,,0,30,,3562,91,4,,0,70,,3563,91,4,,0,30,,3564,91,4,,0,70,,3565,91,4,,0,30,,3566,91,4,,0,70,,3567,91,4,,0,75,,3568,91,4,,0,30,,3569,91,4,,0,28,,3570,91,4,,0,70,,3571,91,4,,0,102,,3572,91,4,,0,78,,3573,91,4,,0,27,,3574,91,4,,0,100,,3575,91,4,,0,100,,3576,91,4,,0,100,,3577,91,4,,0
800,'Saturday-01',715,,3579,103,4,,0,100,,3580,103,4,,0,100,,3581,103,4,,0,30,,3584,103,4,,0,70,,3585,103,4,,0,30,,3586,103,4,,0,70,,3587,103,4,,0,30,,3588,103,4,,0,70,,3589,103,4,,0,30,,3590,103,4,,0,70,,3591,103,4,,0,30,,3592,103,4,,0,70,,3593,103,4,,0,30,,3594,103,4,,0,70,,3583,103,4,,0,30,,3582,103,4,,0,70,,3601,103,4,,0,30,,3600,103,4,,0,70,,3599,103,4,,0,30,,3598,103,4,,0,70,,3597,103,4,,0,30,,3595,103,4,,0,100,,3596,103,4,,0,100,,3602,103,4,,0,100,,3603,103,4,,0
800,'Sunday-01',900,,3604,103,4,,0,100,,3605,103,4,,0,100,,3606,103,4,,0,100,,3607,103,4,,0,100,,3608,103,4,,0,100,,3609,103,4,,0,100,,3610,103,4,,0,100,,3611,103,4,,0,100,,3612,103,4,,0,100,,3613,103,4,,0,55,,3614,103,4,,0
800,'Weekday-01',616,,3639,103,4,,0,35,,3640,103,4,,0,75,,3638,103,4,,0,75,,3637,103,4,,0,35,,3615,103,4,,0,75,,3616,103,4,,0,35,,3617,103,4,,0,75,,3618,103,4,,0,35,,3619,103,4,,0,75,,3620,103,4,,0,75,,3621,103,4,,0,35,,3622,103,4,,0,75,,3623,103,4,,0,35,,3624,103,4,,0,75,,3625,103,4,,0,75,,3626,103,4,,0,35,,3627,103,4,,0,75,,3628,103,4,,0,35,,3629,103,4,,0,75,,3630,103,4,,0,35,,3631,103,4,,0,75,,3632,103,4,,0,75,,3633,103,4,,0,110,,3634,103,4,,0,110,,3635,103,4,,0,110,,3636,103,4,,0
801,'Saturday-01',617,,3643,1,,,0,100,,3644,1,,,0,100,,3645,1,,,0,100,,3646,1,,,0,30,,3647,1,,,0,70,,3648,1,,,0,30,,3649,1,,,0,70,,3650,1,,,0,30,,3651,1,,,0,70,,3652,1,,,0,30,,3653,1,,,0,70,,3654,1,,,0,30,,3655,1,,,0,70,,3656,1,,,0,30,,3657,1,,,0,70,,3658,1,,,0,30,,3659,1,,,0,70,,3660,1,,,0,30,,3661,1,,,0,70,,3662,1,,,0,28,,3642,1,,,0,100,,3641,1,,,0,100,,3664,1,,,0,100,,3663,1,,,0
801,'Sunday-01',800,,3666,1,,,0,100,,3667,1,,,0,100,,3668,1,,,0,100,,3669,1,,,0,100,,3670,1,,,0,100,,3671,1,,,0,100,,3672,1,,,0,100,,3673,1,,,0,100,,3674,1,,,0,100,,3675,1,,,0,100,,3676,1,,,0
801,'Weekday-01',514,,3677,1,,,0,35,,3678,1,,,0,75,,3679,1,,,0,35,,3680,1,,,0,75,,3681,1,,,0,75,,3682,1,,,0,35,,3683,1,,,0,75,,3684,1,,,0,35,,3685,1,,,0,75,,3686,1,,,0,75,,3687,1,,,0,35,,3688,1,,,0,75,,3689,1,,,0,35,,3690,1,,,0,75,,3691,1,,,0,35,,3692,1,,,0,75,,3693,1,,,0,75,,3694,1,,,0,35,,3695,1,,,0,75,,3696,1,,,0,35,,3697,1,,,0,150,,3698,1,,,0,110,,3699,1,,,0,110,,3700,1,,,0
900,'Saturday-01',557,,3701,1,,,0,70,,3702,1,,,0,30,,3703,1,,,0,70,,3704,1,,,0,30,,3705,1,,,0,70,,3706,1,,,0,30,,3707,1,,,0,70,,3708,1,,,0,30,,3709,1,,,0,70,,3710,1,,,0,30,,3711,1,,,0,70,,3712,1,,,0,30,,3713,1,,,0,70,,3714,1,,,0,30,,3715,1,,,0,70,,3716,1,,,0,30,,3717,1,,,0,70,,3718,1,,,0,30,,3719,1,,,0,70,,3720,1,,,0,30,,3721,1,,,0,70,,3722,1,,,0,90,,3723,1,,,0,30,,3724,1,,,0,70,,3725,1,,,0,85,,3726,1,,,0,30,,3728,1,,,0,85,,3729,1,,,0,100,,3730,1,,,0,100,,3731,1,,,0,100,,3727,1,,,0
900,'Sunday-01',727,,3751,1,,,0,30,,3753,1,,,0,70,,3741,1,,,0,30,,3740,1,,,0,70,,3742,1,,,0,30,,3735,1,,,0,70,,3743,1,,,0,30,,3736,1,,,0,70,,3744,1,,,0,30,,3737,1,,,0,70,,3745,1,,,0,30,,3738,1,,,0,70,,3746,1,,,0,30,,3739,1,,,0,70,,3747,1,,,0,30,,3732,1,,,0,70,,3748,1,,,0,30,,3733,1,,,0,70,,3749,1,,,0,30,,3734,1,,,0,70,,3750,1,,,0,30,,3752,1,,,0
900,'Weekday-01',527,,3754,1,,,0,30,,3755,1,,,0,65,,3756,1,,,0,30,,3757,1,,,0,70,,3758,1,,,0,30,,3759,1,,,0,70,,3760,1,,,0,35,,3761,1,,,0,70,,3762,1,,,0,30,,3763,1,,,0,70,,3764,1,,,0,30,,3765,1,,,0,70,,3766,1,,,0,30,,3767,1,,,0,70,,3768,1,,,0,30,,3769,1,,,0,70,,3770,1,,,0,30,,3771,1,,,0,70,,3772,1,,,0,15,,3773,1,,,0,15,,3774,1,,,0,55,,3775,1,,,0,15,,3776,1,,,0,30,,3777,1,,,0,55,,3778,1,,,0,15,,3779,1,,,0,15,,3780,1,,,0,70,,3781,1,,,0,30,,3782,1,,,0,70,,3783,1,,,0,45,,3784,1,,,0,75,,3785,1,,,0,85,,3786,1,,,0,100,,3787,1,,,0,100,,3788,1,,,0,100,,3789,1,,,0
901,'Saturday-01',722,,3790,88,4,,0,30,,3791,88,4,,0,70,,3792,88,4,,0,30,,3793,88,4,,0,70,,3794,88,4,,0,30,,3795,88,4,,0,70,,3796,88,4,,0,30,,3797,88,4,,0,70,,3798,88,4,,0,30,,3799,88,4,,0,70,,3800,88,4,,0,30,,3801,88,4,,0,70,,3802,88,4,,0,30,,3803,88,4,,0,70,,3804,88,4,,0,30,,3805,88,4,,0,70,,3806,88,4,,0,30,,3807,88,4,,0,70,,3808,88,4,,0,30,,3809,88,4,,0,70,,3810,88,4,,0,30,,3811,88,4,,0,70,,3812,88,4,,0,30,,3813,88,4,,0,75,,3814,88,4,,0,85,,3815,88,4,,0,90,,3816,88,4,,0,30,,3817,88,4,,0,80,,3818,88,4,,0,100,,3819,88,4,,0,100,,3820,88,4,,0
901,'Sunday-01',852,,3839,88,4,,0,70,,3829,88,4,,0,30,,3840,88,4,,0,70,,3830,88,4,,0,30,,3841,88,4,,0,70,,3831,88,4,,0,30,,3821,88,4,,0,70,,3832,88,4,,0,30,,3822,88,4,,0,70,,3833,88,4,,0,30,,3823,88,4,,0,70,,3834,88,4,,0,30,,3824,88,4,,0,70,,3835,88,4,,0,30,,3825,88,4,,0,70,,3836,88,4,,0,30,,3826,88,4,,0,70,,3837,88,4,,0,30,,3827,88,4,,0,70,,3838,88,4,,0,30,,3828,88,4,,0
901,'Weekday-01',647,,3842,88,4,,0,70,,3843,88,4,,0,30,,3844,88,4,,0,70,,3845,88,4,,0,30,,3846,88,4,,0,75,,3847,88,4,,0,30,,3848,88,4,,0,70,,3849,88,4,,0,30,,3850,88,4,,0,70,,3851,88,4,,0,30,,3852,88,4,,0,70,,3853,88,4,,0,30,,3854,88,4,,0,70,,3855,88,4,,0,30,,3856,88,4,,0,70,,3857,88,4,,0,30,,3858,88,4,,0,70,,3859,88,4,,0,30,,3860,88,4,,0,55,,3861,88,4,,0,15,,3862,88,4,,0,15,,3863,88,4,,0,15,,3864,88,4,,0,55,,3865,88,4,,0,15,,3866,88,4,,0,15,,3867,88,4,,0,20,,3868,88,4,,0,70,,3869,88,4,,0,25,,3870,88,4,,0,75,,3871,88,4,,0,85,,3872,88,4,,0,45,,3873,88,4,,0,70,,3874,88,4,,0,85,,3875,88,4,,0,100,,3876,88,4,,0,100,,3877,88,4,,0
