101,'Saturday-01',718,,2662,36,,,0,30,,2663,36,,,0,75,,2693,32,0,6,0,30,,2682,32,,,0,70,,2683,32,,,0,30,,2684,32,,,0,70,,2685,32,,,0,30,,2686,32,,,0,70,,2687,32,,,0,30,,2688,32,,,0,70,,2689,32,,,0,30,,2672,34,,,0,65,,2664,36,,,0,30,,2665,36,,,0,10,,2673,34,,,0,75,,2674,34,,,0,75,,2666,36,,,0,40,,2667,36,,,0,55,,2678,34,,,0,40,,2679,32,,,0,70,,2680,32,,,0,40,,2675,34,,,0,70,,2676,34,,,0,30,,2677,34,,,0,99,,2690,32,,,0,70,,2691,32,,,0,95,,2668,36,,,0,83,,2669,36,,,0,20,,2681,32,,,0,100,,2670,36,,,0,85,,2671,36,,,0
101,'Sunday-01',804,,2694,32,,,0,100,,2695,34,,,0,100,,2696,34,,,0,100,,2697,34,,,0,100,,2698,34,,,0,105,,2701,36,,,0,100,,2702,36,,,0,105,,2703,36,,,0,100,,2704,36,,,0,100,,2699,34,,,0,106,,2700,34,,,0
101,'Weekday-01',612,,2753,32,,,0,16,,2708,23,,,0,10,,2736,32,,,0,65,,2725,23,,,0,15,,2709,36,,,0,15,,2710,36,,,0,15,,2711,36,,,0,10,,2737,32,,,0,45,,2712,36,,,0,25,,2707,23,,,0,20,,2739,32,,,0,60,,2740,32,,,0,30,,2752,32,,,0,80,,2741,32,,,0,34,,2742,32,,,0,70,,2743,32,,,0,30,,2744,32,,,0,70,,2745,32,,,0,96,,2713,36,,,0,30,,2714,36,,,0,70,,2715,36,,,0,30,,2716,36,,,0,70,,2717,36,,,0,30,,2718,36,,,0,55,,2726,34,,,0,10,,2727,34,,,0,10,,2746,32,,,0,20,,2728,34,,,0,10,,2747,32,,,0,60,,2729,34,,,0,5,,2748,32,,,0,25,,2730,34,,,0,5,,2749,32,,,0,65,,2731,34,,,0,5,,2750,32,,,0,40,,2732,34,,,0,50,,2751,32,,,0,30,,2738,32,,,0,70,,2734,32,,,0,50,,2719,36,,,0,60,,2720,36,,,0,35,,2721,36,,,0,70,,2722,36,,,0,100,,2723,36,,,0,25,,2724,36,,,0,70,,2735,32,,,0
200,'Saturday-01',641,,2754,26,,,0,70,,2755,26,,,0,29,,2756,26,,,0,70,,2757,26,,,0,30,,2758,26,,,0,70,,2759,26,,,0,30,,2760,26,,,0,70,,2761,26,,,0,30,,2762,26,,,0,70,,2763,26,,,0,30,,2764,26,,,0,70,,2765,26,,,0,30,,2766,26,,,0,70,,2767,26,,,0,30,,2768,26,,,0,70,,2769,26,,,0,30,,2770,26,,,0,70,,2771,26,,,0,30,,2772,26,,,0,70,,2773,26,,,0,30,,2774,26,,,0,70,,2775,26,,,0,30,,2776,26,,,0,70,,2777,26,,,0,30,,2778,26,,,0,70,,2779,26,,,0,30,,2781,26,,,0,70,,2782,26,,,0,30,,2783,26,,,0,70,,2784,26,,,0,100,,2785,26,,,0,100,,2786,26,,,0,100,,2787,26,,,0
200,'Sunday-01',826,,2788,26,,,0,30,,2789,26,,,0,70,,2790,26,,,0,30,,2791,26,,,0,70,,2792,26,,,0,30,,2793,26,,,0,70,,2794,26,,,0,30,,2795,26,,,0,70,,2796,26,,,0,30,,2797,26,,,0,70,,2798,26,,,0,30,,2799,26,,,0,70,,2800,26,,,0,30,,2801,26,,,0,70,,2802,26,,,0,30,,2803,26,,,0,70,,2804,26,,,0,30,,2805,26,,,0,70,,2806,26,,,0
200,'Weekday-01',611,,2808,26,,,0,30,,2807,26,,,0,14,,2848,26,,,0,55,,2811,26,,,0,15,,2812,26,,,0,15,,2813,26,,,0,15,,2814,26,,,0,55,,2809,26,,,0,15,,2810,26,,,0,30,,2815,26,,,0,70,,2816,26,,,0,20,,2839,26,,,0,70,,2820,26,,,0,30,,2821,26,,,0,70,,2822,26,,,0,30,,2823,26,,,0,70,,2824,26,,,0,30,,2825,26,,,0,70,,2826,26,,,0,30,,2817,26,,,0,70,,2818,26,,,0,25,,2819,26,,,0,65,,2827,26,,,0,20,,2828,26,,,0,15,,2829,26,,,0,15,,2830,26,,,0,55,,2831,26,,,0,15,,2832,26,,,0,15,,2833,26,,,0,15,,2834,26,,,0,55,,2835,26,,,0,30,,2840,26,,,0,70,,2841,26,,,0,30,,2842,26,,,0,70,,2843,26,,,0,30,,2844,26,,,0,70,,2836,26,,,0,30,,2837,26,,,0,70,,2838,26,,,0,100,,2845,26,,,0,100,,2846,26,,,0,100,,2847,26,,,0
300,'Saturday-01',640,,2964,36,,,0,70,,2947,36,,,0,30,,2948,36,,,0,70,,2949,36,,,0,30,,2950,36,,,0,70,,2951,36,,,0,30,,2952,36,,,0,70,,2953,36,,,0,30,,2954,36,,,0,70,,2965,36,,,0,30,,2955,36,,,0,70,,2966,36,,,0,30,,2967,36,,,0,70,,2968,36,,,0,30,,2969,36,,,0,70,,2956,36,,,0,30,,2957,36,,,0,70,,2970,36,,,0,30,,2958,36,,,0,70,,2959,36,,,0,30,,2960,36,,,0,70,,2961,36,,,0,30,,2971,36,,,0,71,,2972,36,,,0,30,,2962,36,,,0,70,,2973,36,,,0,30,,2963,36,,,0,70,,2974,36,,,0,30,,2978,36,,,0,70,,2975,36,,,0,100,,2976,36,,,0,100,,2977,36,,,0,100,,2979,36,,,0
300,'Sunday-01',825,,2980,36,,,0,30,,2981,36,,,0,70,,2982,36,,,0,30,,2983,36,,,0,70,,2984,36,,,0,30,,2985,36,,,0,70,,2986,36,,,0,30,,2987,36,,,0,70,,2988,36,,,0,30,,2989,36,,,0,70,,2990,36,,,0,30,,2991,36,,,0,70,,2992,36,,,0,30,,2993,36,,,0,70,,2994,36,,,0,30,,2995,36,,,0,70,,2996,36,,,0,30,,2997,36,,,0,70,,2998,36,,,0,30,,2999,36,,,0,70,,3000,36,,,0
300,'Weekday-01',610,,3001,36,,,0,30,,3002,36,,,0,15,,3003,36,,,0,55,,3004,36,,,0,15,,3005,36,,,0,15,,3006,36,,,0,15,,3007,36,,,0,55,,3008,36,,,0,15,,3009,36,,,0,15,,3010,36,,,0,70,,3011,36,,,0,30,,3012,36,,,0,70,,3013,36,,,0,30,,3014,36,,,0,70,,3015,36,,,0,30,,3016,36,,,0,70,,3017,36,,,0,30,,3018,36,,,0,70,,3019,36,,,0,30,,3020,36,,,0,70,,3021,36,,,0,30,,3022,36,,,0,70,,3023,36,,,0,30,,3024,36,,,0,16,,3025,36,,,0,54,,3026,36,,,0,15,,3027,36,,,0,15,,3028,36,,,0,15,,3029,36,,,0,55,,3030,36,,,0,30,,3031,36,,,0,70,,3032,36,,,0,31,,3033,36,,,0,70,,3034,36,,,0,30,,3035,36,,,0,70,,3036,36,,,0,30,,3041,36,,,0,70,,3040,36,,,0,100,,3037,36,,,0,100,,3038,36,,,0,100,,3039,36,,,0
4000,'Saturday-01',618,,4555,26,,,0,30,,4556,26,,,0,70,,4557,26,,,0,30,,4558,26,,,0,70,,4559,26,,,0,30,,4560,26,,,0,70,,4561,26,,,0,30,,4562,26,,,0,70,,4563,26,,,0,30,,4564,26,,,0,70,,4565,26,,,0,30,,4566,26,,,0,70,,4567,26,,,0,30,,4568,26,,,0,70,,4569,26,,,0,30,,4570,26,,,0,70,,4571,26,,,0,30,,4572,26,,,0,70,,4573,26,,,0,30,,4574,26,,,0,70,,4575,26,,,0,30,,4576,26,,,0,70,,4577,26,,,0,30,,4578,26,,,0,70,,4579,26,,,0,30,,4580,26,,,0,70,,4581,26,,,0,30,,4582,26,,,0,70,,4583,26,,,0,30,,4584,26,,,0,70,,4585,26,,,0,30,,4586,26,,,0,70,,4587,26,,,0,30,,4588,26,,,0,70,,4589,26,,,0,100,,4590,26,,,0
4000,'Sunday-01',818,,4591,26,,,0,30,,4592,26,,,0,70,,4593,26,,,0,30,,4594,26,,,0,70,,4595,26,,,0,30,,4596,26,,,0,70,,4597,26,,,0,30,,4598,26,,,0,70,,4599,26,,,0,30,,4600,26,,,0,70,,4601,26,,,0,30,,4602,26,,,0,70,,4603,26,,,0,30,,4604,26,,,0,70,,4605,26,,,0,30,,4606,26,,,0,70,,4607,26,,,0,30,,4608,26,,,0,70,,4609,26,,,0,30,,4610,26,,,0,70,,4611,26,,,0
4000,'Weekday-01',618,,4649,26,,,0,30,,4640,26,,,0,70,,4641,26,,,0,30,,4642,26,,,0,70,,4643,26,,,0,30,,4644,26,,,0,70,,4645,26,,,0,30,,4646,26,,,0,70,,4647,26,,,0,30,,4648,26,,,0,70,,4615,26,,,0,30,,4637,26,,,0,70,,4636,26,,,0,30,,4635,26,,,0,70,,4634,26,,,0,30,,4616,26,,,0,70,,4633,26,,,0,30,,4632,26,,,0,70,,4638,26,,,0,30,,4617,26,,,0,70,,4618,26,,,0,30,,4619,26,,,0,70,,4631,26,,,0,30,,4639,26,,,0,70,,4621,26,,,0,30,,4623,26,,,0,70,,4630,26,,,0,30,,4629,26,,,0,70,,4628,26,,,0,30,,4620,26,,,0,70,,4627,26,,,0,30,,4626,26,,,0,70,,4625,26,,,0,30,,4624,26,,,0,70,,4614,26,,,0,100,,4622,26,,,0
