100,'Saturday-01',619,,2565,29,0,5,0,30,,2566,29,0,5,0,100,,2571,29,0,5,0,70,,2572,29,0,5,0,30,,2573,29,0,5,0,70,,2574,29,0,5,0,30,,2575,29,0,5,0,70,,2576,29,0,5,0,30,,2577,29,0,5,0,70,,2578,29,0,5,0,30,,2579,29,0,5,0,55,,2584,4,0,5,0,15,,2567,29,0,5,0,30,,2568,29,0,5,0,70,,2589,29,0,5,0,30,,2590,29,0,5,0,60,,2569,29,0,5,0,30,,2570,29,0,5,0,70,,2585,29,0,5,0,30,,2586,29,0,5,0,70,,2587,29,0,5,0,30,,2588,29,0,5,0,70,,2591,29,0,5,0,30,,2592,29,0,5,0,70,,2593,29,0,5,0,109,,2580,58,0,5,0,30,,2581,58,0,5,0,70,,2594,58,0,5,0,83,,2595,58,0,5,0,30,,2582,58,0,5,0,95,,2596,58,0,5,0,85,,2597,58,0,5,0,18,,2598,58,0,5,0,105,,2583,58,0,5,0
100,'Sunday-01',816,,2602,58,0,5,0,100,,2603,58,0,5,0,100,,2604,58,0,5,0,100,,2605,58,0,5,0,100,,2607,58,0,5,0,100,,2608,58,0,5,0,105,,2609,58,0,5,0,100,,2610,58,0,5,0,105,,2611,58,0,5,0,100,,2606,58,0,5,0,108,,2600,58,0,5,0
100,'Weekday-01',604,,2612,4,0,5,0,15,,2624,29,0,8,0,10,,2650,29,0,8,0,5,,2625,29,0,8,0,15,,2626,29,0,8,0,55,,2627,29,0,8,0,20,,2613,29,0,5,0,15,,2630,29,0,8,0,15,,2614,29,0,5,0,60,,2615,29,0,5,0,20,,2616,29,0,5,0,70,,2617,29,0,5,0,20,,2618,29,0,5,0,20,,2619,29,0,5,0,75,,2635,31,0,5,0,30,,2636,31,0,5,0,70,,2637,31,0,5,0,30,,2638,31,0,5,0,70,,2631,31,0,8,0,30,,2632,31,0,8,0,70,,2628,29,0,8,0,30,,2629,29,0,8,0,70,,2633,31,0,8,0,30,,2634,31,0,8,0,70,,2657,31,0,8,0,10,,2651,29,0,8,0,20,,2639,31,0,5,0,10,,2652,29,0,8,0,60,,2640,31,0,5,0,10,,2653,29,0,8,0,15,,2620,29,0,5,0,15,,2654,29,0,8,0,55,,2621,29,0,5,0,15,,2655,29,0,8,0,15,,2622,29,0,5,0,70,,2656,29,0,8,0,20,,2623,29,0,5,0,70,,2641,58,0,5,0,30,,2642,58,0,5,0,75,,2658,58,0,8,0,10,,2645,58,0,8,0,35,,2646,58,0,8,0,70,,2647,58,0,8,0,100,,2648,58,0,8,0,20,,2649,58,0,8,0,100,,2643,58,0,5,0,87,,2644,58,0,5,0
201,'Saturday-01',647,,2849,39,,,0,70,,2850,39,,,0,30,,2851,39,,,0,70,,2852,39,,,0,30,,2853,39,,,0,70,,2854,39,,,0,30,,2855,39,,,0,70,,2856,39,,,0,30,,2857,39,,,0,70,,2858,39,,,0,30,,2859,39,,,0,70,,2860,39,,,0,30,,2861,39,,,0,70,,2862,39,,,0,30,,2863,39,,,0,70,,2864,39,,,0,30,,2865,39,,,0,70,,2866,39,,,0,30,,2867,39,,,0,70,,2868,39,,,0,30,,2869,39,,,0,70,,2870,39,,,0,30,,2871,39,,,0,70,,2872,39,,,0,30,,2873,39,,,0,70,,2874,39,,,0,30,,2875,39,,,0,70,,2876,39,,,0,30,,2877,39,,,0,70,,2878,39,,,0,100,,2879,39,,,0,100,,2880,39,,,0,100,,2881,39,,,0
201,'Sunday-01',833,,2882,39,,,0,70,,2883,39,,,0,30,,2884,39,,,0,70,,2885,39,,,0,30,,2886,39,,,0,70,,2887,39,,,0,30,,2888,39,,,0,70,,2889,39,,,0,30,,2890,39,,,0,70,,2891,39,,,0,30,,2892,39,,,0,70,,2893,39,,,0,30,,2894,39,,,0,70,,2895,39,,,0,30,,2896,39,,,0,70,,2897,39,,,0,30,,2898,39,,,0,70,,2899,39,,,0,30,,2900,39,,,0,70,,2901,39,,,0
201,'Weekday-01',617,,2904,39,,,0,30,,2905,39,,,0,55,,2906,39,,,0,15,,2907,39,,,0,15,,2908,39,,,0,15,,2909,39,,,0,55,,2910,39,,,0,15,,2945,39,,,0,15,,2911,39,,,0,15,,2912,39,,,0,70,,2944,39,,,0,30,,2913,39,,,0,70,,2914,39,,,0,30,,2915,39,,,0,70,,2916,39,,,0,30,,2917,39,,,0,70,,2918,39,,,0,30,,2919,39,,,0,70,,2920,39,,,0,25,,2921,39,,,0,70,,2922,39,,,0,35,,2923,39,,,0,70,,2924,39,,,0,15,,2925,39,,,0,15,,2926,39,,,0,55,,2927,39,,,0,15,,2928,39,,,0,15,,2929,39,,,0,15,,2930,39,,,0,55,,2931,39,,,0,15,,2932,39,,,0,30,,2933,39,,,0,70,,2934,39,,,0,30,,2935,39,,,0,70,,2936,39,,,0,30,,2937,39,,,0,70,,2938,39,,,0,30,,2939,39,,,0,70,,2940,39,,,0,100,,2941,39,,,0,100,,2942,39,,,0,100,,2943,39,,,0
301,'Saturday-01',707,,3065,17,,,0,30,,3042,17,,,0,70,,3043,17,,,0,30,,3044,17,,,0,70,,3045,17,,,0,30,,3046,17,,,0,70,,3047,17,,,0,30,,3048,17,,,0,70,,3049,17,,,0,30,,3066,17,,,0,70,,3050,17,,,0,30,,3067,17,,,0,70,,3068,17,,,0,30,,3069,17,,,0,70,,3070,17,,,0,30,,3051,17,,,0,70,,3052,17,,,0,30,,3071,17,,,0,70,,3053,17,,,0,30,,3054,17,,,0,70,,3055,17,,,0,30,,3056,17,,,0,70,,3072,17,,,0,30,,3073,17,,,0,80,,3057,16,,,0,30,,3058,16,,,0,70,,3059,16,,,0,30,,3060,16,,,0,70,,3061,16,,,0,100,,3062,16,,,0,100,,3063,16,,,0,100,,3064,16,,,0
301,'Sunday-01',832,,3074,17,,,0,70,,3085,17,,,0,30,,3086,17,,,0,70,,3087,17,,,0,30,,3088,17,,,0,70,,3089,17,,,0,30,,3090,17,,,0,70,,3091,17,,,0,30,,3092,17,,,0,70,,3093,17,,,0,30,,3094,17,,,0,70,,3075,17,,,0,30,,3076,17,,,0,70,,3077,17,,,0,30,,3078,17,,,0,70,,3079,17,,,0,30,,3080,17,,,0,70,,3081,17,,,0,30,,3082,17,,,0,70,,3083,17,,,0,30,,3084,17,,,0
301,'Weekday-01',602,,3095,17,,,0,30,,3096,17,,,0,70,,3097,17,,,0,15,,3098,17,,,0,15,,3099,17,,,0,15,,3100,17,,,0,55,,3101,17,,,0,15,,3102,17,,,0,15,,3103,17,,,0,70,,3104,17,,,0,30,,3105,17,,,0,70,,3106,17,,,0,30,,3107,17,,,0,70,,3108,17,,,0,30,,3109,17,,,0,70,,3110,17,,,0,30,,3111,17,,,0,70,,3112,17,,,0,30,,3113,17,,,0,70,,3114,17,,,0,30,,3115,17,,,0,70,,3116,17,,,0,15,,3117,17,,,0,15,,3118,17,,,0,15,,3119,17,,,0,55,,3120,17,,,0,30,,3121,17,,,0,15,,3122,17,,,0,55,,3123,17,,,0,15,,3124,17,,,0,30,,3125,17,,,0,70,,3126,16,,,0,30,,3127,16,,,0,70,,3128,16,,,0,30,,3129,16,,,0,70,,3130,16,,,0,30,,3131,16,,,0,70,,3132,16,,,0,30,,3136,16,,,0,70,,3135,17,,,0,100,,3133,16,,,0,100,,3134,16,,,0
500,'Saturday-01',702,,3313,4,,,0,100,,3314,4,,,0,100,,3315,4,,,0,100,,3316,4,,,0,100,,3317,4,,,0,100,,3318,4,,,0,100,,3319,4,,,0,100,,3320,4,,,0,100,,3321,4,,,0,100,,3322,4,,,0,100,,3323,4,,,0,100,,3324,4,,,0
500,'Weekday-01',612,,3325,4,,,0,30,,3326,4,,,0,70,,3327,4,,,0,30,,3328,4,,,0,70,,3329,4,,,0,90,,3330,4,,,0,100,,3331,4,,,0,100,,3332,4,,,0,100,,3333,4,,,0,100,,3334,4,,,0,100,,3335,4,,,0,100,,3336,4,,,0,110,,3337,4,,,0,30,,3338,4,,,0,70,,3339,4,,,0,35,,3340,4,,,0
