100,'Saturday-01',614,,2565,25,0,5,0,30,,2566,25,0,5,0,100,,2571,25,0,5,0,70,,2572,25,0,5,0,30,,2573,25,0,5,0,70,,2574,25,0,5,0,30,,2575,25,0,5,0,70,,2576,25,0,5,0,30,,2577,25,0,5,0,70,,2578,25,0,5,0,30,,2579,25,0,5,0,70,,2567,25,0,5,0,30,,2568,25,0,5,0,70,,2589,25,0,5,0,30,,2590,25,0,5,0,60,,2569,25,0,5,0,30,,2570,25,0,5,0,70,,2585,25,0,5,0,30,,2586,25,0,5,0,70,,2587,25,0,5,0,30,,2588,25,0,5,0,70,,2591,25,0,5,0,30,,2592,25,0,5,0,70,,2593,25,0,5,0,109,,2580,54,0,5,0,30,,2581,54,0,5,0,70,,2594,54,0,5,0,43,,2595,54,0,5,0,70,,2582,54,0,5,0,95,,2596,54,0,5,0,85,,2597,54,0,5,0,18,,2598,54,0,5,0,105,,2583,54,0,5,0
100,'Sunday-01',811,,2602,54,0,5,0,100,,2603,54,0,5,0,100,,2604,54,0,5,0,100,,2605,54,0,5,0,100,,2607,54,0,5,0,100,,2608,54,0,5,0,105,,2609,54,0,5,0,100,,2610,54,0,5,0,105,,2611,54,0,5,0,100,,2606,54,0,5,0,107,,2600,54,0,5,0
100,'Weekday-01',614,,2624,25,0,8,0,10,,2650,25,0,8,0,5,,2625,25,0,8,0,15,,2626,25,0,8,0,15,,2627,25,0,8,0,60,,2613,25,0,5,0,15,,2630,25,0,8,0,15,,2614,25,0,5,0,60,,2615,25,0,5,0,20,,2616,25,0,5,0,30,,2617,25,0,5,0,60,,2618,25,0,5,0,20,,2619,25,0,5,0,75,,2635,27,0,5,0,30,,2636,27,0,5,0,70,,2637,27,0,5,0,30,,2638,27,0,5,0,70,,2631,27,0,8,0,30,,2632,27,0,8,0,70,,2628,25,0,8,0,30,,2629,25,0,8,0,70,,2633,27,0,8,0,30,,2634,27,0,8,0,70,,2657,27,0,8,0,10,,2651,25,0,8,0,20,,2639,27,0,5,0,10,,2652,25,0,8,0,60,,2640,27,0,5,0,10,,2653,25,0,8,0,15,,2620,25,0,5,0,15,,2654,25,0,8,0,55,,2621,25,0,5,0,15,,2655,25,0,8,0,15,,2622,25,0,5,0,70,,2656,25,0,8,0,20,,2623,25,0,5,0,30,,2641,54,0,5,0,70,,2642,54,0,5,0,75,,2658,54,0,8,0,10,,2645,54,0,8,0,35,,2646,54,0,8,0,70,,2647,54,0,8,0,100,,2648,54,0,8,0,20,,2649,54,0,8,0,100,,2643,54,0,5,0,88,,2644,54,0,5,0
201,'Saturday-01',643,,2849,35,,,0,70,,2850,35,,,0,30,,2851,35,,,0,70,,2852,35,,,0,30,,2853,35,,,0,70,,2854,35,,,0,30,,2855,35,,,0,70,,2856,35,,,0,30,,2857,35,,,0,70,,2858,35,,,0,30,,2859,35,,,0,70,,2860,35,,,0,30,,2861,35,,,0,70,,2862,35,,,0,30,,2863,35,,,0,70,,2864,35,,,0,30,,2865,35,,,0,70,,2866,35,,,0,30,,2867,35,,,0,70,,2868,35,,,0,30,,2869,35,,,0,70,,2870,35,,,0,30,,2871,35,,,0,70,,2872,35,,,0,30,,2873,35,,,0,70,,2874,35,,,0,30,,2875,35,,,0,70,,2876,35,,,0,30,,2877,35,,,0,70,,2878,35,,,0,100,,2879,35,,,0,100,,2880,35,,,0,100,,2881,35,,,0
201,'Sunday-01',828,,2882,35,,,0,30,,2883,35,,,0,70,,2884,35,,,0,30,,2885,35,,,0,70,,2886,35,,,0,30,,2887,35,,,0,70,,2888,35,,,0,30,,2889,35,,,0,70,,2890,35,,,0,30,,2891,35,,,0,70,,2892,35,,,0,30,,2893,35,,,0,70,,2894,35,,,0,30,,2895,35,,,0,70,,2896,35,,,0,30,,2897,35,,,0,70,,2898,35,,,0,30,,2899,35,,,0,70,,2900,35,,,0,30,,2901,35,,,0
201,'Weekday-01',613,,2904,35,,,0,30,,2905,35,,,0,15,,2906,35,,,0,55,,2907,35,,,0,15,,2908,35,,,0,15,,2909,35,,,0,15,,2910,35,,,0,55,,2945,35,,,0,15,,2911,35,,,0,15,,2912,35,,,0,15,,2946,35,,,0,55,,2944,35,,,0,30,,2913,35,,,0,70,,2914,35,,,0,30,,2915,35,,,0,70,,2916,35,,,0,30,,2917,35,,,0,70,,2918,35,,,0,30,,2919,35,,,0,70,,2920,35,,,0,25,,2921,35,,,0,70,,2922,35,,,0,35,,2923,35,,,0,70,,2924,35,,,0,15,,2925,35,,,0,15,,2926,35,,,0,14,,2927,35,,,0,56,,2928,35,,,0,15,,2929,35,,,0,15,,2930,35,,,0,15,,2931,35,,,0,55,,2932,35,,,0,30,,2933,35,,,0,70,,2934,35,,,0,30,,2935,35,,,0,70,,2936,35,,,0,30,,2937,35,,,0,70,,2938,35,,,0,30,,2939,35,,,0,70,,2940,35,,,0,100,,2941,35,,,0,100,,2942,35,,,0,100,,2943,35,,,0
301,'Saturday-01',704,,3065,13,,,0,30,,3042,13,,,0,70,,3043,13,,,0,30,,3044,13,,,0,70,,3045,13,,,0,30,,3046,13,,,0,70,,3047,13,,,0,30,,3048,13,,,0,70,,3049,13,,,0,30,,3066,13,,,0,70,,3050,13,,,0,30,,3067,13,,,0,70,,3068,13,,,0,30,,3069,13,,,0,70,,3070,13,,,0,30,,3051,13,,,0,70,,3052,13,,,0,30,,3071,13,,,0,70,,3053,13,,,0,30,,3054,13,,,0,70,,3055,13,,,0,30,,3056,13,,,0,70,,3072,13,,,0,31,,3073,13,,,0,79,,3057,12,,,0,30,,3058,12,,,0,70,,3059,12,,,0,30,,3060,12,,,0,70,,3061,12,,,0,100,,3062,12,,,0,100,,3063,12,,,0,100,,3064,12,,,0
301,'Sunday-01',829,,3074,13,,,0,30,,3085,13,,,0,70,,3086,13,,,0,30,,3087,13,,,0,70,,3088,13,,,0,30,,3089,13,,,0,70,,3090,13,,,0,30,,3091,13,,,0,70,,3092,13,,,0,30,,3093,13,,,0,70,,3094,13,,,0,30,,3075,13,,,0,70,,3076,13,,,0,30,,3077,13,,,0,70,,3078,13,,,0,30,,3079,13,,,0,70,,3080,13,,,0,30,,3081,13,,,0,70,,3082,13,,,0,30,,3083,13,,,0,70,,3084,13,,,0
301,'Weekday-01',559,,3095,13,,,0,70,,3096,13,,,0,30,,3097,13,,,0,55,,3098,13,,,0,15,,3099,13,,,0,15,,3100,13,,,0,15,,3101,13,,,0,55,,3102,13,,,0,15,,3103,13,,,0,30,,3104,13,,,0,70,,3105,13,,,0,30,,3106,13,,,0,70,,3107,13,,,0,30,,3108,13,,,0,70,,3109,13,,,0,30,,3110,13,,,0,70,,3111,13,,,0,30,,3112,13,,,0,70,,3113,13,,,0,30,,3114,13,,,0,70,,3115,13,,,0,30,,3116,13,,,0,55,,3117,13,,,0,15,,3118,13,,,0,15,,3119,13,,,0,15,,3120,13,,,0,70,,3121,13,,,0,15,,3122,13,,,0,15,,3123,13,,,0,55,,3124,13,,,0,30,,3125,13,,,0,70,,3126,12,,,0,30,,3127,12,,,0,70,,3128,12,,,0,30,,3129,12,,,0,70,,3130,12,,,0,30,,3131,12,,,0,70,,3132,12,,,0,30,,3136,12,,,0,70,,3135,13,,,0,100,,3133,12,,,0,100,,3134,12,,,0
400,'Saturday-01',644,,3169,43,,,0,70,,3137,43,,,0,30,,3168,43,,,0,70,,3167,43,,,0,30,,3138,43,,,0,70,,3166,43,,,0,30,,3139,43,,,0,70,,3165,43,,,0,30,,3164,43,,,0,70,,3140,43,,,0,30,,3163,43,,,0,70,,3141,43,,,0,30,,3142,43,,,0,70,,3162,43,,,0,30,,3161,43,,,0,70,,3143,43,,,0,30,,3160,43,,,0,70,,3159,43,,,0,30,,3144,43,,,0,70,,3145,43,,,0,30,,3146,43,,,0,70,,3158,43,,,0,30,,3157,43,,,0,70,,3156,43,,,0,30,,3147,43,,,0,70,,3148,43,,,0,30,,3155,43,,,0,70,,3154,43,,,0,30,,3153,43,,,0,70,,3149,43,,,0,100,,3152,43,,,0,100,,3151,43,,,0,100,,3150,43,,,0
400,'Sunday-01',829,,3170,43,,,0,30,,3181,43,,,0,70,,3171,43,,,0,30,,3182,43,,,0,70,,3172,43,,,0,30,,3183,43,,,0,70,,3173,43,,,0,30,,3184,43,,,0,70,,3174,43,,,0,30,,3185,43,,,0,70,,3175,43,,,0,30,,3186,43,,,0,70,,3176,43,,,0,30,,3187,43,,,0,70,,3177,43,,,0,30,,3188,43,,,0,70,,3178,43,,,0,30,,3189,43,,,0,70,,3179,43,,,0,30,,3190,43,,,0,70,,3180,43,,,0
400,'Weekday-01',614,,3191,43,,,0,30,,3192,43,,,0,70,,3193,43,,,0,30,,3194,43,,,0,70,,3195,43,,,0,30,,3196,43,,,0,70,,3197,43,,,0,30,,3198,43,,,0,70,,3199,43,,,0,30,,3200,43,,,0,70,,3201,43,,,0,30,,3202,43,,,0,70,,3203,43,,,0,30,,3204,43,,,0,70,,3205,43,,,0,30,,3206,43,,,0,70,,3207,43,,,0,30,,3208,43,,,0,70,,3209,43,,,0,30,,3210,43,,,0,70,,3211,43,,,0,30,,3212,43,,,0,70,,3213,43,,,0,30,,3214,43,,,0,70,,3215,43,,,0,30,,3216,43,,,0,70,,3217,43,,,0,30,,3218,43,,,0,70,,3219,43,,,0,30,,3220,43,,,0,70,,3221,43,,,0,100,,3222,43,,,0,100,,3223,43,,,0,100,,3224,43,,,0
501,'Saturday-01',659,,3342,39,,,0,100,,3343,39,,,0,100,,3344,39,,,0,100,,3345,39,,,0,100,,3346,39,,,0,100,,3347,39,,,0,100,,3348,39,,,0,100,,3349,39,,,0,100,,3350,39,,,0,100,,3351,39,,,0,100,,3352,39,,,0,100,,3353,39,,,0
501,'Weekday-01',609,,3355,39,,,0,30,,3356,39,,,0,70,,3357,39,,,0,30,,3358,39,,,0,70,,3359,39,,,0,35,,3371,43,,,0,65,,3360,39,,,0,50,,3361,39,,,0,100,,3362,39,,,0,100,,3363,39,,,0,100,,3364,39,,,0,100,,3365,39,,,0,100,,3366,39,,,0,150,,3367,39,,,0,30,,3372,39,,,0,70,,3368,39,,,0,30,,3369,39,,,0
701,'Saturday-01',629,,3489,54,,,0,100,,3490,54,,,0,30,,3491,54,,,0,70,,3492,54,,,0,30,,3493,54,,,0,70,,3494,54,,,0,30,,3495,54,,,0,70,,3496,54,,,0,30,,3497,54,,,0,70,,3498,54,,,0,30,,3499,54,,,0,70,,3500,54,,,0,30,,3501,54,,,0,70,,3502,54,,,0,30,,3503,54,,,0,70,,3504,54,,,0,30,,3505,54,,,0,70,,3506,54,,,0,30,,3507,54,,,0,70,,3508,54,,,0,30,,3509,54,,,0,70,,3510,54,,,0,30,,3511,54,,,0,70,,3512,54,,,0,30,,3513,54,,,0,100,,3516,54,,,0,85,,3517,54,,,0,70,,3518,54,,,0,100,,3519,54,,,0,100,,3520,54,,,0,100,,3515,54,,,0
701,'Sunday-01',829,,3521,54,,,0,30,,3522,54,,,0,70,,3523,54,,,0,30,,3524,54,,,0,70,,3525,54,,,0,30,,3526,54,,,0,70,,3527,54,,,0,30,,3528,54,,,0,70,,3529,54,,,0,30,,3530,54,,,0,70,,3531,54,,,0,30,,3532,54,,,0,70,,3533,54,,,0,30,,3534,54,,,0,70,,3535,54,,,0,30,,3536,54,,,0,70,,3537,54,,,0,30,,3538,54,,,0,70,,3539,54,,,0,30,,3540,54,,,0,70,,3541,54,,,0
701,'Weekday-01',559,,3542,54,,,0,70,,3543,54,,,0,30,,3544,54,,,0,60,,3545,54,,,0,10,,3546,54,,,0,15,,3547,54,,,0,15,,3548,54,,,0,55,,3549,54,,,0,15,,3550,54,,,0,30,,3551,54,,,0,70,,3552,54,,,0,30,,3553,54,,,0,70,,3554,54,,,0,30,,3555,54,,,0,70,,3556,54,,,0,30,,3557,54,,,0,70,,3558,54,,,0,30,,3559,54,,,0,70,,3560,54,,,0,30,,3561,54,,,0,70,,3562,54,,,0,30,,3563,54,,,0,70,,3564,54,,,0,30,,3565,54,,,0,65,,3566,54,,,0,30,,3567,54,,,0,75,,3568,54,,,0,30,,3569,54,,,0,70,,3570,54,,,0,30,,3571,54,,,0,100,,3572,54,,,0,85,,3573,54,,,0,70,,3574,54,,,0,100,,3575,54,,,0,100,,3576,54,,,0,100,,3577,54,,,0
800,'Saturday-01',644,,3579,49,,,0,100,,3580,49,,,0,100,,3581,49,,,0,70,,3584,49,,,0,30,,3585,49,,,0,70,,3586,49,,,0,30,,3587,49,,,0,70,,3588,49,,,0,30,,3589,49,,,0,70,,3590,49,,,0,30,,3591,49,,,0,70,,3592,49,,,0,30,,3593,49,,,0,70,,3594,49,,,0,30,,3583,49,,,0,70,,3582,49,,,0,30,,3601,49,,,0,70,,3600,49,,,0,30,,3599,49,,,0,70,,3598,49,,,0,30,,3597,49,,,0,70,,3595,49,,,0,100,,3596,49,,,0,100,,3602,49,,,0,100,,3603,49,,,0
800,'Sunday-01',829,,3604,49,,,0,100,,3605,49,,,0,100,,3606,49,,,0,100,,3607,49,,,0,100,,3608,49,,,0,100,,3609,49,,,0,100,,3610,49,,,0,100,,3611,49,,,0,100,,3612,49,,,0,100,,3613,49,,,0,100,,3614,49,,,0
800,'Weekday-01',544,,3639,49,,,0,75,,3640,49,,,0,35,,3638,49,,,0,75,,3637,49,,,0,75,,3615,49,,,0,35,,3616,49,,,0,75,,3617,49,,,0,35,,3618,49,,,0,75,,3619,49,,,0,35,,3620,49,,,0,75,,3621,49,,,0,75,,3622,49,,,0,35,,3623,49,,,0,75,,3624,49,,,0,35,,3625,49,,,0,75,,3626,49,,,0,75,,3627,49,,,0,35,,3628,49,,,0,75,,3629,49,,,0,35,,3630,49,,,0,75,,3631,49,,,0,35,,3632,49,,,0,75,,3633,49,,,0,110,,3634,49,,,0,110,,3635,49,,,0,150,,3636,49,,,0
901,'Saturday-01',644,,3790,33,,,0,70,,3791,33,,,0,30,,3792,33,,,0,70,,3793,33,,,0,30,,3794,33,,,0,70,,3795,33,,,0,30,,3796,33,,,0,70,,3797,33,,,0,30,,3798,33,,,0,70,,3799,33,,,0,30,,3800,33,,,0,70,,3801,33,,,0,30,,3802,33,,,0,70,,3803,33,,,0,30,,3804,33,,,0,70,,3805,33,,,0,30,,3806,33,,,0,70,,3807,33,,,0,30,,3808,33,,,0,70,,3809,33,,,0,30,,3810,33,,,0,70,,3811,33,,,0,30,,3812,33,,,0,70,,3813,33,,,0,45,,3814,33,,,0,85,,3815,33,,,0,85,,3816,33,,,0,30,,3817,33,,,0,85,,3818,33,,,0,100,,3819,33,,,0,100,,3820,33,,,0
901,'Sunday-01',814,,3839,33,,,0,30,,3829,33,,,0,70,,3840,33,,,0,30,,3830,33,,,0,70,,3841,33,,,0,30,,3831,33,,,0,70,,3821,33,,,0,30,,3832,33,,,0,70,,3822,33,,,0,30,,3833,33,,,0,70,,3823,33,,,0,30,,3834,33,,,0,70,,3824,33,,,0,30,,3835,33,,,0,70,,3825,33,,,0,30,,3836,33,,,0,70,,3826,33,,,0,30,,3837,33,,,0,70,,3827,33,,,0,30,,3838,33,,,0,70,,3828,33,,,0
901,'Weekday-01',609,,3842,33,,,0,30,,3843,33,,,0,70,,3844,33,,,0,30,,3845,33,,,0,70,,3846,33,,,0,35,,3847,33,,,0,70,,3848,33,,,0,30,,3849,33,,,0,70,,3850,33,,,0,30,,3851,33,,,0,70,,3852,33,,,0,30,,3853,33,,,0,70,,3854,33,,,0,30,,3855,33,,,0,70,,3856,33,,,0,30,,3857,33,,,0,70,,3858,33,,,0,30,,3859,33,,,0,70,,3860,33,,,0,15,,3861,33,,,0,15,,3862,33,,,0,15,,3863,33,,,0,55,,3864,33,,,0,15,,3865,33,,,0,15,,3866,33,,,0,15,,3867,33,,,0,55,,3868,33,,,0,30,,3869,33,,,0,70,,3870,33,,,0,45,,3871,33,,,0,85,,3872,33,,,0,85,,3873,33,,,0,30,,3874,33,,,0,85,,3875,33,,,0,100,,3876,33,,,0,100,,3877,33,,,0
1001,'Saturday-01',638,,3946,35,,,0,100,,3947,35,,,0,100,,3948,35,,,0,70,,3949,35,,,0,30,,3950,35,,,0,70,,3951,35,,,0,30,,3952,35,,,0,70,,3953,35,,,0,30,,3954,35,,,0,70,,3955,35,,,0,30,,3956,35,,,0,70,,3957,35,,,0,30,,3958,35,,,0,70,,3959,35,,,0,30,,3960,35,,,0,70,,3961,35,,,0,30,,3962,35,,,0,70,,3963,35,,,0,30,,3964,35,,,0,70,,3965,35,,,0,30,,3966,35,,,0,71,,3967,35,,,0,29,,3968,35,,,0,75,,3969,35,,,0,45,,3970,35,,,0,85,,3971,35,,,0,70,,3972,35,,,0,100,,3973,35,,,0
1001,'Sunday-01',828,,3974,35,,,0,100,,3975,35,,,0,100,,3976,35,,,0,100,,3977,35,,,0,100,,3978,35,,,0,100,,3979,35,,,0,100,,3980,35,,,0,100,,3981,35,,,0,100,,3982,35,,,0,100,,3983,35,,,0,100,,3984,35,,,0
1001,'Weekday-01',607,,4017,5,,,0,30,,4003,46,,,0,70,,4004,46,,,0,30,,4005,46,,,0,70,,4006,46,,,0,30,,4007,46,,,0,70,,4008,46,,,0,31,,3985,35,,,0,70,,3986,35,,,0,30,,3987,35,,,0,70,,3988,35,,,0,30,,3989,35,,,0,70,,3990,35,,,0,30,,3991,35,,,0,70,,3992,35,,,0,30,,3993,35,,,0,70,,3994,35,,,0,30,,3995,35,,,0,70,,3996,35,,,0,30,,3997,35,,,0,69,,4009,46,,,0,30,,4010,46,,,0,70,,4011,46,,,0,30,,4012,46,,,0,70,,4013,46,,,0,21,,4014,46,,,0,30,,4016,46,,,0,55,,3998,35,,,0,45,,3999,35,,,0,85,,4000,35,,,0,70,,4001,35,,,0,100,,4002,35,,,0
1201,'Saturday-01',643,,4090,38,,,0,100,,4091,38,,,0,100,,4092,38,,,0,70,,4096,48,,,0,30,,4097,48,,,0,70,,4098,48,,,0,30,,4099,48,,,0,70,,4100,48,,,0,30,,4101,48,,,0,70,,4102,48,,,0,30,,4103,48,,,0,70,,4104,48,,,0,30,,4105,48,,,0,70,,4106,48,,,0,30,,4107,48,,,0,70,,4108,48,,,0,30,,4109,48,,,0,70,,4110,48,,,0,30,,4111,48,,,0,70,,4112,48,,,0,30,,4095,48,,,0,70,,4094,48,,,0,100,,4093,35,,,0,100,,4116,35,,,0,100,,4117,35,,,0,100,,4113,35,,,0,100,,4114,35,,,0,100,,4115,35,,,0
1201,'Sunday-01',829,,4118,38,,,0,100,,4119,38,,,0,100,,4120,38,,,0,100,,4121,38,,,0,100,,4122,38,,,0,100,,4123,38,,,0,100,,4124,38,,,0,100,,4125,38,,,0,100,,4126,38,,,0,100,,4127,38,,,0,100,,4128,38,,,0
1201,'Weekday-01',643,,4156,45,,,0,70,,4157,45,,,0,30,,4158,45,,,0,70,,4159,45,,,0,30,,4160,45,,,0,70,,4135,48,,,0,30,,4146,48,,,0,70,,4147,48,,,0,30,,4148,48,,,0,70,,4149,48,,,0,30,,4150,48,,,0,70,,4151,48,,,0,30,,4152,48,,,0,70,,4153,48,,,0,30,,4136,48,,,0,70,,4137,48,,,0,30,,4138,48,,,0,70,,4139,48,,,0,30,,4145,48,,,0,70,,4140,48,,,0,30,,4141,48,,,0,70,,4142,48,,,0,30,,4143,48,,,0,70,,4144,48,,,0,30,,4154,48,,,0,70,,4129,35,,,0,100,,4130,35,,,0,100,,4131,35,,,0,100,,4132,35,,,0,100,,4133,35,,,0,100,,4134,35,,,0
3001,'Weekday-01',731,,4540,7,,,0,70,,4534,7,,,0,30,,4541,7,,,0,70,,4542,7,,,0,30,,4543,7,,,0,70,,4544,7,,,0,30,,4535,7,,,0,70,,4536,7,,,0,30,,4545,7,,,0,78,,4546,7,,,0,30,,4547,7,,,0,70,,4548,7,,,0,30,,4549,7,,,0,70,,4537,7,,,0,30,,4550,7,,,0,70,,4551,7,,,0,30,,4552,7,,,0,70,,4553,7,,,0,30,,4538,7,,,0,70,,4539,7,,,0,30,,4554,7,,,0
6001,'Saturday-01',654,,4983,32,,,0,80,,4986,32,,,0,80,,4999,32,,,0,40,,4998,32,,,0,80,,4997,32,,,0,80,,5000,32,,,0,40,,5007,32,,,0,80,,5005,32,,,0,80,,5003,32,,,0,40,,4994,32,,,0,80,,4996,32,,,0,80,,4993,32,,,0,40,,5010,32,,,0,80,,5011,32,,,0,80,,5009,32,,,0,40,,5006,32,,,0,80,,5004,32,,,0,80,,4995,32,,,0,40,,4992,32,,,0,80,,5008,32,,,0,80,,5001,32,,,0,40,,5002,32,,,0,80,,4990,32,,,0,80,,4991,32,,,0,40,,4989,32,,,0,80,,4988,32,,,0,80,,4987,32,,,0
6001,'Sunday-01',829,,5012,32,,,0,80,,5016,32,,,0,40,,5019,32,,,0,80,,5017,32,,,0,80,,5018,32,,,0,40,,5020,32,,,0,80,,5021,32,,,0,80,,5022,32,,,0,40,,5023,32,,,0,80,,5025,32,,,0,80,,5026,32,,,0,40,,5024,32,,,0,80,,5027,32,,,0,80,,5028,32,,,0,40,,5015,32,,,0,80,,5014,32,,,0
6001,'Weekday-01',629,,5066,32,,,0,25,,5030,32,,,0,65,,5031,32,,,0,25,,5032,32,,,0,65,,5033,32,,,0,35,,5034,32,,,0,15,,5035,32,,,0,65,,5036,32,,,0,35,,5037,32,,,0,80,,5038,32,,,0,80,,5039,32,,,0,40,,5040,32,,,0,80,,5041,32,,,0,80,,5042,32,,,0,40,,5043,32,,,0,90,,5044,32,,,0,65,,5045,32,,,0,25,,5046,32,,,0,65,,5047,32,,,0,25,,5048,32,,,0,25,,5049,32,,,0,65,,5050,32,,,0,25,,5051,32,,,0,65,,5052,32,,,0,25,,5053,32,,,0,25,,5054,32,,,0,65,,5055,32,,,0,25,,5056,32,,,0,75,,5057,32,,,0,15,,5058,32,,,0,65,,5059,32,,,0,40,,5060,32,,,0,80,,5061,32,,,0,80,,5062,32,,,0,40,,5063,32,,,0,70,,5064,32,,,0
