700,'Saturday-01',647,,3402,50,,,0,100,,3403,50,,,0,70,,3404,50,,,0,30,,3405,50,,,0,70,,3406,50,,,0,30,,3407,50,,,0,70,,3408,50,,,0,30,,3409,50,,,0,70,,3410,50,,,0,30,,3411,50,,,0,70,,3412,50,,,0,30,,3413,50,,,0,70,,3414,50,,,0,30,,3415,50,,,0,70,,3416,50,,,0,30,,3417,50,,,0,70,,3418,50,,,0,30,,3419,50,,,0,70,,3420,50,,,0,30,,3421,50,,,0,70,,3422,50,,,0,30,,3423,50,,,0,70,,3424,50,,,0,85,,3425,50,,,0,45,,3426,50,,,0,70,,3427,50,,,0,99,,3428,50,,,0,100,,3429,50,,,0,100,,3430,50,,,0,100,,3431,50,,,0
700,'Sunday-01',847,,3442,50,,,0,70,,3443,50,,,0,30,,3444,50,,,0,70,,3445,50,,,0,30,,3446,50,,,0,70,,3447,50,,,0,30,,3448,50,,,0,70,,3449,50,,,0,30,,3450,50,,,0,70,,3451,50,,,0,30,,3441,50,,,0,70,,3437,50,,,0,30,,3432,50,,,0,70,,3433,50,,,0,30,,3434,50,,,0,70,,3435,50,,,0,30,,3436,50,,,0,70,,3438,50,,,0,30,,3439,50,,,0,70,,3440,50,,,0
700,'Weekday-01',617,,3452,50,,,0,30,,3453,50,,,0,55,,3454,50,0,7,0,15,,3455,50,,,0,15,,3456,50,,,0,15,,3457,50,,,0,56,,3458,50,,,0,14,,3459,50,,,0,15,,3460,50,,,0,15,,3461,50,,,0,55,,3462,50,,,0,15,,3463,50,,,0,30,,3464,50,,,0,70,,3465,50,,,0,30,,3466,50,,,0,70,,3467,50,,,0,30,,3468,50,,,0,70,,3469,50,,,0,30,,3470,50,,,0,70,,3471,50,,,0,30,,3472,50,,,0,70,,3473,50,,,0,30,,3474,50,,,0,65,,3475,50,,,0,30,,3476,50,,,0,70,,3477,50,,,0,30,,3478,50,,,0,70,,3479,50,,,0,30,,3480,50,,,0,75,,3481,50,,,0,85,,3482,50,,,0,45,,3483,50,,,0,69,,3484,50,,,0,100,,3485,50,,,0,100,,3486,50,,,0,100,,3487,50,,,0,100,,3488,50,,,0
801,'Saturday-01',653,,3643,50,,,0,100,,3644,50,,,0,100,,3645,50,,,0,70,,3665,5,,,0,30,,3646,50,,,0,70,,3647,50,,,0,30,,3648,50,,,0,70,,3649,50,,,0,30,,3650,50,,,0,70,,3651,50,,,0,30,,3652,50,,,0,70,,3653,50,,,0,30,,3654,50,,,0,70,,3655,50,,,0,30,,3656,50,,,0,70,,3657,50,,,0,30,,3658,50,,,0,70,,3659,50,,,0,30,,3660,50,,,0,70,,3661,50,,,0,30,,3662,50,,,0,65,,3642,50,,,0,100,,3641,50,,,0,100,,3664,50,,,0,100,,3663,50,,,0
801,'Sunday-01',833,,3666,50,,,0,100,,3667,50,,,0,100,,3668,50,,,0,100,,3669,50,,,0,100,,3670,50,,,0,100,,3671,50,,,0,100,,3672,50,,,0,100,,3673,50,,,0,100,,3674,50,,,0,100,,3675,50,,,0,100,,3676,50,,,0
801,'Weekday-01',558,,3677,50,,,0,75,,3678,50,,,0,75,,3679,50,,,0,35,,3680,50,,,0,75,,3681,50,,,0,35,,3682,50,,,0,75,,3683,50,,,0,75,,3684,50,,,0,35,,3685,50,,,0,75,,3686,50,,,0,35,,3687,50,,,0,75,,3688,50,,,0,35,,3689,50,,,0,75,,3690,50,,,0,75,,3691,50,,,0,35,,3692,50,,,0,75,,3693,50,,,0,35,,3694,50,,,0,75,,3695,50,,,0,75,,3696,50,,,0,35,,3697,50,,,0,110,,3698,50,,,0,110,,3699,50,,,0,150,,3700,50,,,0
1500,'Saturday-01',814,,4161,5,,,0,90,,4163,27,,,0,50,,4164,27,,,0,90,,4165,27,,,0,90,,4166,27,,,0,90,,4167,27,,,0,90,,4168,27,,,0,90,,4169,27,,,0,50,,4170,27,,,0,90,,4171,27,,,0,90,,4172,27,,,0,90,,4173,27,,,0,88,,4162,27,,,0
1500,'Weekday-01',814,,4186,5,,,0,90,,4174,27,,,0,50,,4176,27,,,0,90,,4177,27,,,0,90,,4178,27,,,0,90,,4179,27,,,0,90,,4180,27,,,0,90,,4181,27,,,0,50,,4182,27,,,0,90,,4183,27,,,0,90,,4184,27,,,0,90,,4185,27,,,0,88,,4175,27,,,0
6000,'Saturday-01',701,,4905,5,,,0,40,,4906,5,,,0,80,,4907,5,,,0,80,,4908,5,,,0,40,,4909,5,,,0,80,,4910,5,,,0,80,,4911,5,,,0,40,,4912,5,,,0,80,,4913,5,,,0,80,,4914,5,,,0,40,,4915,5,,,0,80,,4916,5,,,0,80,,4917,5,,,0,40,,4918,5,,,0,80,,4919,5,,,0,80,,4920,5,,,0,40,,4921,5,,,0,80,,4922,5,,,0,80,,4923,5,,,0,40,,4924,5,,,0,80,,4925,5,,,0,80,,4926,5,,,0,40,,4927,5,,,0,80,,4928,5,,,0,80,,4929,5,,,0,37,,4930,5,,,0,80,,4931,5,,,0
6000,'Sunday-01',836,,4932,5,,,0,80,,4935,5,,,0,40,,4936,5,,,0,80,,4937,5,,,0,80,,4938,5,,,0,40,,4939,5,,,0,80,,4940,5,,,0,80,,4941,5,,,0,40,,4942,5,,,0,80,,4943,5,,,0,80,,4944,5,,,0,40,,4945,5,,,0,80,,4946,5,,,0,80,,4947,5,,,0,40,,4933,5,,,0,80,,4934,5,,,0
6000,'Weekday-01',636,,4981,5,,,0,65,,4948,5,,,0,25,,4949,5,,,0,25,,4950,5,,,0,65,,4951,5,,,0,35,,4952,5,,,0,80,,4953,5,,,0,75,,4954,5,,,0,40,,4955,5,,,0,80,,4956,5,,,0,80,,4957,5,,,0,40,,4958,5,,,0,80,,4959,5,,,0,80,,4960,5,,,0,25,,4961,5,,,0,25,,4962,5,,,0,65,,4963,5,,,0,25,,4964,5,,,0,65,,4965,5,,,0,25,,4966,5,,,0,65,,4967,5,,,0,25,,4968,5,,,0,25,,4969,5,,,0,65,,4970,5,,,0,25,,4971,5,,,0,65,,4972,5,,,0,25,,4973,5,,,0,25,,4974,5,,,0,75,,4975,5,,,0,80,,4976,5,,,0,40,,4977,5,,,0,80,,4978,5,,,0,80,,4979,5,,,0,37,,4980,5,,,0,70,,4982,5,,,0
