700,'Saturday-01',646,,3402,48,,,0,100,,3403,48,,,0,70,,3404,48,,,0,30,,3405,48,,,0,70,,3406,48,,,0,30,,3407,48,,,0,70,,3408,48,,,0,30,,3409,48,,,0,70,,3410,48,,,0,30,,3411,48,,,0,70,,3412,48,,,0,30,,3413,48,,,0,70,,3414,48,,,0,30,,3415,48,,,0,70,,3416,48,,,0,30,,3417,48,,,0,70,,3418,48,,,0,30,,3419,48,,,0,70,,3420,48,,,0,30,,3421,48,,,0,70,,3422,48,,,0,30,,3423,48,,,0,70,,3424,48,,,0,85,,3425,48,,,0,45,,3426,48,,,0,70,,3427,48,,,0,99,,3428,48,,,0,100,,3429,48,,,0,100,,3430,48,,,0,100,,3431,48,,,0
700,'Sunday-01',846,,3442,48,,,0,70,,3443,48,,,0,30,,3444,48,,,0,70,,3445,48,,,0,30,,3446,48,,,0,70,,3447,48,,,0,30,,3448,48,,,0,70,,3449,48,,,0,30,,3450,48,,,0,70,,3451,48,,,0,30,,3441,48,,,0,70,,3437,48,,,0,30,,3432,48,,,0,70,,3433,48,,,0,30,,3434,48,,,0,70,,3435,48,,,0,30,,3436,48,,,0,70,,3438,48,,,0,30,,3439,48,,,0,70,,3440,48,,,0
700,'Weekday-01',616,,3452,48,,,0,30,,3453,48,,,0,55,,3454,48,0,7,0,15,,3455,48,,,0,15,,3456,48,,,0,15,,3457,48,,,0,55,,3458,48,,,0,15,,3459,48,,,0,15,,3460,48,,,0,15,,3461,48,,,0,55,,3462,48,,,0,15,,3463,48,,,0,30,,3464,48,,,0,70,,3465,48,,,0,30,,3466,48,,,0,70,,3467,48,,,0,30,,3468,48,,,0,70,,3469,48,,,0,30,,3470,48,,,0,70,,3471,48,,,0,30,,3472,48,,,0,70,,3473,48,,,0,30,,3474,48,,,0,65,,3475,48,,,0,30,,3476,48,,,0,70,,3477,48,,,0,30,,3478,48,,,0,70,,3479,48,,,0,30,,3480,48,,,0,75,,3481,48,,,0,85,,3482,48,,,0,45,,3483,48,,,0,70,,3484,48,,,0,100,,3485,48,,,0,100,,3486,48,,,0,100,,3487,48,,,0,100,,3488,48,,,0
801,'Saturday-01',651,,3643,48,,,0,100,,3644,48,,,0,100,,3645,48,,,0,70,,3665,3,,,0,30,,3646,48,,,0,70,,3647,48,,,0,30,,3648,48,,,0,70,,3649,48,,,0,30,,3650,48,,,0,70,,3651,48,,,0,30,,3652,48,,,0,70,,3653,48,,,0,30,,3654,48,,,0,70,,3655,48,,,0,30,,3656,48,,,0,70,,3657,48,,,0,30,,3658,48,,,0,70,,3659,48,,,0,30,,3660,48,,,0,70,,3661,48,,,0,30,,3662,48,,,0,65,,3642,48,,,0,100,,3641,48,,,0,100,,3664,48,,,0,100,,3663,48,,,0
801,'Sunday-01',831,,3666,48,,,0,100,,3667,48,,,0,100,,3668,48,,,0,100,,3669,48,,,0,100,,3670,48,,,0,100,,3671,48,,,0,100,,3672,48,,,0,100,,3673,48,,,0,100,,3674,48,,,0,100,,3675,48,,,0,100,,3676,48,,,0
801,'Weekday-01',557,,3677,48,,,0,75,,3678,48,,,0,75,,3679,48,,,0,35,,3680,48,,,0,75,,3681,48,,,0,35,,3682,48,,,0,75,,3683,48,,,0,75,,3684,48,,,0,35,,3685,48,,,0,75,,3686,48,,,0,35,,3687,48,,,0,75,,3688,48,,,0,35,,3689,48,,,0,75,,3690,48,,,0,75,,3691,48,,,0,35,,3692,48,,,0,75,,3693,48,,,0,35,,3694,48,,,0,75,,3695,48,,,0,75,,3696,48,,,0,35,,3697,48,,,0,110,,3698,48,,,0,110,,3699,48,,,0,150,,3700,48,,,0
1500,'Saturday-01',812,,4161,3,,,0,90,,4163,25,,,0,50,,4164,25,,,0,90,,4165,25,,,0,90,,4166,25,,,0,90,,4167,25,,,0,90,,4168,25,,,0,90,,4169,25,,,0,50,,4170,25,,,0,90,,4171,25,,,0,90,,4172,25,,,0,90,,4173,25,,,0,89,,4162,25,,,0
1500,'Weekday-01',812,,4186,3,,,0,90,,4174,25,,,0,50,,4176,25,,,0,90,,4177,25,,,0,90,,4178,25,,,0,90,,4179,25,,,0,90,,4180,25,,,0,90,,4181,25,,,0,50,,4182,25,,,0,90,,4183,25,,,0,90,,4184,25,,,0,90,,4185,25,,,0,89,,4175,25,,,0
6000,'Saturday-01',659,,4905,3,,,0,80,,4906,3,,,0,80,,4907,3,,,0,40,,4908,3,,,0,80,,4909,3,,,0,80,,4910,3,,,0,40,,4911,3,,,0,80,,4912,3,,,0,80,,4913,3,,,0,40,,4914,3,,,0,80,,4915,3,,,0,80,,4916,3,,,0,40,,4917,3,,,0,80,,4918,3,,,0,80,,4919,3,,,0,40,,4920,3,,,0,80,,4921,3,,,0,80,,4922,3,,,0,40,,4923,3,,,0,80,,4924,3,,,0,80,,4925,3,,,0,40,,4926,3,,,0,80,,4927,3,,,0,80,,4928,3,,,0,40,,4929,3,,,0,78,,4930,3,,,0,80,,4931,3,,,0
6000,'Sunday-01',834,,4932,3,,,0,80,,4935,3,,,0,40,,4936,3,,,0,80,,4937,3,,,0,80,,4938,3,,,0,40,,4939,3,,,0,80,,4940,3,,,0,80,,4941,3,,,0,40,,4942,3,,,0,80,,4943,3,,,0,80,,4944,3,,,0,40,,4945,3,,,0,80,,4946,3,,,0,80,,4947,3,,,0,40,,4933,3,,,0,80,,4934,3,,,0
6000,'Weekday-01',634,,4981,3,,,0,25,,4948,3,,,0,65,,4949,3,,,0,25,,4950,3,,,0,65,,4951,3,,,0,35,,4952,3,,,0,80,,4953,3,,,0,75,,4954,3,,,0,40,,4955,3,,,0,80,,4956,3,,,0,80,,4957,3,,,0,40,,4958,3,,,0,80,,4959,3,,,0,80,,4960,3,,,0,25,,4961,3,,,0,25,,4962,3,,,0,65,,4963,3,,,0,25,,4964,3,,,0,65,,4965,3,,,0,25,,4966,3,,,0,25,,4967,3,,,0,65,,4968,3,,,0,25,,4969,3,,,0,65,,4970,3,,,0,25,,4971,3,,,0,65,,4972,3,,,0,25,,4973,3,,,0,25,,4974,3,,,0,75,,4975,3,,,0,80,,4976,3,,,0,40,,4977,3,,,0,80,,4978,3,,,0,80,,4979,3,,,0,38,,4980,3,,,0,70,,4982,3,,,0
