401,'Saturday-01',628,,3257,17,,,0,30,,3256,17,,,0,70,,3225,17,,,0,30,,3255,17,,,0,70,,3226,17,,,0,30,,3254,17,,,0,70,,3253,17,,,0,30,,3227,17,,,0,70,,3252,17,,,0,30,,3228,17,,,0,70,,3251,17,,,0,30,,3250,17,,,0,70,,3249,17,,,0,30,,3248,17,,,0,70,,3229,17,,,0,30,,3247,17,,,0,70,,3230,17,,,0,30,,3231,17,,,0,70,,3246,17,,,0,30,,3232,17,,,0,70,,3233,17,,,0,30,,3234,17,,,0,70,,3235,17,,,0,30,,3236,17,,,0,70,,3245,17,,,0,30,,3244,17,,,0,70,,3243,17,,,0,30,,3237,17,,,0,70,,3238,17,,,0,75,,3242,17,,,0,100,,3241,17,,,0,100,,3240,17,,,0,100,,3239,17,,,0
401,'Sunday-01',818,,3258,17,,,0,30,,3269,17,,,0,70,,3259,17,,,0,30,,3270,17,,,0,70,,3260,17,,,0,30,,3271,17,,,0,70,,3261,17,,,0,30,,3272,17,,,0,70,,3262,17,,,0,30,,3273,17,,,0,70,,3263,17,,,0,30,,3274,17,,,0,70,,3264,17,,,0,30,,3275,17,,,0,70,,3265,17,,,0,30,,3276,17,,,0,70,,3266,17,,,0,30,,3277,17,,,0,70,,3267,17,,,0,30,,3278,17,,,0,70,,3268,17,,,0
401,'Weekday-01',540,,3279,17,,,0,70,,3280,17,,,0,30,,3281,17,,,0,70,,3282,17,,,0,30,,3283,17,,,0,70,,3284,17,,,0,30,,3285,17,,,0,70,,3286,17,,,0,30,,3287,17,,,0,70,,3288,17,,,0,30,,3289,17,,,0,70,,3290,17,,,0,30,,3291,17,,,0,70,,3292,17,,,0,30,,3293,17,,,0,70,,3294,17,,,0,30,,3295,17,,,0,70,,3296,17,,,0,30,,3297,17,,,0,70,,3298,17,,,0,30,,3299,17,,,0,70,,3300,17,,,0,30,,3301,17,,,0,70,,3302,17,,,0,30,,3303,17,,,0,69,,3304,17,,,0,94,,3305,17,,,0,25,,3306,17,,,0,30,,3307,17,,,0,70,,3308,17,,,0,75,,3309,17,,,0,100,,3310,17,,,0,100,,3311,17,,,0,100,,3312,17,,,0
900,'Saturday-01',618,,3701,33,,,0,30,,3702,33,,,0,70,,3703,33,,,0,30,,3704,33,,,0,70,,3705,33,,,0,30,,3706,33,,,0,70,,3707,33,,,0,30,,3708,33,,,0,70,,3709,33,,,0,30,,3710,33,,,0,70,,3711,33,,,0,30,,3712,33,,,0,70,,3713,33,,,0,30,,3714,33,,,0,70,,3715,33,,,0,30,,3716,33,,,0,70,,3717,33,,,0,30,,3718,33,,,0,70,,3719,33,,,0,30,,3720,33,,,0,70,,3721,33,,,0,30,,3722,33,,,0,88,,3723,33,,,0,70,,3724,33,,,0,30,,3725,33,,,0,85,,3726,33,,,0,30,,3728,33,,,0,85,,3729,33,,,0,100,,3730,33,,,0,100,,3731,33,,,0,100,,3727,33,,,0
900,'Sunday-01',748,,3751,33,,,0,70,,3753,33,,,0,30,,3741,33,,,0,70,,3740,33,,,0,30,,3742,33,,,0,70,,3735,33,,,0,30,,3743,33,,,0,70,,3736,33,,,0,30,,3744,33,,,0,70,,3737,33,,,0,30,,3745,33,,,0,70,,3738,33,,,0,30,,3746,33,,,0,70,,3739,33,,,0,30,,3747,33,,,0,70,,3732,33,,,0,30,,3748,33,,,0,70,,3733,33,,,0,30,,3749,33,,,0,70,,3734,33,,,0,30,,3750,33,,,0,70,,3752,33,,,0
900,'Weekday-01',548,,3754,33,,,0,70,,3755,33,,,0,25,,3756,33,,,0,70,,3757,33,,,0,30,,3758,33,,,0,70,,3759,33,,,0,30,,3760,33,,,0,75,,3761,33,,,0,30,,3762,33,,,0,70,,3763,33,,,0,30,,3764,33,,,0,70,,3765,33,,,0,30,,3766,33,,,0,70,,3767,33,,,0,30,,3768,33,,,0,70,,3769,33,,,0,30,,3770,33,,,0,70,,3771,33,,,0,30,,3772,33,,,0,55,,3773,33,,,0,15,,3774,33,,,0,15,,3775,33,,,0,15,,3776,33,,,0,70,,3777,33,,,0,15,,3778,33,,,0,15,,3779,33,,,0,55,,3780,33,,,0,29,,3781,33,,,0,70,,3782,33,,,0,30,,3783,33,,,0,85,,3784,33,,,0,31,,3785,33,,,0,85,,3786,33,,,0,100,,3787,33,,,0,100,,3788,33,,,0,100,,3789,33,,,0
4001,'Saturday-01',610,,4651,29,,,0,100,,4652,29,,,0,30,,4653,29,,,0,70,,4654,29,,,0,30,,4655,29,,,0,70,,4656,29,,,0,30,,4657,29,,,0,70,,4658,29,,,0,30,,4659,29,,,0,70,,4660,29,,,0,30,,4661,29,,,0,70,,4662,29,,,0,30,,4663,29,,,0,70,,4664,29,,,0,30,,4665,29,,,0,70,,4666,29,,,0,30,,4667,29,,,0,70,,4668,29,,,0,30,,4669,29,,,0,70,,4670,29,,,0,30,,4671,29,,,0,70,,4672,29,,,0,30,,4673,29,,,0,70,,4674,29,,,0,30,,4675,29,,,0,70,,4676,29,,,0,30,,4677,29,,,0,70,,4678,29,,,0,30,,4679,29,,,0,70,,4680,29,,,0,30,,4681,29,,,0,70,,4682,29,,,0,30,,4683,29,,,0,70,,4684,29,,,0,100,,4685,29,,,0
4001,'Sunday-01',810,,4687,29,,,0,30,,4688,29,,,0,70,,4689,29,,,0,30,,4690,29,,,0,70,,4691,29,,,0,30,,4692,29,,,0,70,,4693,29,,,0,30,,4694,29,,,0,70,,4695,29,,,0,30,,4696,29,,,0,70,,4697,29,,,0,30,,4698,29,,,0,70,,4699,29,,,0,30,,4700,29,,,0,70,,4701,29,,,0,30,,4702,29,,,0,70,,4703,29,,,0,30,,4704,29,,,0,70,,4705,29,,,0,30,,4706,29,,,0,70,,4707,29,,,0
4001,'Weekday-01',610,,4743,29,,,0,30,,4708,29,,,0,70,,4709,29,,,0,30,,4710,29,,,0,70,,4711,29,,,0,30,,4712,29,,,0,70,,4713,29,,,0,30,,4714,29,,,0,70,,4715,29,,,0,30,,4716,29,,,0,70,,4717,29,,,0,30,,4718,29,,,0,70,,4719,29,,,0,30,,4720,29,,,0,70,,4721,29,,,0,30,,4722,29,,,0,70,,4723,29,,,0,30,,4724,29,,,0,70,,4725,29,,,0,30,,4726,29,,,0,70,,4727,29,,,0,30,,4728,29,,,0,70,,4729,29,,,0,30,,4730,29,,,0,70,,4731,29,,,0,30,,4732,29,,,0,70,,4733,29,,,0,30,,4734,29,,,0,70,,4735,29,,,0,30,,4736,29,,,0,70,,4737,29,,,0,30,,4738,29,,,0,70,,4739,29,,,0,30,,4740,29,,,0,70,,4741,29,,,0,100,,4742,29,,,0
2400025501,'Weekday-01-1111100',1523,,5087,11,,,0
