101,'Saturday-01',723,,2662,39,,,0,30,,2663,39,,,0,75,,2693,35,0,6,0,30,,2682,35,,,0,70,,2683,35,,,0,30,,2684,35,,,0,70,,2685,35,,,0,30,,2686,35,,,0,70,,2687,35,,,0,30,,2688,35,,,0,70,,2689,35,,,0,30,,2672,37,,,0,65,,2664,39,,,0,30,,2665,39,,,0,50,,2673,37,,,0,35,,2674,37,,,0,75,,2666,39,,,0,40,,2667,39,,,0,55,,2678,37,,,0,40,,2679,35,,,0,70,,2680,35,,,0,40,,2675,37,,,0,70,,2676,37,,,0,30,,2677,37,,,0,99,,2690,35,,,0,70,,2691,35,,,0,95,,2668,39,,,0,83,,2669,39,,,0,20,,2681,35,,,0,100,,2670,39,,,0,85,,2671,39,,,0
101,'Sunday-01',809,,2694,35,,,0,100,,2695,37,,,0,100,,2696,37,,,0,100,,2697,37,,,0,100,,2698,37,,,0,105,,2701,39,,,0,100,,2702,39,,,0,105,,2703,39,,,0,100,,2704,39,,,0,100,,2699,37,,,0,108,,2700,37,,,0
101,'Weekday-01',617,,2753,35,,,0,16,,2708,26,,,0,10,,2736,35,,,0,64,,2725,26,,,0,16,,2709,39,,,0,15,,2710,39,,,0,15,,2711,39,,,0,50,,2737,35,,,0,5,,2712,39,,,0,25,,2707,26,,,0,20,,2739,35,,,0,60,,2740,35,,,0,30,,2752,35,,,0,80,,2741,35,,,0,34,,2742,35,,,0,70,,2743,35,,,0,30,,2744,35,,,0,70,,2745,35,,,0,96,,2713,39,,,0,30,,2714,39,,,0,70,,2715,39,,,0,30,,2716,39,,,0,70,,2717,39,,,0,30,,2718,39,,,0,55,,2726,37,,,0,10,,2727,37,,,0,10,,2746,35,,,0,20,,2728,37,,,0,10,,2747,35,,,0,60,,2729,37,,,0,5,,2748,35,,,0,24,,2730,37,,,0,6,,2749,35,,,0,65,,2731,37,,,0,5,,2750,35,,,0,80,,2732,37,,,0,10,,2751,35,,,0,30,,2738,35,,,0,70,,2734,35,,,0,90,,2719,39,,,0,20,,2720,39,,,0,35,,2721,39,,,0,70,,2722,39,,,0,100,,2723,39,,,0,25,,2724,39,,,0,70,,2735,35,,,0
200,'Saturday-01',644,,2754,29,,,0,70,,2755,29,,,0,29,,2756,29,,,0,70,,2757,29,,,0,30,,2758,29,,,0,70,,2759,29,,,0,30,,2760,29,,,0,70,,2761,29,,,0,30,,2762,29,,,0,70,,2763,29,,,0,30,,2764,29,,,0,70,,2765,29,,,0,30,,2766,29,,,0,70,,2767,29,,,0,30,,2768,29,,,0,70,,2769,29,,,0,30,,2770,29,,,0,70,,2771,29,,,0,30,,2772,29,,,0,70,,2773,29,,,0,30,,2774,29,,,0,70,,2775,29,,,0,30,,2776,29,,,0,70,,2777,29,,,0,30,,2778,29,,,0,70,,2779,29,,,0,30,,2781,29,,,0,70,,2782,29,,,0,30,,2783,29,,,0,70,,2784,29,,,0,100,,2785,29,,,0,100,,2786,29,,,0,100,,2787,29,,,0
200,'Sunday-01',829,,2788,29,,,0,30,,2789,29,,,0,70,,2790,29,,,0,30,,2791,29,,,0,70,,2792,29,,,0,30,,2793,29,,,0,70,,2794,29,,,0,30,,2795,29,,,0,70,,2796,29,,,0,30,,2797,29,,,0,70,,2798,29,,,0,30,,2799,29,,,0,70,,2800,29,,,0,30,,2801,29,,,0,70,,2802,29,,,0,30,,2803,29,,,0,70,,2804,29,,,0,30,,2805,29,,,0,70,,2806,29,,,0
200,'Weekday-01',614,,2808,29,,,0,30,,2807,29,,,0,14,,2848,29,,,0,55,,2811,29,,,0,15,,2812,29,,,0,15,,2813,29,,,0,15,,2814,29,,,0,55,,2809,29,,,0,15,,2810,29,,,0,30,,2815,29,,,0,70,,2816,29,,,0,20,,2839,29,,,0,70,,2820,29,,,0,30,,2821,29,,,0,70,,2822,29,,,0,30,,2823,29,,,0,70,,2824,29,,,0,30,,2825,29,,,0,70,,2826,29,,,0,30,,2817,29,,,0,70,,2818,29,,,0,25,,2819,29,,,0,65,,2827,29,,,0,20,,2828,29,,,0,15,,2829,29,,,0,15,,2830,29,,,0,55,,2831,29,,,0,15,,2832,29,,,0,15,,2833,29,,,0,15,,2834,29,,,0,55,,2835,29,,,0,30,,2840,29,,,0,70,,2841,29,,,0,30,,2842,29,,,0,70,,2843,29,,,0,30,,2844,29,,,0,70,,2836,29,,,0,30,,2837,29,,,0,70,,2838,29,,,0,100,,2845,29,,,0,100,,2846,29,,,0,100,,2847,29,,,0
300,'Saturday-01',643,,2964,39,,,0,70,,2947,39,,,0,30,,2948,39,,,0,70,,2949,39,,,0,30,,2950,39,,,0,70,,2951,39,,,0,30,,2952,39,,,0,70,,2953,39,,,0,30,,2954,39,,,0,70,,2965,39,,,0,30,,2955,39,,,0,70,,2966,39,,,0,30,,2967,39,,,0,70,,2968,39,,,0,30,,2969,39,,,0,70,,2956,39,,,0,30,,2957,39,,,0,70,,2970,39,,,0,30,,2958,39,,,0,70,,2959,39,,,0,30,,2960,39,,,0,70,,2961,39,,,0,30,,2971,39,,,0,71,,2972,39,,,0,30,,2962,39,,,0,70,,2973,39,,,0,30,,2963,39,,,0,70,,2974,39,,,0,30,,2978,39,,,0,70,,2975,39,,,0,100,,2976,39,,,0,100,,2977,39,,,0,100,,2979,39,,,0
300,'Sunday-01',829,,2980,39,,,0,30,,2981,39,,,0,70,,2982,39,,,0,30,,2983,39,,,0,70,,2984,39,,,0,30,,2985,39,,,0,70,,2986,39,,,0,30,,2987,39,,,0,70,,2988,39,,,0,30,,2989,39,,,0,70,,2990,39,,,0,30,,2991,39,,,0,70,,2992,39,,,0,30,,2993,39,,,0,70,,2994,39,,,0,30,,2995,39,,,0,70,,2996,39,,,0,30,,2997,39,,,0,70,,2998,39,,,0,30,,2999,39,,,0,70,,3000,39,,,0
300,'Weekday-01',613,,3001,39,,,0,30,,3002,39,,,0,15,,3003,39,,,0,55,,3004,39,,,0,15,,3005,39,,,0,15,,3006,39,,,0,15,,3007,39,,,0,55,,3008,39,,,0,15,,3009,39,,,0,15,,3010,39,,,0,70,,3011,39,,,0,30,,3012,39,,,0,70,,3013,39,,,0,30,,3014,39,,,0,70,,3015,39,,,0,30,,3016,39,,,0,70,,3017,39,,,0,30,,3018,39,,,0,70,,3019,39,,,0,30,,3020,39,,,0,70,,3021,39,,,0,30,,3022,39,,,0,70,,3023,39,,,0,30,,3024,39,,,0,16,,3025,39,,,0,54,,3026,39,,,0,15,,3027,39,,,0,15,,3028,39,,,0,15,,3029,39,,,0,55,,3030,39,,,0,30,,3031,39,,,0,70,,3032,39,,,0,31,,3033,39,,,0,70,,3034,39,,,0,30,,3035,39,,,0,70,,3036,39,,,0,30,,3041,39,,,0,70,,3040,39,,,0,100,,3037,39,,,0,100,,3038,39,,,0,100,,3039,39,,,0
401,'Saturday-01',639,,3257,28,,,0,70,,3256,28,,,0,30,,3225,28,,,0,70,,3255,28,,,0,30,,3226,28,,,0,70,,3254,28,,,0,30,,3253,28,,,0,70,,3227,28,,,0,30,,3252,28,,,0,70,,3228,28,,,0,30,,3251,28,,,0,70,,3250,28,,,0,30,,3249,28,,,0,70,,3248,28,,,0,30,,3229,28,,,0,70,,3247,28,,,0,30,,3230,28,,,0,70,,3231,28,,,0,30,,3246,28,,,0,70,,3232,28,,,0,30,,3233,28,,,0,70,,3234,28,,,0,30,,3235,28,,,0,70,,3236,28,,,0,30,,3245,28,,,0,70,,3244,28,,,0,30,,3243,28,,,0,70,,3237,28,,,0,30,,3238,28,,,0,75,,3242,28,,,0,100,,3241,28,,,0,100,,3240,28,,,0,100,,3239,28,,,0
401,'Sunday-01',829,,3258,28,,,0,30,,3269,28,,,0,70,,3259,28,,,0,30,,3270,28,,,0,70,,3260,28,,,0,30,,3271,28,,,0,70,,3261,28,,,0,30,,3272,28,,,0,70,,3262,28,,,0,30,,3273,28,,,0,70,,3263,28,,,0,30,,3274,28,,,0,70,,3264,28,,,0,30,,3275,28,,,0,70,,3265,28,,,0,30,,3276,28,,,0,70,,3266,28,,,0,30,,3277,28,,,0,70,,3267,28,,,0,30,,3278,28,,,0,70,,3268,28,,,0
401,'Weekday-01',553,,3279,28,,,0,70,,3280,28,,,0,30,,3281,28,,,0,70,,3282,28,,,0,30,,3283,28,,,0,70,,3284,28,,,0,30,,3285,28,,,0,70,,3286,28,,,0,30,,3287,28,,,0,70,,3288,28,,,0,30,,3289,28,,,0,70,,3290,28,,,0,30,,3291,28,,,0,70,,3292,28,,,0,30,,3293,28,,,0,70,,3294,28,,,0,30,,3295,28,,,0,70,,3296,28,,,0,30,,3297,28,,,0,70,,3298,28,,,0,30,,3299,28,,,0,70,,3300,28,,,0,30,,3301,28,,,0,70,,3302,28,,,0,30,,3303,28,,,0,69,,3304,28,,,0,92,,3305,28,,,0,25,,3306,28,,,0,70,,3307,28,,,0,30,,3308,28,,,0,75,,3309,28,,,0,100,,3310,28,,,0,100,,3311,28,,,0,100,,3312,28,,,0
700,'Saturday-01',643,,3402,45,,,0,100,,3403,45,,,0,70,,3404,45,,,0,30,,3405,45,,,0,70,,3406,45,,,0,30,,3407,45,,,0,70,,3408,45,,,0,30,,3409,45,,,0,70,,3410,45,,,0,30,,3411,45,,,0,70,,3412,45,,,0,30,,3413,45,,,0,70,,3414,45,,,0,30,,3415,45,,,0,70,,3416,45,,,0,30,,3417,45,,,0,70,,3418,45,,,0,30,,3419,45,,,0,70,,3420,45,,,0,30,,3421,45,,,0,70,,3422,45,,,0,30,,3423,45,,,0,70,,3424,45,,,0,45,,3425,45,,,0,85,,3426,45,,,0,70,,3427,45,,,0,100,,3428,45,,,0,100,,3429,45,,,0,100,,3430,45,,,0,100,,3431,45,,,0
700,'Sunday-01',843,,3442,45,,,0,70,,3443,45,,,0,30,,3444,45,,,0,70,,3445,45,,,0,30,,3446,45,,,0,70,,3447,45,,,0,30,,3448,45,,,0,70,,3449,45,,,0,30,,3450,45,,,0,70,,3451,45,,,0,30,,3441,45,,,0,70,,3437,45,,,0,30,,3432,45,,,0,70,,3433,45,,,0,30,,3434,45,,,0,70,,3435,45,,,0,30,,3436,45,,,0,70,,3438,45,,,0,30,,3439,45,,,0,70,,3440,45,,,0
700,'Weekday-01',613,,3452,45,,,0,30,,3453,45,,,0,15,,3454,45,0,7,0,55,,3455,45,,,0,15,,3456,45,,,0,15,,3457,45,,,0,15,,3458,45,,,0,55,,3459,45,,,0,15,,3460,45,,,0,15,,3461,45,,,0,15,,3462,45,,,0,55,,3463,45,,,0,30,,3464,45,,,0,70,,3465,45,,,0,30,,3466,45,,,0,70,,3467,45,,,0,30,,3468,45,,,0,70,,3469,45,,,0,30,,3470,45,,,0,70,,3471,45,,,0,30,,3472,45,,,0,70,,3473,45,,,0,30,,3474,45,,,0,65,,3475,45,,,0,30,,3476,45,,,0,70,,3477,45,,,0,30,,3478,45,,,0,70,,3479,45,,,0,30,,3480,45,,,0,75,,3481,45,,,0,45,,3482,45,,,0,85,,3483,45,,,0,70,,3484,45,,,0,100,,3485,45,,,0,100,,3486,45,,,0,100,,3487,45,,,0,100,,3488,45,,,0
900,'Saturday-01',628,,3701,44,,,0,30,,3702,44,,,0,70,,3703,44,,,0,30,,3704,44,,,0,70,,3705,44,,,0,30,,3706,44,,,0,70,,3707,44,,,0,30,,3708,44,,,0,70,,3709,44,,,0,30,,3710,44,,,0,70,,3711,44,,,0,30,,3712,44,,,0,70,,3713,44,,,0,30,,3714,44,,,0,70,,3715,44,,,0,30,,3716,44,,,0,70,,3717,44,,,0,30,,3718,44,,,0,70,,3719,44,,,0,30,,3720,44,,,0,70,,3721,44,,,0,30,,3722,44,,,0,86,,3723,44,,,0,70,,3724,44,,,0,30,,3725,44,,,0,85,,3726,44,,,0,30,,3728,44,,,0,85,,3729,44,,,0,100,,3730,44,,,0,100,,3731,44,,,0,100,,3727,44,,,0
900,'Sunday-01',758,,3751,44,,,0,70,,3753,44,,,0,30,,3741,44,,,0,70,,3740,44,,,0,30,,3742,44,,,0,70,,3735,44,,,0,30,,3743,44,,,0,70,,3736,44,,,0,30,,3744,44,,,0,70,,3737,44,,,0,30,,3745,44,,,0,70,,3738,44,,,0,30,,3746,44,,,0,70,,3739,44,,,0,30,,3747,44,,,0,70,,3732,44,,,0,30,,3748,44,,,0,70,,3733,44,,,0,30,,3749,44,,,0,70,,3734,44,,,0,30,,3750,44,,,0,70,,3752,44,,,0
900,'Weekday-01',558,,3754,44,,,0,70,,3755,44,,,0,25,,3756,44,,,0,70,,3757,44,,,0,30,,3758,44,,,0,70,,3759,44,,,0,30,,3760,44,,,0,75,,3761,44,,,0,30,,3762,44,,,0,70,,3763,44,,,0,30,,3764,44,,,0,70,,3765,44,,,0,30,,3766,44,,,0,70,,3767,44,,,0,30,,3768,44,,,0,70,,3769,44,,,0,30,,3770,44,,,0,70,,3771,44,,,0,30,,3772,44,,,0,55,,3773,44,,,0,15,,3774,44,,,0,15,,3775,44,,,0,15,,3776,44,,,0,70,,3777,44,,,0,15,,3778,44,,,0,15,,3779,44,,,0,55,,3780,44,,,0,30,,3781,44,,,0,70,,3782,44,,,0,30,,3783,44,,,0,85,,3784,44,,,0,30,,3785,44,,,0,85,,3786,44,,,0,100,,3787,44,,,0,100,,3788,44,,,0,100,,3789,44,,,0
1000,'Saturday-01',643,,3878,18,,,0,100,,3879,18,,,0,100,,3880,18,,,0,70,,3881,18,,,0,30,,3882,18,,,0,70,,3883,18,,,0,30,,3884,18,,,0,70,,3885,18,,,0,30,,3886,18,,,0,70,,3887,18,,,0,30,,3888,18,,,0,70,,3889,18,,,0,30,,3890,18,,,0,70,,3891,18,,,0,30,,3892,18,,,0,70,,3893,18,,,0,30,,3894,18,,,0,70,,3895,18,,,0,30,,3896,18,,,0,70,,3897,18,,,0,30,,3898,18,,,0,70,,3899,18,,,0,45,,3900,18,,,0,85,,3901,18,,,0,85,,3902,18,,,0,86,,3903,18,,,0,99,,3904,18,,,0
1000,'Sunday-01',828,,3905,18,,,0,100,,3906,18,,,0,100,,3907,18,,,0,100,,3908,18,,,0,100,,3909,18,,,0,100,,3910,18,,,0,100,,3911,18,,,0,100,,3912,18,,,0,100,,3913,18,,,0,100,,3914,18,,,0,100,,3915,18,,,0
1000,'Weekday-01',613,,3934,18,,,0,30,,3935,18,,,0,70,,3936,18,,,0,30,,3937,18,,,0,70,,3938,18,,,0,30,,3916,18,,,0,70,,3917,18,,,0,30,,3918,18,,,0,70,,3919,18,,,0,30,,3920,18,,,0,70,,3921,18,,,0,30,,3922,18,,,0,70,,3923,18,,,0,30,,3924,18,,,0,70,,3925,18,,,0,30,,3926,18,,,0,70,,3927,18,,,0,30,,3939,18,,,0,70,,3940,18,,,0,30,,3941,18,,,0,70,,3942,18,,,0,30,,3943,18,,,0,70,,3944,18,,,0,30,,3945,18,,,0,70,,3928,18,,,0,45,,3929,18,,,0,85,,3930,18,,,0,85,,3931,18,,,0,86,,3932,18,,,0,99,,3933,18,,,0
1200,'Saturday-01',643,,4018,35,,,0,100,,4019,35,,,0,100,,4020,35,,,0,70,,4021,35,,,0,30,,4022,35,,,0,70,,4023,35,,,0,30,,4024,35,,,0,70,,4025,35,,,0,30,,4026,35,,,0,70,,4027,35,,,0,30,,4028,35,,,0,70,,4029,35,,,0,30,,4030,35,,,0,70,,4031,35,,,0,30,,4032,35,,,0,70,,4033,35,,,0,30,,4034,35,,,0,70,,4035,35,,,0,30,,4036,35,,,0,70,,4041,35,,,0,30,,4042,35,,,0,70,,4037,35,,,0,100,,4038,35,,,0,100,,4043,35,,,0,100,,4044,35,,,0,100,,4045,35,,,0,100,,4046,35,,,0,100,,4047,35,,,0
1200,'Sunday-01',828,,4048,35,,,0,100,,4049,35,,,0,100,,4050,35,,,0,100,,4051,35,,,0,100,,4052,35,,,0,100,,4053,35,,,0,100,,4054,35,,,0,100,,4055,35,,,0,100,,4056,35,,,0,100,,4057,35,,,0,100,,4058,35,,,0
1200,'Weekday-01',613,,4086,35,,,0,30,,4087,35,,,0,70,,4088,35,,,0,30,,4089,35,,,0,70,,4075,35,,,0,30,,4076,35,,,0,70,,4067,35,,,0,30,,4068,35,,,0,70,,4066,35,,,0,30,,4065,35,,,0,70,,4064,35,,,0,30,,4063,35,,,0,70,,4062,35,,,0,30,,4061,35,,,0,70,,4060,35,,,0,30,,4059,35,,,0,70,,4084,35,,,0,30,,4083,35,,,0,70,,4082,35,,,0,30,,4081,35,,,0,70,,4077,35,,,0,30,,4078,35,,,0,70,,4079,35,,,0,30,,4080,35,,,0,70,,4085,35,,,0,100,,4069,35,,,0,100,,4070,35,,,0,100,,4071,35,,,0,100,,4072,35,,,0,100,,4073,35,,,0,100,,4074,35,,,0
1500,'Saturday-01',857,,4163,22,,,0,90,,4164,22,,,0,90,,4165,22,,,0,90,,4166,22,,,0,90,,4167,22,,,0,90,,4168,22,,,0,50,,4169,22,,,0,90,,4170,22,,,0,90,,4171,22,,,0,90,,4172,22,,,0,90,,4173,22,,,0,90,,4162,22,,,0
1500,'Weekday-01',857,,4174,22,,,0,90,,4176,22,,,0,90,,4177,22,,,0,90,,4178,22,,,0,90,,4179,22,,,0,90,,4180,22,,,0,50,,4181,22,,,0,90,,4182,22,,,0,90,,4183,22,,,0,90,,4184,22,,,0,90,,4185,22,,,0,90,,4175,22,,,0
3000,'Weekday-01',651,,4519,7,,,0,70,,4513,7,,,0,30,,4520,7,,,0,70,,4521,7,,,0,30,,4522,7,,,0,70,,4523,7,,,0,30,,4514,7,,,0,70,,4515,7,,,0,30,,4524,7,,,0,72,,4525,7,,,0,30,,4526,7,,,0,70,,4527,7,,,0,33,,4528,7,,,0,70,,4516,7,,,0,30,,4529,7,,,0,70,,4530,7,,,0,30,,4531,7,,,0,70,,4532,7,,,0,30,,4517,7,,,0,70,,4518,7,,,0,30,,4533,7,,,0
