300,'Saturday-01',657,,2964,52,,,0,70,,2947,52,,,0,30,,2948,52,,,0,70,,2949,52,,,0,30,,2950,52,,,0,70,,2951,52,,,0,30,,2952,52,,,0,70,,2953,52,,,0,30,,2954,52,,,0,70,,2965,52,,,0,30,,2955,52,,,0,70,,2966,52,,,0,30,,2967,52,,,0,70,,2968,52,,,0,30,,2969,52,,,0,70,,2956,52,,,0,30,,2957,52,,,0,70,,2970,52,,,0,30,,2958,52,,,0,70,,2959,52,,,0,30,,2960,52,,,0,70,,2961,52,,,0,30,,2971,52,,,0,73,,2972,52,,,0,70,,2962,52,,,0,30,,2973,52,,,0,70,,2963,52,,,0,30,,2974,52,,,0,25,,2978,52,4,,0,75,,2975,52,,,0,100,,2976,52,,,0,100,,2977,52,,,0,95,,2979,52,4,,0
300,'Sunday-01',840,,2980,52,,,0,70,,2981,52,,,0,30,,2982,52,,,0,70,,2983,52,,,0,30,,2984,52,,,0,70,,2985,52,,,0,30,,2986,52,,,0,70,,2987,52,,,0,30,,2988,52,,,0,70,,2989,52,,,0,30,,2990,52,,,0,70,,2991,52,,,0,30,,2992,52,,,0,70,,2993,52,,,0,30,,2994,52,,,0,70,,2995,52,,,0,30,,2996,52,,,0,70,,2997,52,,,0,30,,2998,52,,,0,70,,2999,52,,,0,30,,3000,52,,,0
300,'Weekday-01',626,,3001,52,,,0,30,,3002,52,,,0,55,,3003,52,,,0,15,,3004,52,,,0,15,,3005,52,,,0,15,,3006,52,,,0,55,,3007,52,,,0,15,,3008,52,,,0,15,,3009,52,,,0,15,,3010,52,,,0,70,,3011,52,,,0,30,,3012,52,,,0,70,,3013,52,,,0,30,,3014,52,,,0,70,,3015,52,,,0,30,,3016,52,,,0,70,,3017,52,,,0,30,,3018,52,,,0,70,,3019,52,,,0,30,,3020,52,,,0,70,,3021,52,,,0,30,,3022,52,,,0,70,,3023,52,,,0,30,,3024,52,,,0,55,,3025,52,,,0,15,,3026,52,,,0,15,,3027,52,,,0,15,,3028,52,,,0,55,,3029,52,,,0,19,,3030,52,,,0,70,,3031,52,,,0,30,,3032,52,,,0,70,,3033,52,,,0,30,,3034,52,,,0,70,,3035,52,,,0,30,,3036,52,,,0,70,,3041,52,,,0,28,,3040,52,,,0,102,,3037,52,,,0,100,,3038,52,,,0,95,,3039,52,4,,0
400,'Saturday-01',659,,3169,67,,,0,70,,3137,67,,,0,30,,3168,67,,,0,70,,3167,67,,,0,30,,3138,67,,,0,70,,3166,67,,,0,30,,3139,67,,,0,70,,3165,67,,,0,30,,3164,67,,,0,70,,3140,67,,,0,30,,3163,67,,,0,70,,3141,67,,,0,30,,3142,67,,,0,70,,3162,67,,,0,30,,3161,67,,,0,70,,3143,67,,,0,30,,3160,67,,,0,70,,3159,67,,,0,30,,3144,67,,,0,70,,3145,67,,,0,30,,3146,67,,,0,70,,3158,67,,,0,30,,3157,67,,,0,70,,3156,67,,,0,30,,3147,67,,,0,70,,3148,67,,,0,30,,3155,67,,,0,73,,3154,67,,,0,70,,3153,67,,,0,30,,3149,67,,,0,100,,3152,67,,,0,100,,3151,67,,,0,100,,3150,67,,,0
400,'Sunday-01',847,,3170,67,,,0,70,,3181,67,,,0,30,,3171,67,,,0,70,,3182,67,,,0,30,,3172,67,,,0,70,,3183,67,,,0,30,,3173,67,,,0,70,,3184,67,,,0,30,,3174,67,,,0,70,,3185,67,,,0,30,,3175,67,,,0,70,,3186,67,,,0,30,,3176,67,,,0,70,,3187,67,,,0,30,,3177,67,,,0,70,,3188,67,,,0,30,,3178,67,,,0,70,,3189,67,,,0,30,,3179,67,,,0,70,,3190,67,,,0,30,,3180,67,,,0
400,'Weekday-01',636,,3191,67,,,0,70,,3192,67,,,0,30,,3193,67,,,0,70,,3194,67,,,0,30,,3195,67,,,0,70,,3196,67,,,0,30,,3197,67,,,0,70,,3198,67,,,0,30,,3199,67,,,0,70,,3200,67,,,0,30,,3201,67,,,0,70,,3202,67,,,0,30,,3203,67,,,0,70,,3204,67,,,0,30,,3205,67,,,0,70,,3206,67,,,0,30,,3207,67,,,0,70,,3208,67,,,0,30,,3209,67,,,0,70,,3210,67,,,0,30,,3211,67,,,0,70,,3212,67,,,0,30,,3213,67,,,0,70,,3214,67,,,0,31,,3215,67,,,0,65,,3216,67,,,0,30,,3217,67,,,0,70,,3218,67,,,0,30,,3219,67,,,0,70,,3220,67,,,0,30,,3221,67,,,0,100,,3222,67,,,0,100,,3223,67,,,0,100,,3224,67,,,0
2100,'Weekday-01',742,,4365,29,4,,0,70,,4366,29,4,,0,30,,4367,29,4,,0,70,,4368,29,4,,0,30,,4369,29,4,,0,70,,4370,29,4,,0,30,,4381,29,4,,0,100,,4382,29,4,,0,100,,4383,29,4,,0,100,,4384,29,4,,0,100,,4385,29,4,,0,70,,4371,29,4,,0,30,,4372,29,4,,0,70,,4373,29,4,,0,30,,4374,29,4,,0,70,,4375,29,4,,0,30,,4376,29,4,,0,70,,4377,29,4,,0,30,,4378,29,4,,0
2101,'Weekday-01',747,,4387,1,,,0,70,,4388,1,,,0,30,,4389,1,,,0,70,,4390,1,,,0,30,,4401,1,,,0,100,,4402,1,,,0,100,,4403,1,,,0,100,,4404,1,,,0,100,,4405,1,,,0,70,,4391,1,,,0,30,,4392,1,,,0,70,,4393,1,,,0,30,,4394,1,,,0,70,,4395,1,,,0,30,,4396,1,,,0,70,,4397,1,,,0,30,,4398,1,,,0,70,,4399,1,,,0,30,,4386,1,,,0,353,,4400,1,,,0
2201,'Weekday-01',738,,4432,15,,,0,70,,4433,15,,,0,30,,4443,15,,,0,70,,4445,15,,,0,30,,4446,15,,,0,70,,4449,15,,,0,30,,4450,15,,,0,100,,4451,15,,,0,100,,4452,15,,,0,100,,4453,15,,,0,70,,4447,15,,,0,30,,4448,15,,,0,70,,4444,15,,,0,36,,4434,15,,,0,60,,4435,15,,,0,35,,4436,15,,,0,70,,4437,15,,,0,30,,4438,15,,,0,70,,4439,15,,,0,35,,4440,15,,,0,70,,4442,15,,,0,30,,4454,15,,,0,70,,4455,15,,,0,30,,4456,15,,,0,169,,4441,15,,,0
3000,'Weekday-01',706,,4519,14,,,0,30,,4513,14,,,0,70,,4520,14,,,0,30,,4521,14,,,0,70,,4522,14,,,0,30,,4523,14,,,0,70,,4514,14,,,0,30,,4515,14,,,0,70,,4524,14,,,0,34,,4525,14,,,0,70,,4526,14,,,0,30,,4527,14,,,0,72,,4528,14,,,0,30,,4516,14,,,0,70,,4529,14,,,0,30,,4530,14,,,0,70,,4531,14,,,0,30,,4532,14,,,0,70,,4517,14,,,0,30,,4518,14,,,0,70,,4533,14,,,0
