401,'Saturday-01',637,,3257,26,,,0,70,,3256,26,,,0,30,,3225,26,,,0,70,,3255,26,,,0,30,,3226,26,,,0,70,,3254,26,,,0,30,,3253,26,,,0,70,,3227,26,,,0,30,,3252,26,,,0,70,,3228,26,,,0,30,,3251,26,,,0,70,,3250,26,,,0,30,,3249,26,,,0,70,,3248,26,,,0,30,,3229,26,,,0,70,,3247,26,,,0,30,,3230,26,,,0,70,,3231,26,,,0,30,,3246,26,,,0,70,,3232,26,,,0,30,,3233,26,,,0,70,,3234,26,,,0,30,,3235,26,,,0,70,,3236,26,,,0,30,,3245,26,,,0,70,,3244,26,,,0,30,,3243,26,,,0,70,,3237,26,,,0,30,,3238,26,,,0,75,,3242,26,,,0,100,,3241,26,,,0,100,,3240,26,,,0,100,,3239,26,,,0
401,'Sunday-01',827,,3258,26,,,0,30,,3269,26,,,0,70,,3259,26,,,0,30,,3270,26,,,0,70,,3260,26,,,0,30,,3271,26,,,0,70,,3261,26,,,0,30,,3272,26,,,0,70,,3262,26,,,0,30,,3273,26,,,0,70,,3263,26,,,0,30,,3274,26,,,0,70,,3264,26,,,0,30,,3275,26,,,0,70,,3265,26,,,0,30,,3276,26,,,0,70,,3266,26,,,0,30,,3277,26,,,0,70,,3267,26,,,0,30,,3278,26,,,0,70,,3268,26,,,0
401,'Weekday-01',551,,3279,26,,,0,70,,3280,26,,,0,30,,3281,26,,,0,70,,3282,26,,,0,30,,3283,26,,,0,70,,3284,26,,,0,30,,3285,26,,,0,70,,3286,26,,,0,30,,3287,26,,,0,70,,3288,26,,,0,30,,3289,26,,,0,70,,3290,26,,,0,30,,3291,26,,,0,70,,3292,26,,,0,30,,3293,26,,,0,70,,3294,26,,,0,30,,3295,26,,,0,70,,3296,26,,,0,30,,3297,26,,,0,70,,3298,26,,,0,30,,3299,26,,,0,70,,3300,26,,,0,30,,3301,26,,,0,70,,3302,26,,,0,30,,3303,26,,,0,69,,3304,26,,,0,92,,3305,26,,,0,25,,3306,26,,,0,70,,3307,26,,,0,30,,3308,26,,,0,75,,3309,26,,,0,100,,3310,26,,,0,100,,3311,26,,,0,100,,3312,26,,,0
700,'Saturday-01',640,,3402,43,,,0,100,,3403,43,,,0,70,,3404,43,,,0,30,,3405,43,,,0,70,,3406,43,,,0,30,,3407,43,,,0,70,,3408,43,,,0,30,,3409,43,,,0,70,,3410,43,,,0,30,,3411,43,,,0,70,,3412,43,,,0,30,,3413,43,,,0,70,,3414,43,,,0,30,,3415,43,,,0,70,,3416,43,,,0,30,,3417,43,,,0,70,,3418,43,,,0,30,,3419,43,,,0,70,,3420,43,,,0,30,,3421,43,,,0,70,,3422,43,,,0,30,,3423,43,,,0,70,,3424,43,,,0,45,,3425,43,,,0,85,,3426,43,,,0,70,,3427,43,,,0,100,,3428,43,,,0,100,,3429,43,,,0,100,,3430,43,,,0,100,,3431,43,,,0
700,'Sunday-01',840,,3442,43,,,0,70,,3443,43,,,0,30,,3444,43,,,0,70,,3445,43,,,0,30,,3446,43,,,0,70,,3447,43,,,0,30,,3448,43,,,0,70,,3449,43,,,0,30,,3450,43,,,0,70,,3451,43,,,0,30,,3441,43,,,0,70,,3437,43,,,0,30,,3432,43,,,0,70,,3433,43,,,0,30,,3434,43,,,0,70,,3435,43,,,0,30,,3436,43,,,0,70,,3438,43,,,0,30,,3439,43,,,0,70,,3440,43,,,0
700,'Weekday-01',610,,3452,43,,,0,30,,3453,43,,,0,15,,3454,43,0,7,0,55,,3455,43,,,0,15,,3456,43,,,0,15,,3457,43,,,0,15,,3458,43,,,0,55,,3459,43,,,0,15,,3460,43,,,0,15,,3461,43,,,0,15,,3462,43,,,0,55,,3463,43,,,0,30,,3464,43,,,0,70,,3465,43,,,0,30,,3466,43,,,0,70,,3467,43,,,0,30,,3468,43,,,0,70,,3469,43,,,0,30,,3470,43,,,0,70,,3471,43,,,0,30,,3472,43,,,0,70,,3473,43,,,0,30,,3474,43,,,0,65,,3475,43,,,0,30,,3476,43,,,0,70,,3477,43,,,0,30,,3478,43,,,0,70,,3479,43,,,0,30,,3480,43,,,0,75,,3481,43,,,0,45,,3482,43,,,0,85,,3483,43,,,0,70,,3484,43,,,0,100,,3485,43,,,0,100,,3486,43,,,0,100,,3487,43,,,0,100,,3488,43,,,0
900,'Saturday-01',627,,3701,42,,,0,30,,3702,42,,,0,70,,3703,42,,,0,30,,3704,42,,,0,70,,3705,42,,,0,30,,3706,42,,,0,70,,3707,42,,,0,30,,3708,42,,,0,70,,3709,42,,,0,30,,3710,42,,,0,70,,3711,42,,,0,30,,3712,42,,,0,70,,3713,42,,,0,30,,3714,42,,,0,70,,3715,42,,,0,30,,3716,42,,,0,70,,3717,42,,,0,30,,3718,42,,,0,70,,3719,42,,,0,30,,3720,42,,,0,70,,3721,42,,,0,30,,3722,42,,,0,85,,3723,42,,,0,70,,3724,42,,,0,30,,3725,42,,,0,85,,3726,42,,,0,30,,3728,42,,,0,85,,3729,42,,,0,100,,3730,42,,,0,100,,3731,42,,,0,100,,3727,42,,,0
900,'Sunday-01',757,,3751,42,,,0,70,,3753,42,,,0,30,,3741,42,,,0,70,,3740,42,,,0,30,,3742,42,,,0,70,,3735,42,,,0,30,,3743,42,,,0,70,,3736,42,,,0,30,,3744,42,,,0,70,,3737,42,,,0,30,,3745,42,,,0,70,,3738,42,,,0,30,,3746,42,,,0,70,,3739,42,,,0,30,,3747,42,,,0,70,,3732,42,,,0,30,,3748,42,,,0,70,,3733,42,,,0,30,,3749,42,,,0,70,,3734,42,,,0,30,,3750,42,,,0,70,,3752,42,,,0
900,'Weekday-01',557,,3754,42,,,0,70,,3755,42,,,0,25,,3756,42,,,0,70,,3757,42,,,0,30,,3758,42,,,0,70,,3759,42,,,0,30,,3760,42,,,0,75,,3761,42,,,0,30,,3762,42,,,0,70,,3763,42,,,0,30,,3764,42,,,0,70,,3765,42,,,0,30,,3766,42,,,0,70,,3767,42,,,0,30,,3768,42,,,0,70,,3769,42,,,0,30,,3770,42,,,0,70,,3771,42,,,0,30,,3772,42,,,0,55,,3773,42,,,0,15,,3774,42,,,0,15,,3775,42,,,0,15,,3776,42,,,0,70,,3777,42,,,0,15,,3778,42,,,0,15,,3779,42,,,0,55,,3780,42,,,0,29,,3781,42,,,0,70,,3782,42,,,0,30,,3783,42,,,0,85,,3784,42,,,0,31,,3785,42,,,0,85,,3786,42,,,0,100,,3787,42,,,0,100,,3788,42,,,0,100,,3789,42,,,0
1000,'Saturday-01',640,,3878,16,,,0,100,,3879,16,,,0,100,,3880,16,,,0,71,,3881,16,,,0,30,,3882,16,,,0,70,,3883,16,,,0,30,,3884,16,,,0,70,,3885,16,,,0,30,,3886,16,,,0,70,,3887,16,,,0,30,,3888,16,,,0,70,,3889,16,,,0,30,,3890,16,,,0,70,,3891,16,,,0,30,,3892,16,,,0,70,,3893,16,,,0,30,,3894,16,,,0,70,,3895,16,,,0,30,,3896,16,,,0,70,,3897,16,,,0,30,,3898,16,,,0,70,,3899,16,,,0,45,,3900,16,,,0,85,,3901,16,,,0,85,,3902,16,,,0,86,,3903,16,,,0,98,,3904,16,,,0
1000,'Sunday-01',825,,3905,16,,,0,100,,3906,16,,,0,100,,3907,16,,,0,100,,3908,16,,,0,100,,3909,16,,,0,100,,3910,16,,,0,100,,3911,16,,,0,100,,3912,16,,,0,100,,3913,16,,,0,100,,3914,16,,,0,100,,3915,16,,,0
1000,'Weekday-01',611,,3934,16,,,0,30,,3935,16,,,0,70,,3936,16,,,0,30,,3937,16,,,0,70,,3938,16,,,0,30,,3916,16,,,0,70,,3917,16,,,0,30,,3918,16,,,0,70,,3919,16,,,0,30,,3920,16,,,0,70,,3921,16,,,0,30,,3922,16,,,0,70,,3923,16,,,0,30,,3924,16,,,0,70,,3925,16,,,0,30,,3926,16,,,0,70,,3927,16,,,0,30,,3939,16,,,0,70,,3940,16,,,0,30,,3941,16,,,0,70,,3942,16,,,0,30,,3943,16,,,0,70,,3944,16,,,0,30,,3945,16,,,0,70,,3928,16,,,0,45,,3929,16,,,0,85,,3930,16,,,0,85,,3931,16,,,0,86,,3932,16,,,0,98,,3933,16,,,0
1500,'Saturday-01',854,,4163,20,,,0,90,,4164,20,,,0,90,,4165,20,,,0,90,,4166,20,,,0,90,,4167,20,,,0,90,,4168,20,,,0,50,,4169,20,,,0,90,,4170,20,,,0,90,,4171,20,,,0,90,,4172,20,,,0,90,,4173,20,,,0,90,,4162,20,,,0
1500,'Weekday-01',854,,4174,20,,,0,90,,4176,20,,,0,90,,4177,20,,,0,90,,4178,20,,,0,90,,4179,20,,,0,90,,4180,20,,,0,50,,4181,20,,,0,90,,4182,20,,,0,90,,4183,20,,,0,90,,4184,20,,,0,90,,4185,20,,,0,90,,4175,20,,,0
2401,'Weekday-01',614,,4487,16,,,0,20,,4488,16,,,0,20,,4489,16,,,0,60,,4490,16,,,0,20,,4491,16,,,0,20,,4492,16,,,0,60,,4493,16,,,0,20,,4494,16,,,0,20,,4495,16,,,0,60,,4496,16,,,0,720,,4497,16,,,0,80,,4498,16,,,0,40,,4499,16,,,0,80,,4500,16,,,0,80,,4501,16,,,0,40,,4502,16,,,0,80,,4503,16,,,0,80,,4504,16,,,0,20,,4505,16,,,0,20,,4506,16,,,0,60,,4507,16,,,0,20,,4508,16,,,0,20,,4509,16,,,0,60,,4510,16,,,0,20,,4511,16,,,0,20,,4486,16,,,0,60,,4512,16,,,0
4001,'Saturday-01',619,,4651,34,,,0,100,,4652,34,,,0,30,,4653,34,,,0,70,,4654,34,,,0,30,,4655,34,,,0,70,,4656,34,,,0,30,,4657,34,,,0,70,,4658,34,,,0,30,,4659,34,,,0,70,,4660,34,,,0,30,,4661,34,,,0,70,,4662,34,,,0,30,,4663,34,,,0,70,,4664,34,,,0,30,,4665,34,,,0,70,,4666,34,,,0,30,,4667,34,,,0,70,,4668,34,,,0,30,,4669,34,,,0,70,,4670,34,,,0,30,,4671,34,,,0,70,,4672,34,,,0,30,,4673,34,,,0,70,,4674,34,,,0,30,,4675,34,,,0,70,,4676,34,,,0,30,,4677,34,,,0,70,,4678,34,,,0,30,,4679,34,,,0,70,,4680,34,,,0,30,,4681,34,,,0,70,,4682,34,,,0,30,,4683,34,,,0,70,,4684,34,,,0,100,,4685,34,,,0
4001,'Sunday-01',819,,4687,34,,,0,30,,4688,34,,,0,70,,4689,34,,,0,30,,4690,34,,,0,70,,4691,34,,,0,30,,4692,34,,,0,70,,4693,34,,,0,30,,4694,34,,,0,70,,4695,34,,,0,30,,4696,34,,,0,70,,4697,34,,,0,30,,4698,34,,,0,70,,4699,34,,,0,30,,4700,34,,,0,70,,4701,34,,,0,30,,4702,34,,,0,70,,4703,34,,,0,30,,4704,34,,,0,70,,4705,34,,,0,30,,4706,34,,,0,70,,4707,34,,,0
4001,'Weekday-01',619,,4743,34,,,0,30,,4708,34,,,0,70,,4709,34,,,0,30,,4710,34,,,0,70,,4711,34,,,0,30,,4712,34,,,0,70,,4713,34,,,0,30,,4714,34,,,0,70,,4715,34,,,0,30,,4716,34,,,0,70,,4717,34,,,0,30,,4718,34,,,0,70,,4719,34,,,0,30,,4720,34,,,0,70,,4721,34,,,0,30,,4722,34,,,0,70,,4723,34,,,0,30,,4724,34,,,0,70,,4725,34,,,0,30,,4726,34,,,0,70,,4727,34,,,0,30,,4728,34,,,0,70,,4729,34,,,0,30,,4730,34,,,0,70,,4731,34,,,0,30,,4732,34,,,0,70,,4733,34,,,0,30,,4734,34,,,0,70,,4735,34,,,0,30,,4736,34,,,0,70,,4737,34,,,0,30,,4738,34,,,0,70,,4739,34,,,0,30,,4740,34,,,0,70,,4741,34,,,0,100,,4742,34,,,0
2400025501,'Weekday-01-1111100',1531,,5087,20,,,0
