200,'Saturday-01',637,,2780,24,,,0,81,,2754,74,,,0,30,,2755,74,,,0,70,,2756,74,,,0,30,,2757,74,,,0,70,,2758,74,,,0,30,,2759,74,,,0,70,,2760,74,,,0,30,,2761,74,,,0,70,,2762,74,,,0,30,,2763,74,,,0,70,,2764,74,,,0,30,,2765,74,,,0,70,,2766,74,,,0,30,,2767,74,,,0,70,,2768,74,,,0,30,,2769,74,,,0,70,,2770,74,,,0,30,,2771,74,,,0,70,,2772,74,,,0,30,,2773,74,,,0,70,,2774,74,,,0,30,,2775,74,,,0,70,,2776,74,,,0,30,,2777,74,,,0,70,,2778,74,,,0,30,,2779,74,,,0,70,,2781,74,,,0,22,,2782,74,,,0,78,,2783,74,,,0,22,,2784,74,,,0,96,,2785,74,,,0,100,,2786,74,,,0,100,,2787,74,,,0
200,'Sunday-01',909,,2788,74,,,0,30,,2789,74,,,0,70,,2790,74,,,0,30,,2791,74,,,0,70,,2792,74,,,0,30,,2793,74,,,0,70,,2794,74,,,0,30,,2795,74,,,0,70,,2796,74,,,0,30,,2797,74,,,0,70,,2798,74,,,0,30,,2799,74,,,0,70,,2800,74,,,0,30,,2801,74,,,0,70,,2802,74,,,0,30,,2803,74,,,0,70,,2804,74,,,0,30,,2805,74,,,0,70,,2806,74,,,0
200,'Weekday-01',646,,2808,74,,,0,70,,2807,74,,,0,15,,2848,74,,,0,15,,2811,74,,,0,55,,2812,74,,,0,15,,2813,74,,,0,15,,2814,74,,,0,15,,2809,74,,,0,55,,2810,74,,,0,30,,2815,74,,,0,70,,2816,74,,,0,20,,2839,74,,,0,30,,2820,74,,,0,70,,2821,74,,,0,30,,2822,74,,,0,70,,2823,74,,,0,30,,2824,74,,,0,70,,2825,74,,,0,30,,2826,74,,,0,70,,2817,74,,,0,25,,2818,74,,,0,65,,2819,74,,,0,35,,2827,74,,,0,55,,2828,74,,,0,15,,2829,74,,,0,15,,2830,74,,,0,15,,2831,74,,,0,55,,2832,74,,,0,15,,2833,74,,,0,15,,2834,74,,,0,15,,2835,74,,,0,70,,2840,74,,,0,30,,2841,74,,,0,70,,2842,74,,,0,30,,2843,74,,,0,70,,2844,74,,,0,30,,2836,74,,,0,70,,2837,74,,,0,20,,2838,74,,,0,100,,2845,74,,,0,100,,2846,74,,,0,100,,2847,74,,,0
700,'Saturday-01',708,,3402,80,,,0,100,,3403,80,,,0,30,,3404,80,,,0,70,,3405,80,,,0,30,,3406,80,,,0,70,,3407,80,,,0,30,,3408,80,,,0,70,,3409,80,,,0,30,,3410,80,,,0,70,,3411,80,,,0,30,,3412,80,,,0,70,,3413,80,,,0,30,,3414,80,,,0,70,,3415,80,,,0,30,,3416,80,,,0,70,,3417,80,,,0,30,,3418,80,,,0,70,,3419,80,,,0,30,,3420,80,,,0,70,,3421,80,,,0,30,,3422,80,,,0,70,,3423,80,,,0,32,,3424,80,,,0,80,,3425,80,,,0,85,,3426,80,,,0,30,,3427,80,,,0,95,,3428,80,,,0,100,,3429,80,,,0,100,,3430,80,,,0,100,,3431,80,,,0
700,'Sunday-01',909,,3442,80,,,0,30,,3443,80,,,0,70,,3444,80,,,0,30,,3445,80,,,0,70,,3446,80,,,0,30,,3447,80,,,0,70,,3448,80,,,0,30,,3449,80,,,0,70,,3450,80,,,0,30,,3451,80,,,0,70,,3441,80,,,0,30,,3437,80,,,0,70,,3432,80,,,0,30,,3433,80,,,0,70,,3434,80,,,0,30,,3435,80,,,0,70,,3436,80,,,0,30,,3438,80,,,0,70,,3439,80,,,0,30,,3440,80,,,0
700,'Weekday-01',638,,3452,80,,,0,70,,3453,80,,,0,15,,3454,80,0,7,0,15,,3455,80,,,0,15,,3456,80,,,0,55,,3457,80,,,0,23,,3458,80,,,0,7,,3459,80,,,0,15,,3460,80,,,0,55,,3461,80,,,0,15,,3462,80,,,0,15,,3463,80,,,0,70,,3464,80,,,0,30,,3465,80,,,0,70,,3466,80,,,0,30,,3467,80,,,0,70,,3468,80,,,0,30,,3469,80,,,0,70,,3470,80,,,0,30,,3471,80,,,0,70,,3472,80,,,0,30,,3473,80,,,0,70,,3474,80,,,0,25,,3475,80,,,0,70,,3476,80,,,0,30,,3477,80,,,0,70,,3478,80,,,0,30,,3479,80,,,0,70,,3480,80,,,0,37,,3481,80,,,0,85,,3482,80,,,0,85,,3483,80,,,0,25,,3484,80,,,0,100,,3485,80,,,0,100,,3486,80,,,0,100,,3487,80,,,0,100,,3488,80,,,0
1200,'Saturday-01',827,,4039,10,,,0,30,,4040,10,,,0,65,,4020,87,,,0,30,,4021,87,,,0,70,,4022,87,,,0,30,,4023,87,,,0,70,,4024,87,,,0,30,,4025,87,,,0,70,,4026,87,,,0,30,,4027,87,,,0,70,,4028,87,,,0,30,,4029,87,,,0,70,,4030,87,,,0,30,,4031,87,,,0,70,,4032,87,,,0,30,,4033,87,,,0,70,,4034,87,,,0,30,,4035,87,,,0,70,,4036,87,,,0,30,,4041,87,,,0,70,,4042,87,,,0
1200,'Weekday-01',648,,4086,83,,,0,70,,4087,83,,,0,30,,4088,83,,,0,70,,4089,83,,,0,34,,4075,87,,,0,70,,4076,87,,,0,30,,4067,87,,,0,70,,4068,87,,,0,30,,4066,87,,,0,70,,4065,87,,,0,30,,4064,87,,,0,70,,4063,87,,,0,30,,4062,87,,,0,70,,4061,87,,,0,30,,4060,87,,,0,70,,4059,87,,,0,30,,4084,87,,,0,70,,4083,87,,,0,30,,4082,87,,,0,70,,4081,87,,,0,30,,4077,87,,,0,70,,4078,87,,,0,30,,4079,87,,,0,70,,4080,87,,,0
5000,'Saturday-01',653,,4748,19,,,0,100,,4749,19,,,0,100,,4750,19,,,0,70,,4751,19,,,0,30,,4752,19,,,0,70,,4753,19,,,0,30,,4754,19,,,0,70,,4755,19,,,0,30,,4756,19,,,0,70,,4757,19,,,0,30,,4758,19,,,0,70,,4759,19,,,0,30,,4760,19,,,0,70,,4761,19,,,0,30,,4762,19,,,0,70,,4763,19,,,0,30,,4764,19,,,0,70,,4765,19,,,0,30,,4766,19,,,0,70,,4767,19,,,0,30,,4768,19,,,0,70,,4769,19,,,0,30,,4770,19,,,0,70,,4771,19,,,0,30,,4772,19,,,0,70,,4773,19,,,0,33,,4774,19,,,0,70,,4775,19,,,0,77,,4745,19,,,0,100,,4746,19,,,0,100,,4747,19,,,0
5000,'Sunday-01',848,,4776,19,,,0,100,,4777,19,,,0,100,,4778,19,,,0,70,,4779,19,,,0,30,,4780,19,,,0,70,,4781,19,,,0,30,,4782,19,,,0,70,,4783,19,,,0,30,,4784,19,,,0,70,,4785,19,,,0,30,,4786,19,,,0,70,,4787,19,,,0,30,,4788,19,,,0,70,,4789,19,,,0,30,,4790,19,,,0,70,,4791,19,,,0
5000,'Weekday-01',624,,4792,19,,,0,30,,4793,19,,,0,70,,4794,19,,,0,30,,4795,19,,,0,70,,4796,19,,,0,30,,4797,19,,,0,70,,4798,19,,,0,30,,4799,19,,,0,70,,4800,19,,,0,30,,4801,19,,,0,70,,4802,19,,,0,30,,4803,19,,,0,70,,4804,19,,,0,30,,4805,19,,,0,70,,4806,19,,,0,30,,4807,19,,,0,70,,4808,19,,,0,30,,4809,19,,,0,70,,4810,19,,,0,30,,4811,19,,,0,70,,4812,19,,,0,30,,4813,19,,,0,70,,4814,19,,,0,30,,4815,19,,,0,70,,4816,19,,,0,30,,4817,19,,,0,70,,4818,19,,,0,30,,4819,19,,,0,70,,4820,19,,,0,32,,4821,19,,,0,70,,4822,19,,,0,78,,4823,19,0,11 12,0,100,,4824,19,0,11 12,0,100,,4825,19,0,11 12,0
