400,'Saturday-01',704,,605,77,,,0,30,,573,77,,,0,70,,604,77,,,0,30,,603,77,,,0,70,,574,77,,,0,30,,602,77,,,0,70,,575,77,,,0,30,,601,77,,,0,70,,600,77,,,0,30,,576,77,,,0,70,,599,77,,,0,30,,577,77,,,0,70,,578,77,,,0,30,,598,77,,,0,70,,597,77,,,0,30,,579,77,,,0,70,,596,77,,,0,30,,595,77,,,0,70,,580,77,,,0,30,,581,77,,,0,70,,582,77,,,0,30,,594,77,,,0,70,,593,77,,,0,30,,592,77,,,0,70,,583,77,,,0,30,,584,77,,,0,70,,591,77,,,0,34,,590,77,,,0,70,,589,77,,,0,30,,585,77,,,0,100,,588,77,,,0,100,,587,77,,,0,100,,586,77,,,0
400,'Sunday-01',853,,606,77,,,0,70,,617,77,,,0,30,,607,77,,,0,70,,618,77,,,0,30,,608,77,,,0,70,,619,77,,,0,30,,609,77,,,0,70,,620,77,,,0,30,,610,77,,,0,70,,621,77,,,0,30,,611,77,,,0,70,,622,77,,,0,30,,612,77,,,0,70,,623,77,,,0,30,,613,77,,,0,70,,624,77,,,0,30,,614,77,,,0,70,,625,77,,,0,30,,615,77,,,0,70,,626,77,,,0,30,,616,77,,,0
400,'Weekday-01',641,,627,77,,,0,70,,628,77,,,0,30,,629,77,,,0,70,,630,77,,,0,30,,631,77,,,0,70,,632,77,,,0,30,,633,77,,,0,70,,634,77,,,0,30,,635,77,,,0,70,,636,77,,,0,30,,637,77,,,0,70,,638,77,,,0,30,,639,77,,,0,70,,640,77,,,0,30,,641,77,,,0,70,,642,77,,,0,30,,643,77,,,0,70,,644,77,,,0,30,,645,77,,,0,70,,646,77,,,0,30,,647,77,,,0,70,,648,77,,,0,30,,649,77,,,0,70,,650,77,,,0,32,,651,77,,,0,65,,652,77,,,0,30,,653,77,,,0,70,,654,77,,,0,30,,655,77,,,0,70,,656,77,,,0,30,,657,77,,,0,100,,658,77,,,0,100,,659,77,,,0,100,,660,77,,,0
900,'Saturday-01',613,,1144,28,,,0,30,,1145,28,,,0,70,,1146,28,,,0,30,,1147,28,,,0,70,,1148,28,,,0,30,,1149,28,,,0,70,,1150,28,,,0,30,,1151,28,,,0,70,,1152,28,,,0,30,,1153,28,,,0,70,,1154,28,,,0,30,,1155,28,,,0,70,,1156,28,,,0,30,,1157,28,,,0,70,,1158,28,,,0,30,,1159,28,,,0,70,,1160,28,,,0,30,,1161,28,,,0,70,,1162,28,,,0,30,,1163,28,,,0,70,,1164,28,,,0,30,,1165,28,,,0,89,,1166,28,,,0,70,,1167,28,,,0,30,,1168,28,,,0,85,,1169,28,,,0,30,,1171,28,,,0,85,,1172,28,,,0,100,,1173,28,,,0,100,,1174,28,,,0,100,,1170,28,,,0
900,'Sunday-01',743,,1194,28,,,0,70,,1196,28,,,0,30,,1184,28,,,0,70,,1183,28,,,0,30,,1185,28,,,0,70,,1178,28,,,0,30,,1186,28,,,0,70,,1179,28,,,0,30,,1187,28,,,0,70,,1180,28,,,0,30,,1188,28,,,0,70,,1181,28,,,0,30,,1189,28,,,0,70,,1182,28,,,0,30,,1190,28,,,0,70,,1175,28,,,0,30,,1191,28,,,0,70,,1176,28,,,0,30,,1192,28,,,0,70,,1177,28,,,0,30,,1193,28,,,0,70,,1195,28,,,0
900,'Weekday-01',543,,1197,28,,,0,70,,1198,28,,,0,25,,1199,28,,,0,70,,1200,28,,,0,30,,1201,28,,,0,70,,1202,28,,,0,30,,1203,28,,,0,75,,1204,28,,,0,30,,1205,28,,,0,70,,1206,28,,,0,30,,1207,28,,,0,70,,1208,28,,,0,30,,1209,28,,,0,70,,1210,28,,,0,30,,1211,28,,,0,70,,1212,28,,,0,30,,1213,28,,,0,70,,1214,28,,,0,30,,1215,28,,,0,15,,1216,28,,,0,55,,1217,28,,,0,15,,1218,28,,,0,15,,1219,28,,,0,70,,1220,28,,,0,15,,1221,28,,,0,15,,1222,28,,,0,15,,1223,28,,,0,69,,1224,28,,,0,30,,1225,28,,,0,70,,1226,28,,,0,85,,1227,28,,,0,31,,1228,28,,,0,85,,1229,28,,,0,100,,1230,28,,,0,100,,1231,28,,,0,100,,1232,28,,,0
1801,'Saturday-01',647,,1751,12,,,0,70,,1752,12,,,0,30,,1753,12,,,0,70,,1754,12,,,0,30,,1755,12,,,0,70,,1756,12,,,0,30,,1757,12,,,0,70,,1758,12,,,0,30,,1759,12,,,0,70,,1760,12,,,0,30,,1761,12,,,0,70,,1762,12,,,0,30,,1763,12,,,0,70,,1764,12,,,0,30,,1765,12,,,0,70,,1766,12,,,0,30,,1767,12,,,0,70,,1768,12,,,0,30,,1769,12,,,0,70,,1770,12,,,0,30,,1771,12,,,0,70,,1772,12,,,0,30,,1773,12,,,0,70,,1774,12,,,0,30,,1775,12,,,0
1801,'Sunday-01',847,,1780,12,,,0,100,,1781,12,,,0,100,,1782,12,,,0,100,,1783,12,,,0,100,,1784,12,,,0,100,,1785,12,,,0,100,,1786,12,,,0,100,,1787,12,,,0,100,,1788,12,,,0,100,,1779,12,,,0,100,,1789,12,,,0
1801,'Weekday-01',647,,1792,12,,,0,70,,1793,12,,,0,30,,1794,12,,,0,55,,1821,12,,,0,15,,1795,12,,,0,15,,1822,12,,,0,15,,1796,12,,,0,55,,1823,12,,,0,15,,1797,12,,,0,15,,1824,12,,,0,15,,1798,12,,,0,55,,1825,12,,,0,15,,1799,12,,,0,15,,1826,12,,,0,15,,1800,12,,,0,70,,1801,12,,,0,30,,1802,12,,,0,70,,1803,12,,,0,30,,1804,12,,,0,70,,1805,12,,,0,30,,1806,12,,,0,70,,1807,12,,,0,30,,1808,12,,,0,55,,1827,12,,,0,15,,1809,12,,,0,15,,1828,12,,,0,15,,1810,12,,,0,55,,1829,12,,,0,15,,1811,12,,,0,15,,1830,12,,,0,15,,1812,12,,,0,55,,1831,12,,,0,15,,1813,12,,,0,15,,1832,12,,,0,15,,1814,12,,,0,70,,1815,12,,,0,30,,1816,12,,,0,70,,1817,12,,,0,100,,1818,12,,,0,100,,1819,12,,,0,94,,1820,12,,,0
2400025501,'Weekday-01-1111100',1517,,2564,6,,,0
