100,'Saturday-01',554,,2545,1,0,5,0,70,,2546,1,0,5,0,100,,2551,1,0,5,0,30,,2552,1,0,5,0,70,,2553,1,0,5,0,30,,2554,1,0,5,0,70,,2555,1,0,5,0,30,,2556,1,0,5,0,70,,2557,1,0,5,0,30,,2558,1,0,5,0,70,,2559,1,0,5,0,30,,2547,1,0,5,0,70,,2548,1,0,5,0,30,,2569,1,0,5,0,70,,2570,1,0,5,0,20,,2549,1,0,5,0,70,,2550,1,0,5,0,30,,2565,1,0,5,0,70,,2566,1,0,5,0,30,,2567,1,0,5,0,70,,2568,1,0,5,0,30,,2571,1,0,5,0,70,,2572,1,0,5,0,30,,2573,1,0,5,0,91,,2560,1,0,5,0,18,,2560,30,0,5,0,52,,2561,1,0,5,0,18,,2561,30,0,5,0,12,,2574,1,0,5,0,18,,2574,30,0,5,0,65,,2575,1,0,5,0,18,,2575,30,0,5,0,12,,2562,1,0,5,0,58,,2562,30,0,5,0,37,,2576,1,0,5,0,58,,2576,30,0,5,0,25,,2577,1,0,5,0,18,,2577,30,0,5,0,2,,2578,1,0,5,0,58,,2578,30,0,5,0,42,,2563,1,0,5,0,58,,2563,30,0,5,0,27,,2579,1,0,5,0,18,,2579,30,4,,0
100,'Sunday-01',730,,2582,1,0,5,0,21,,2582,30,0,5,0,79,,2583,1,0,5,0,21,,2583,30,0,5,0,79,,2584,1,0,5,0,21,,2584,30,0,5,0,79,,2585,1,0,5,0,21,,2585,30,0,5,0,79,,2587,1,0,5,0,21,,2587,30,0,5,0,79,,2588,1,0,5,0,21,,2588,30,0,5,0,84,,2589,1,0,5,0,21,,2589,30,0,5,0,79,,2590,1,0,5,0,21,,2590,30,0,5,0,84,,2591,1,0,5,0,61,,2591,30,0,5,0,39,,2586,1,0,5,0,61,,2586,30,0,5,0,39,,2580,1,0,5,0,61,,2580,30,0,5,0,48,,2581,1,0,5,0,61,,2581,30,4,,0
100,'Weekday-01',549,,2604,1,0,8,0,10,,2630,1,0,8,0,45,,2605,1,0,8,0,15,,2606,1,0,8,0,15,,2607,1,0,8,0,20,,2593,1,0,5,0,55,,2610,1,0,8,0,15,,2594,1,0,5,0,20,,2595,1,0,5,0,60,,2596,1,0,5,0,30,,2597,1,0,5,0,20,,2598,1,0,5,0,60,,2599,1,0,5,0,30,,2615,1,0,5,0,70,,2616,1,0,5,0,30,,2617,1,0,5,0,70,,2618,1,0,5,0,30,,2611,1,0,8,0,70,,2612,1,0,8,0,35,,2608,1,0,8,0,70,,2609,1,0,8,0,25,,2613,1,0,8,0,70,,2614,1,0,8,0,30,,2637,1,0,8,0,15,,2631,1,0,8,0,55,,2619,1,0,5,0,15,,2632,1,0,8,0,15,,2620,1,0,5,0,15,,2633,1,0,8,0,55,,2600,1,0,5,0,15,,2634,1,0,8,0,15,,2601,1,0,5,0,15,,2635,1,0,8,0,55,,2602,1,0,5,0,30,,2636,1,0,8,0,60,,2603,1,0,5,0,6,,2621,1,0,5,0,24,,2621,30,0,5,0,6,,2622,1,0,5,0,64,,2622,30,0,5,0,16,,2638,1,0,8,0,10,,2625,1,0,8,0,14,,2638,30,0,8,0,10,,2625,30,0,8,0,46,,2626,1,0,8,0,24,,2626,30,0,8,0,6,,2627,1,0,8,0,24,,2627,30,0,8,0,76,,2628,1,0,8,0,20,,2629,1,0,8,0,4,,2628,30,0,8,0,60,,2629,30,0,8,0,36,,2623,1,0,5,0,64,,2623,30,0,5,0,36,,2624,1,0,5,0,60,,2639,1,0,5,0,2,,2624,30,0,5,0,14,,2639,30,4,,0,14,,2640,1,0,5,0,16,,2640,30,4,,0
101,'Saturday-01',714,,2641,19,4,,0,30,,2642,58,4,,0,70,,2643,58,4,,0,35,,2673,54,4,,0,70,,2662,54,4,,0,30,,2663,54,4,,0,70,,2664,54,4,,0,30,,2665,54,4,,0,70,,2666,54,4,,0,30,,2667,54,4,,0,70,,2668,54,4,,0,30,,2669,54,4,,0,70,,2652,56,4,,0,25,,2644,58,4,,0,70,,2645,58,4,,0,10,,2653,56,4,,0,35,,2654,56,4,,0,75,,2646,58,4,,0,80,,2647,58,4,,0,15,,2658,56,4,,0,80,,2659,54,4,,0,30,,2660,54,4,,0,80,,2655,56,4,,0,30,,2656,56,4,,0,70,,2657,56,4,,0,99,,2670,54,4,,0,30,,2671,54,4,,0,95,,2648,58,4,,0,83,,2649,58,4,,0,20,,2661,54,4,,0,100,,2650,58,4,,0,85,,2651,58,4,,0
101,'Sunday-01',830,,2674,54,4,,0,100,,2675,56,4,,0,100,,2676,56,4,,0,100,,2677,56,4,,0,100,,2678,56,4,,0,105,,2681,58,4,,0,100,,2682,58,4,,0,105,,2683,58,4,,0,100,,2684,58,4,,0,100,,2679,56,4,,0,109,,2680,56,4,,0
101,'Weekday-01',549,,2685,9,4,,0,55,,2686,9,4,,0,30,,2733,54,4,,0,16,,2688,45,4,,0,50,,2716,54,4,,0,24,,2705,45,4,,0,20,,2689,58,4,,0,15,,2690,58,4,,0,55,,2691,58,4,,0,6,,2717,54,4,,0,9,,2692,58,4,,0,21,,2687,45,4,,0,60,,2719,54,4,,0,20,,2720,54,4,,0,70,,2732,54,4,,0,40,,2721,54,4,,0,74,,2722,54,4,,0,30,,2723,54,4,,0,70,,2724,54,4,,0,30,,2725,54,4,,0,100,,2693,58,4,,0,70,,2694,58,4,,0,30,,2695,58,4,,0,70,,2696,58,4,,0,30,,2697,58,4,,0,70,,2698,58,4,,0,11,,2706,56,4,,0,10,,2707,56,4,,0,10,,2726,54,4,,0,60,,2708,56,4,,0,14,,2727,54,4,,0,16,,2709,56,4,,0,9,,2728,54,4,,0,60,,2710,56,4,,0,6,,2729,54,4,,0,25,,2711,56,4,,0,5,,2730,54,4,,0,80,,2712,56,4,,0,10,,2731,54,4,,0,70,,2718,54,4,,0,30,,2714,54,4,,0,90,,2699,58,4,,0,20,,2700,58,4,,0,75,,2701,58,4,,0,30,,2702,58,4,,0,100,,2703,58,4,,0,65,,2704,58,4,,0,30,,2715,54,4,,0
500,'Saturday-01',712,,3293,20,,,0,100,,3294,20,,,0,100,,3295,20,,,0,100,,3296,20,,,0,100,,3297,20,,,0,100,,3298,20,,,0,100,,3299,20,,,0,100,,3300,20,,,0,100,,3301,20,,,0,100,,3302,20,,,0,100,,3303,20,,,0,102,,3304,20,,,0
500,'Weekday-01',624,,3305,20,,,0,30,,3306,20,,,0,70,,3307,20,,,0,30,,3308,20,,,0,70,,3309,20,,,0,90,,3310,20,,,0,100,,3311,20,,,0,100,,3312,20,,,0,100,,3313,20,,,0,100,,3314,20,,,0,100,,3315,20,,,0,100,,3316,20,,,0,34,,3321,7,,,0,76,,3317,20,,,0,30,,3318,20,,,0,70,,3319,20,,,0,35,,3320,20,,,0
600,'Weekday-01',639,,3354,27,,,0,70,,3355,27,,,0,30,,3356,27,,,0,70,,3357,27,,,0,30,,3358,27,,,0,70,,3366,27,4,,0,30,,3367,27,4,,0,500,,3359,27,,,0,100,,3360,27,,,0,70,,3361,27,,,0,30,,3362,27,,,0,70,,3363,27,,,0,30,,3364,27,,,0,70,,3365,27,,,0
4001,'Saturday-01',630,,4631,40,,,0,100,,4632,40,,,0,70,,4633,40,,,0,30,,4634,40,,,0,70,,4635,40,,,0,30,,4636,40,,,0,70,,4637,40,,,0,30,,4638,40,,,0,70,,4639,40,,,0,30,,4640,40,,,0,70,,4641,40,,,0,30,,4642,40,,,0,70,,4643,40,,,0,30,,4644,40,,,0,70,,4645,40,,,0,30,,4646,40,,,0,70,,4647,40,,,0,30,,4648,40,,,0,70,,4649,40,,,0,30,,4650,40,,,0,70,,4651,40,,,0,30,,4652,40,,,0,70,,4653,40,,,0,30,,4654,40,,,0,70,,4655,40,,,0,30,,4656,40,,,0,70,,4657,40,,,0,30,,4658,40,,,0,70,,4659,40,,,0,30,,4660,40,,,0,70,,4661,40,,,0,30,,4662,40,,,0,70,,4663,40,,,0,30,,4664,40,,,0,100,,4665,40,,,0
4001,'Sunday-01',830,,4667,40,,,0,70,,4668,40,,,0,30,,4669,40,,,0,70,,4670,40,,,0,30,,4671,40,,,0,70,,4672,40,,,0,30,,4673,40,,,0,70,,4674,40,,,0,30,,4675,40,,,0,70,,4676,40,,,0,30,,4677,40,,,0,70,,4678,40,,,0,30,,4679,40,,,0,70,,4680,40,,,0,30,,4681,40,,,0,70,,4682,40,,,0,30,,4683,40,,,0,70,,4684,40,,,0,30,,4685,40,,,0,70,,4686,40,,,0,30,,4687,40,,,0
4001,'Weekday-01',630,,4723,40,,,0,70,,4688,40,,,0,30,,4689,40,,,0,70,,4690,40,,,0,30,,4691,40,,,0,70,,4692,40,,,0,30,,4693,40,,,0,70,,4694,40,,,0,30,,4695,40,,,0,70,,4696,40,,,0,30,,4697,40,,,0,70,,4698,40,,,0,30,,4699,40,,,0,70,,4700,40,,,0,30,,4701,40,,,0,70,,4702,40,,,0,30,,4703,40,,,0,70,,4704,40,,,0,30,,4705,40,,,0,70,,4706,40,,,0,30,,4707,40,,,0,70,,4708,40,,,0,30,,4709,40,,,0,70,,4710,40,,,0,30,,4711,40,,,0,70,,4712,40,,,0,30,,4713,40,,,0,70,,4714,40,,,0,30,,4715,40,,,0,70,,4716,40,,,0,30,,4717,40,,,0,70,,4718,40,,,0,30,,4719,40,,,0,70,,4720,40,,,0,30,,4721,40,,,0,100,,4722,40,,,0
