400,'Saturday-01',703,,605,75,,,0,30,,573,75,,,0,70,,604,75,,,0,30,,603,75,,,0,70,,574,75,,,0,30,,602,75,,,0,70,,575,75,,,0,30,,601,75,,,0,70,,600,75,,,0,30,,576,75,,,0,70,,599,75,,,0,30,,577,75,,,0,70,,578,75,,,0,30,,598,75,,,0,70,,597,75,,,0,30,,579,75,,,0,70,,596,75,,,0,30,,595,75,,,0,70,,580,75,,,0,30,,581,75,,,0,70,,582,75,,,0,30,,594,75,,,0,70,,593,75,,,0,30,,592,75,,,0,70,,583,75,,,0,30,,584,75,,,0,70,,591,75,,,0,34,,590,75,,,0,70,,589,75,,,0,30,,585,75,,,0,100,,588,75,,,0,100,,587,75,,,0,100,,586,75,,,0
400,'Sunday-01',852,,606,75,,,0,70,,617,75,,,0,30,,607,75,,,0,70,,618,75,,,0,30,,608,75,,,0,70,,619,75,,,0,30,,609,75,,,0,70,,620,75,,,0,30,,610,75,,,0,70,,621,75,,,0,30,,611,75,,,0,70,,622,75,,,0,30,,612,75,,,0,70,,623,75,,,0,30,,613,75,,,0,70,,624,75,,,0,30,,614,75,,,0,70,,625,75,,,0,30,,615,75,,,0,70,,626,75,,,0,30,,616,75,,,0
400,'Weekday-01',640,,627,75,,,0,70,,628,75,,,0,30,,629,75,,,0,70,,630,75,,,0,30,,631,75,,,0,70,,632,75,,,0,30,,633,75,,,0,70,,634,75,,,0,30,,635,75,,,0,70,,636,75,,,0,30,,637,75,,,0,70,,638,75,,,0,30,,639,75,,,0,70,,640,75,,,0,30,,641,75,,,0,70,,642,75,,,0,30,,643,75,,,0,70,,644,75,,,0,30,,645,75,,,0,70,,646,75,,,0,30,,647,75,,,0,70,,648,75,,,0,30,,649,75,,,0,70,,650,75,,,0,32,,651,75,,,0,65,,652,75,,,0,30,,653,75,,,0,70,,654,75,,,0,30,,655,75,,,0,70,,656,75,,,0,30,,657,75,,,0,100,,658,75,,,0,100,,659,75,,,0,100,,660,75,,,0
900,'Saturday-01',612,,1144,26,,,0,30,,1145,26,,,0,70,,1146,26,,,0,30,,1147,26,,,0,70,,1148,26,,,0,30,,1149,26,,,0,70,,1150,26,,,0,30,,1151,26,,,0,70,,1152,26,,,0,30,,1153,26,,,0,70,,1154,26,,,0,30,,1155,26,,,0,70,,1156,26,,,0,30,,1157,26,,,0,70,,1158,26,,,0,30,,1159,26,,,0,70,,1160,26,,,0,30,,1161,26,,,0,70,,1162,26,,,0,30,,1163,26,,,0,70,,1164,26,,,0,30,,1165,26,,,0,89,,1166,26,,,0,70,,1167,26,,,0,30,,1168,26,,,0,85,,1169,26,,,0,30,,1171,26,,,0,85,,1172,26,,,0,100,,1173,26,,,0,100,,1174,26,,,0,100,,1170,26,,,0
900,'Sunday-01',742,,1194,26,,,0,70,,1196,26,,,0,30,,1184,26,,,0,70,,1183,26,,,0,30,,1185,26,,,0,70,,1178,26,,,0,30,,1186,26,,,0,70,,1179,26,,,0,30,,1187,26,,,0,70,,1180,26,,,0,30,,1188,26,,,0,70,,1181,26,,,0,30,,1189,26,,,0,70,,1182,26,,,0,30,,1190,26,,,0,70,,1175,26,,,0,30,,1191,26,,,0,70,,1176,26,,,0,30,,1192,26,,,0,70,,1177,26,,,0,30,,1193,26,,,0,70,,1195,26,,,0
900,'Weekday-01',542,,1197,26,,,0,70,,1198,26,,,0,25,,1199,26,,,0,70,,1200,26,,,0,30,,1201,26,,,0,70,,1202,26,,,0,30,,1203,26,,,0,75,,1204,26,,,0,30,,1205,26,,,0,70,,1206,26,,,0,30,,1207,26,,,0,70,,1208,26,,,0,30,,1209,26,,,0,70,,1210,26,,,0,30,,1211,26,,,0,70,,1212,26,,,0,30,,1213,26,,,0,70,,1214,26,,,0,30,,1215,26,,,0,15,,1216,26,,,0,55,,1217,26,,,0,15,,1218,26,,,0,15,,1219,26,,,0,70,,1220,26,,,0,15,,1221,26,,,0,15,,1222,26,,,0,15,,1223,26,,,0,69,,1224,26,,,0,30,,1225,26,,,0,70,,1226,26,,,0,85,,1227,26,,,0,31,,1228,26,,,0,85,,1229,26,,,0,100,,1230,26,,,0,100,,1231,26,,,0,100,,1232,26,,,0
1801,'Saturday-01',646,,1751,10,,,0,70,,1752,10,,,0,30,,1753,10,,,0,70,,1754,10,,,0,30,,1755,10,,,0,70,,1756,10,,,0,30,,1757,10,,,0,70,,1758,10,,,0,30,,1759,10,,,0,70,,1760,10,,,0,30,,1761,10,,,0,70,,1762,10,,,0,30,,1763,10,,,0,70,,1764,10,,,0,30,,1765,10,,,0,70,,1766,10,,,0,30,,1767,10,,,0,70,,1768,10,,,0,30,,1769,10,,,0,70,,1770,10,,,0,30,,1771,10,,,0,70,,1772,10,,,0,30,,1773,10,,,0,70,,1774,10,,,0,30,,1775,10,,,0
1801,'Sunday-01',846,,1780,10,,,0,100,,1781,10,,,0,100,,1782,10,,,0,100,,1783,10,,,0,100,,1784,10,,,0,100,,1785,10,,,0,100,,1786,10,,,0,100,,1787,10,,,0,100,,1788,10,,,0,100,,1779,10,,,0,100,,1789,10,,,0
1801,'Weekday-01',646,,1792,10,,,0,70,,1793,10,,,0,30,,1794,10,,,0,55,,1821,10,,,0,15,,1795,10,,,0,15,,1822,10,,,0,15,,1796,10,,,0,55,,1823,10,,,0,15,,1797,10,,,0,15,,1824,10,,,0,15,,1798,10,,,0,55,,1825,10,,,0,15,,1799,10,,,0,15,,1826,10,,,0,15,,1800,10,,,0,70,,1801,10,,,0,30,,1802,10,,,0,70,,1803,10,,,0,30,,1804,10,,,0,70,,1805,10,,,0,30,,1806,10,,,0,70,,1807,10,,,0,30,,1808,10,,,0,55,,1827,10,,,0,15,,1809,10,,,0,15,,1828,10,,,0,15,,1810,10,,,0,55,,1829,10,,,0,15,,1811,10,,,0,15,,1830,10,,,0,15,,1812,10,,,0,55,,1831,10,,,0,15,,1813,10,,,0,15,,1832,10,,,0,15,,1814,10,,,0,70,,1815,10,,,0,30,,1816,10,,,0,70,,1817,10,,,0,100,,1818,10,,,0,100,,1819,10,,,0,94,,1820,10,,,0
2400025501,'Weekday-01-1111100',1516,,2564,4,,,0
