400,'Saturday-01',704,,605,78,,,0,30,,573,78,,,0,70,,604,78,,,0,30,,603,78,,,0,70,,574,78,,,0,30,,602,78,,,0,70,,575,78,,,0,30,,601,78,,,0,70,,600,78,,,0,30,,576,78,,,0,70,,599,78,,,0,30,,577,78,,,0,70,,578,78,,,0,30,,598,78,,,0,70,,597,78,,,0,30,,579,78,,,0,70,,596,78,,,0,30,,595,78,,,0,70,,580,78,,,0,30,,581,78,,,0,70,,582,78,,,0,30,,594,78,,,0,70,,593,78,,,0,30,,592,78,,,0,70,,583,78,,,0,30,,584,78,,,0,70,,591,78,,,0,35,,590,78,,,0,70,,589,78,,,0,30,,585,78,,,0,100,,588,78,,,0,100,,587,78,,,0,100,,586,78,,,0
400,'Sunday-01',854,,606,78,,,0,70,,617,78,,,0,30,,607,78,,,0,70,,618,78,,,0,30,,608,78,,,0,70,,619,78,,,0,30,,609,78,,,0,70,,620,78,,,0,30,,610,78,,,0,70,,621,78,,,0,30,,611,78,,,0,70,,622,78,,,0,30,,612,78,,,0,70,,623,78,,,0,30,,613,78,,,0,70,,624,78,,,0,30,,614,78,,,0,70,,625,78,,,0,30,,615,78,,,0,70,,626,78,,,0,30,,616,78,,,0
400,'Weekday-01',641,,627,78,,,0,70,,628,78,,,0,30,,629,78,,,0,70,,630,78,,,0,30,,631,78,,,0,70,,632,78,,,0,30,,633,78,,,0,70,,634,78,,,0,30,,635,78,,,0,70,,636,78,,,0,30,,637,78,,,0,70,,638,78,,,0,30,,639,78,,,0,70,,640,78,,,0,30,,641,78,,,0,70,,642,78,,,0,30,,643,78,,,0,70,,644,78,,,0,30,,645,78,,,0,70,,646,78,,,0,30,,647,78,,,0,70,,648,78,,,0,30,,649,78,,,0,70,,650,78,,,0,33,,651,78,,,0,65,,652,78,,,0,30,,653,78,,,0,70,,654,78,,,0,30,,655,78,,,0,70,,656,78,,,0,30,,657,78,,,0,100,,658,78,,,0,100,,659,78,,,0,100,,660,78,,,0
900,'Saturday-01',613,,1144,29,,,0,30,,1145,29,,,0,70,,1146,29,,,0,30,,1147,29,,,0,70,,1148,29,,,0,30,,1149,29,,,0,70,,1150,29,,,0,30,,1151,29,,,0,70,,1152,29,,,0,30,,1153,29,,,0,70,,1154,29,,,0,30,,1155,29,,,0,70,,1156,29,,,0,30,,1157,29,,,0,70,,1158,29,,,0,30,,1159,29,,,0,70,,1160,29,,,0,30,,1161,29,,,0,70,,1162,29,,,0,30,,1163,29,,,0,70,,1164,29,,,0,30,,1165,29,,,0,89,,1166,29,,,0,70,,1167,29,,,0,30,,1168,29,,,0,85,,1169,29,,,0,30,,1171,29,,,0,85,,1172,29,,,0,100,,1173,29,,,0,100,,1174,29,,,0,100,,1170,29,,,0
900,'Sunday-01',743,,1194,29,,,0,70,,1196,29,,,0,30,,1184,29,,,0,70,,1183,29,,,0,30,,1185,29,,,0,70,,1178,29,,,0,30,,1186,29,,,0,70,,1179,29,,,0,30,,1187,29,,,0,70,,1180,29,,,0,30,,1188,29,,,0,70,,1181,29,,,0,30,,1189,29,,,0,70,,1182,29,,,0,30,,1190,29,,,0,70,,1175,29,,,0,30,,1191,29,,,0,70,,1176,29,,,0,30,,1192,29,,,0,70,,1177,29,,,0,30,,1193,29,,,0,70,,1195,29,,,0
900,'Weekday-01',543,,1197,29,,,0,70,,1198,29,,,0,25,,1199,29,,,0,70,,1200,29,,,0,30,,1201,29,,,0,70,,1202,29,,,0,30,,1203,29,,,0,75,,1204,29,,,0,30,,1205,29,,,0,70,,1206,29,,,0,30,,1207,29,,,0,70,,1208,29,,,0,30,,1209,29,,,0,70,,1210,29,,,0,30,,1211,29,,,0,70,,1212,29,,,0,30,,1213,29,,,0,70,,1214,29,,,0,30,,1215,29,,,0,15,,1216,29,,,0,55,,1217,29,,,0,15,,1218,29,,,0,15,,1219,29,,,0,70,,1220,29,,,0,15,,1221,29,,,0,15,,1222,29,,,0,15,,1223,29,,,0,69,,1224,29,,,0,30,,1225,29,,,0,70,,1226,29,,,0,85,,1227,29,,,0,31,,1228,29,,,0,85,,1229,29,,,0,100,,1230,29,,,0,100,,1231,29,,,0,100,,1232,29,,,0
4001,'Saturday-01',606,,2128,26,,,0,100,,2129,26,,,0,30,,2130,26,,,0,70,,2131,26,,,0,30,,2132,26,,,0,70,,2133,26,,,0,30,,2134,26,,,0,70,,2135,26,,,0,30,,2136,26,,,0,70,,2137,26,,,0,30,,2138,26,,,0,70,,2139,26,,,0,30,,2140,26,,,0,70,,2141,26,,,0,30,,2142,26,,,0,70,,2143,26,,,0,30,,2144,26,,,0,70,,2145,26,,,0,30,,2146,26,,,0,70,,2147,26,,,0,30,,2148,26,,,0,70,,2149,26,,,0,30,,2150,26,,,0,70,,2151,26,,,0,30,,2152,26,,,0,70,,2153,26,,,0,30,,2154,26,,,0,70,,2155,26,,,0,30,,2156,26,,,0,70,,2157,26,,,0,30,,2158,26,,,0,70,,2159,26,,,0,30,,2160,26,,,0,70,,2161,26,,,0,100,,2162,26,,,0
4001,'Sunday-01',806,,2164,26,,,0,30,,2165,26,,,0,70,,2166,26,,,0,30,,2167,26,,,0,70,,2168,26,,,0,30,,2169,26,,,0,70,,2170,26,,,0,30,,2171,26,,,0,70,,2172,26,,,0,30,,2173,26,,,0,70,,2174,26,,,0,30,,2175,26,,,0,70,,2176,26,,,0,30,,2177,26,,,0,70,,2178,26,,,0,30,,2179,26,,,0,70,,2180,26,,,0,30,,2181,26,,,0,70,,2182,26,,,0,30,,2183,26,,,0,70,,2184,26,,,0
4001,'Weekday-01',606,,2220,26,,,0,30,,2185,26,,,0,70,,2186,26,,,0,30,,2187,26,,,0,70,,2188,26,,,0,30,,2189,26,,,0,70,,2190,26,,,0,30,,2191,26,,,0,70,,2192,26,,,0,30,,2193,26,,,0,70,,2194,26,,,0,30,,2195,26,,,0,70,,2196,26,,,0,30,,2197,26,,,0,70,,2198,26,,,0,30,,2199,26,,,0,70,,2200,26,,,0,30,,2201,26,,,0,70,,2202,26,,,0,30,,2203,26,,,0,70,,2204,26,,,0,30,,2205,26,,,0,70,,2206,26,,,0,30,,2207,26,,,0,70,,2208,26,,,0,30,,2209,26,,,0,70,,2210,26,,,0,30,,2211,26,,,0,70,,2212,26,,,0,30,,2213,26,,,0,70,,2214,26,,,0,30,,2215,26,,,0,70,,2216,26,,,0,30,,2217,26,,,0,70,,2218,26,,,0,100,,2219,26,,,0
2400025501,'Weekday-01-1111100',1518,,2564,7,,,0
