300,'Saturday-01',609,,400,1,,,0,30,,383,1,,,0,70,,384,1,,,0,30,,385,1,,,0,70,,386,1,,,0,30,,387,1,,,0,70,,388,1,,,0,30,,389,1,,,0,70,,390,1,,,0,30,,401,1,,,0,70,,391,1,,,0,30,,402,1,,,0,70,,403,1,,,0,30,,404,1,,,0,70,,405,1,,,0,30,,392,1,,,0,70,,393,1,,,0,30,,406,1,,,0,70,,394,1,,,0,30,,395,1,,,0,70,,396,1,,,0,30,,397,1,,,0,70,,407,1,,,0,32,,408,1,,,0,70,,398,1,,,0,30,,409,1,,,0,70,,399,1,,,0,30,,410,1,,,0,70,,414,1,,,0,30,,411,1,,,0,100,,412,1,,,0,100,,413,1,,,0,100,,415,1,,,0
300,'Sunday-01',800,,416,1,,,0,30,,417,1,,,0,70,,418,1,,,0,30,,419,1,,,0,70,,420,1,,,0,30,,421,1,,,0,70,,422,1,,,0,30,,423,1,,,0,70,,424,1,,,0,30,,425,1,,,0,70,,426,1,,,0,30,,427,1,,,0,70,,428,1,,,0,30,,429,1,,,0,70,,430,1,,,0,30,,431,1,,,0,70,,432,1,,,0,30,,433,1,,,0,70,,434,1,,,0,30,,435,1,,,0,70,,436,1,,,0
300,'Weekday-01',537,,437,1,,,0,70,,438,1,,,0,15,,439,1,,,0,15,,440,1,,,0,15,,441,1,,,0,55,,442,1,,,0,15,,443,1,,,0,15,,444,1,,,0,15,,445,1,,,0,55,,446,1,,,0,30,,447,1,,,0,70,,448,1,,,0,30,,449,1,,,0,70,,450,1,,,0,30,,451,1,,,0,70,,452,1,,,0,30,,453,1,,,0,70,,454,1,,,0,30,,455,1,,,0,70,,456,1,,,0,30,,457,1,,,0,70,,458,1,,,0,30,,459,1,,,0,70,,460,1,,,0,23,,461,1,,,0,7,,462,1,,,0,15,,463,1,,,0,55,,464,1,,,0,15,,465,1,,,0,15,,466,1,,,0,70,,467,1,,,0,30,,468,1,,,0,74,,469,1,,,0,30,,470,1,,,0,70,,471,1,,,0,30,,472,1,,,0,70,,477,1,,,0,30,,476,1,,,0,100,,473,1,,,0,100,,474,1,,,0,100,,475,1,,,0
301,'Saturday-01',734,,501,58,4,,0,70,,478,58,4,,0,30,,479,58,4,,0,70,,480,58,4,,0,30,,481,58,4,,0,70,,482,58,4,,0,30,,483,58,4,,0,70,,484,58,4,,0,30,,485,58,4,,0,70,,502,58,4,,0,30,,486,58,4,,0,70,,503,58,4,,0,30,,504,58,4,,0,70,,505,58,4,,0,30,,506,58,4,,0,70,,487,58,4,,0,30,,488,58,4,,0,70,,507,58,4,,0,30,,489,58,4,,0,70,,490,58,4,,0,32,,491,58,4,,0,70,,492,58,4,,0,30,,508,58,4,,0,70,,509,58,4,,0,30,,493,57,4,,0,70,,494,57,4,,0,30,,495,57,4,,0,70,,496,57,4,,0,30,,497,57,4,,0,100,,498,57,4,,0,100,,499,57,4,,0,100,,500,57,4,,0
301,'Sunday-01',855,,510,58,4,,0,70,,521,58,4,,0,30,,522,58,4,,0,70,,523,58,4,,0,30,,524,58,4,,0,70,,525,58,4,,0,30,,526,58,4,,0,70,,527,58,4,,0,30,,528,58,4,,0,70,,529,58,4,,0,30,,530,58,4,,0,70,,511,58,4,,0,30,,512,58,4,,0,70,,513,58,4,,0,30,,514,58,4,,0,70,,515,58,4,,0,30,,516,58,4,,0,70,,517,58,4,,0,30,,518,58,4,,0,70,,519,58,4,,0,30,,520,58,4,,0
301,'Weekday-01',632,,531,58,4,,0,70,,532,58,4,,0,30,,533,58,4,,0,15,,534,58,4,,0,55,,535,58,4,,0,15,,536,58,4,,0,15,,537,58,4,,0,15,,538,58,4,,0,55,,539,58,4,,0,30,,540,58,4,,0,70,,541,58,4,,0,30,,542,58,4,,0,70,,543,58,4,,0,30,,544,58,4,,0,70,,545,58,4,,0,30,,546,58,4,,0,70,,547,58,4,,0,30,,548,58,4,,0,70,,549,58,4,,0,30,,550,58,4,,0,70,,551,58,4,,0,30,,552,58,4,,0,15,,553,58,4,,0,55,,554,58,4,,0,15,,555,58,4,,0,15,,556,58,4,,0,70,,557,58,4,,0,15,,558,58,4,,0,15,,559,58,4,,0,15,,560,58,4,,0,59,,561,58,4,,0,30,,562,57,4,,0,70,,563,57,4,,0,30,,564,57,4,,0,70,,565,57,4,,0,30,,566,57,4,,0,70,,567,57,4,,0,30,,568,57,4,,0,70,,572,57,4,,0,30,,571,58,4,,0,100,,569,57,4,,0,100,,570,57,4,,0
1600,'Weekday-01',605,,1632,20,,,0,30,,1633,26,,,0,70,,1634,26,,,0,30,,1635,26,,,0,70,,1636,26,,,0,30,,1637,26,,,0,70,,1638,26,,,0,604,,1647,14,,,0,30,,1639,26,,,0,70,,1640,26,,,0,30,,1641,26,,,0,70,,1642,26,,,0,30,,1643,26,,,0,70,,1644,26,,,0
1700,'Weekday-01',624,,1648,24,,,0,30,,1649,31,,,0,70,,1650,31,,,0,30,,1651,31,,,0,77,,1670,31,,,0,23,,1671,31,,,0,70,,1656,34,,,0,30,,1657,34,,,0,70,,1658,34,,,0,30,,1659,34,,,0,70,,1660,34,,,0,30,,1661,34,,,0,70,,1662,34,,,0,30,,1663,34,,,0,70,,1664,34,,,0,30,,1665,34,,,0,70,,1666,34,,,0,30,,1673,34,,,0,70,,1652,31,,,0,30,,1653,31,,,0,70,,1654,31,,,0,30,,1655,31,,,0,70,,1672,31,,,0,30,,1667,34,,,0,70,,1668,34,,,0
3000,'Weekday-01',626,,1996,1,,,0,30,,1990,1,,,0,70,,1997,1,,,0,30,,1998,1,,,0,70,,1999,1,,,0,30,,2000,1,,,0,70,,1991,1,,,0,30,,1992,1,,,0,70,,2001,1,,,0,30,,2002,1,,,0,70,,2003,1,,,0,30,,2004,1,,,0,78,,2005,1,,,0,70,,1993,1,,,0,30,,2006,1,,,0,70,,2007,1,,,0,30,,2008,1,,,0,70,,2009,1,,,0,30,,1994,1,,,0,70,,1995,1,,,0,30,,2010,1,,,0
3001,'Weekday-01',751,,2017,15,4,,0,70,,2011,15,4,,0,30,,2018,15,4,,0,70,,2019,15,4,,0,30,,2020,15,4,,0,70,,2021,15,4,,0,30,,2012,15,4,,0,70,,2013,15,4,,0,30,,2022,15,4,,0,78,,2023,15,4,,0,30,,2024,15,4,,0,70,,2025,15,4,,0,30,,2026,15,4,,0,70,,2014,15,4,,0,30,,2027,15,4,,0,70,,2028,15,4,,0,30,,2029,15,4,,0,70,,2030,15,4,,0,30,,2015,15,4,,0,70,,2016,15,4,,0,30,,2031,15,4,,0
