700,'Saturday-01',614,,838,10,,,0,100,,839,10,,,0,30,,840,10,,,0,70,,841,10,,,0,30,,842,10,,,0,70,,843,10,,,0,30,,844,10,,,0,70,,845,10,,,0,30,,846,10,,,0,70,,847,10,,,0,30,,848,10,,,0,70,,849,10,,,0,30,,850,10,,,0,70,,851,10,,,0,30,,852,10,,,0,70,,853,10,,,0,30,,854,10,,,0,70,,855,10,,,0,30,,856,10,,,0,70,,857,10,,,0,30,,858,10,,,0,70,,859,10,,,0,30,,860,10,,,0,85,,861,10,,,0,85,,862,10,,,0,30,,863,10,,,0,104,,864,10,,,0,100,,865,10,,,0,100,,866,10,,,0,100,,867,10,,,0
700,'Sunday-01',812,,878,10,,,0,30,,879,10,,,0,70,,880,10,,,0,30,,881,10,,,0,70,,882,10,,,0,30,,883,10,,,0,70,,884,10,,,0,30,,885,10,,,0,70,,886,10,,,0,30,,887,10,,,0,70,,877,10,,,0,30,,873,10,,,0,70,,868,10,,,0,30,,869,10,,,0,70,,870,10,,,0,30,,871,10,,,0,70,,872,10,,,0,30,,874,10,,,0,70,,875,10,,,0,30,,876,10,,,0
700,'Weekday-01',542,,888,10,,,0,70,,889,10,,,0,15,,890,10,0,7,0,15,,891,10,,,0,15,,892,10,,,0,55,,893,10,,,0,15,,894,10,,,0,15,,895,10,,,0,15,,896,10,,,0,55,,897,10,,,0,15,,898,10,,,0,15,,899,10,,,0,70,,900,10,,,0,30,,901,10,,,0,70,,902,10,,,0,30,,903,10,,,0,70,,904,10,,,0,30,,905,10,,,0,70,,906,10,,,0,30,,907,10,,,0,70,,908,10,,,0,30,,909,10,,,0,70,,910,10,,,0,25,,911,10,,,0,70,,912,10,,,0,30,,913,10,,,0,70,,914,10,,,0,30,,915,10,,,0,70,,916,10,,,0,33,,917,10,,,0,85,,918,10,,,0,85,,919,10,,,0,30,,920,10,,,0,108,,921,10,,,0,100,,922,10,,,0,100,,923,10,,,0,100,,924,10,,,0
901,'Saturday-01',708,,1233,74,,,0,30,,1234,74,,,0,70,,1235,74,,,0,30,,1236,74,,,0,70,,1237,74,,,0,30,,1238,74,,,0,70,,1239,74,,,0,30,,1240,74,,,0,70,,1241,74,,,0,30,,1242,74,,,0,70,,1243,74,,,0,30,,1244,74,,,0,70,,1245,74,,,0,30,,1246,74,,,0,70,,1247,74,,,0,30,,1248,74,,,0,70,,1249,74,,,0,30,,1250,74,,,0,70,,1251,74,,,0,30,,1252,74,,,0,70,,1253,74,,,0,30,,1254,74,,,0,70,,1255,74,,,0,30,,1256,74,,,0,82,,1257,74,,,0,85,,1258,74,,,0,49,,1259,74,,,0,70,,1260,74,,,0,81,,1261,74,,,0,100,,1262,74,,,0,100,,1263,74,,,0
901,'Sunday-01',838,,1282,74,,,0,70,,1272,74,,,0,30,,1283,74,,,0,70,,1273,74,,,0,30,,1284,74,,,0,70,,1274,74,,,0,30,,1264,74,,,0,70,,1275,74,,,0,30,,1265,74,,,0,70,,1276,74,,,0,30,,1266,74,,,0,70,,1277,74,,,0,30,,1267,74,,,0,70,,1278,74,,,0,30,,1268,74,,,0,70,,1279,74,,,0,30,,1269,74,,,0,70,,1280,74,,,0,30,,1270,74,,,0,70,,1281,74,,,0,30,,1271,74,,,0
901,'Weekday-01',637,,1285,74,,,0,70,,1286,74,,,0,30,,1287,74,,,0,70,,1288,74,,,0,30,,1289,74,,,0,72,,1290,74,,,0,30,,1291,74,,,0,70,,1292,74,,,0,30,,1293,74,,,0,70,,1294,74,,,0,30,,1295,74,,,0,70,,1296,74,,,0,30,,1297,74,,,0,70,,1298,74,,,0,30,,1299,74,,,0,70,,1300,74,,,0,30,,1301,74,,,0,70,,1302,74,,,0,30,,1303,74,,,0,15,,1304,74,,,0,55,,1305,74,,,0,15,,1306,74,,,0,15,,1307,74,,,0,15,,1308,74,,,0,55,,1309,74,,,0,15,,1310,74,,,0,22,,1311,74,,,0,70,,1312,74,,,0,27,,1313,74,,,0,78,,1314,74,,,0,83,,1315,74,,,0,45,,1316,74,,,0,70,,1317,74,,,0,85,,1318,74,,,0,100,,1319,74,,,0,100,,1320,74,,,0
1800,'Saturday-01',611,,1674,2,,,0,30,,1675,2,,,0,70,,1676,2,,,0,30,,1677,2,,,0,70,,1678,2,,,0,30,,1679,2,,,0,70,,1680,2,,,0,30,,1681,2,,,0,70,,1682,2,,,0,30,,1683,2,,,0,70,,1684,2,,,0,30,,1685,2,,,0,70,,1686,2,,,0,30,,1687,2,,,0,70,,1688,2,,,0,30,,1689,2,,,0,70,,1690,2,,,0,30,,1691,2,,,0,70,,1692,2,,,0,30,,1693,2,,,0,70,,1694,2,,,0,30,,1695,2,,,0,70,,1696,2,,,0,30,,1697,2,,,0,70,,1698,2,,,0
1800,'Sunday-01',811,,1699,2,,,0,100,,1700,2,,,0,100,,1701,2,,,0,100,,1702,2,,,0,100,,1703,2,,,0,100,,1704,2,,,0,100,,1705,2,,,0,100,,1706,2,,,0,100,,1707,2,,,0,100,,1708,2,,,0,100,,1709,2,,,0
1800,'Weekday-01',611,,1710,2,,,0,30,,1711,2,,,0,70,,1712,2,,,0,15,,1739,2,,,0,15,,1713,2,,,0,15,,1740,2,,,0,55,,1714,2,,,0,15,,1741,2,,,0,15,,1715,2,,,0,15,,1742,2,,,0,55,,1716,2,,,0,15,,1743,2,,,0,15,,1717,2,,,0,15,,1744,2,,,0,55,,1718,2,,,0,30,,1719,2,,,0,70,,1720,2,,,0,30,,1721,2,,,0,70,,1722,2,,,0,30,,1723,2,,,0,70,,1724,2,,,0,30,,1725,2,,,0,70,,1726,2,,,0,15,,1745,2,,,0,15,,1727,2,,,0,15,,1746,2,,,0,55,,1728,2,,,0,15,,1747,2,,,0,15,,1729,2,,,0,15,,1748,2,,,0,55,,1730,2,,,0,15,,1749,2,,,0,15,,1731,2,,,0,15,,1750,2,,,0,55,,1732,2,,,0,30,,1733,2,,,0,70,,1734,2,,,0,30,,1735,2,,,0,100,,1736,2,,,0,100,,1737,2,,,0,100,,1738,2,,,0
4001,'Saturday-01',544,,2128,2,,,0,100,,2129,2,,,0,70,,2130,2,,,0,30,,2131,2,,,0,70,,2132,2,,,0,30,,2133,2,,,0,70,,2134,2,,,0,30,,2135,2,,,0,70,,2136,2,,,0,30,,2137,2,,,0,70,,2138,2,,,0,30,,2139,2,,,0,70,,2140,2,,,0,30,,2141,2,,,0,70,,2142,2,,,0,30,,2143,2,,,0,70,,2144,2,,,0,30,,2145,2,,,0,70,,2146,2,,,0,30,,2147,2,,,0,70,,2148,2,,,0,30,,2149,2,,,0,70,,2150,2,,,0,30,,2151,2,,,0,70,,2152,2,,,0,30,,2153,2,,,0,70,,2154,2,,,0,30,,2155,2,,,0,70,,2156,2,,,0,30,,2157,2,,,0,70,,2158,2,,,0,30,,2159,2,,,0,70,,2160,2,,,0,30,,2161,2,,,0,70,,2163,2,,,0,30,,2162,2,,,0
4001,'Sunday-01',744,,2164,2,,,0,70,,2165,2,,,0,30,,2166,2,,,0,70,,2167,2,,,0,30,,2168,2,,,0,70,,2169,2,,,0,30,,2170,2,,,0,70,,2171,2,,,0,30,,2172,2,,,0,70,,2173,2,,,0,30,,2174,2,,,0,70,,2175,2,,,0,30,,2176,2,,,0,70,,2177,2,,,0,30,,2178,2,,,0,70,,2179,2,,,0,30,,2180,2,,,0,70,,2181,2,,,0,30,,2182,2,,,0,70,,2183,2,,,0,30,,2184,2,,,0
4001,'Weekday-01',544,,2220,2,,,0,70,,2185,2,,,0,30,,2186,2,,,0,70,,2187,2,,,0,30,,2188,2,,,0,70,,2189,2,,,0,30,,2190,2,,,0,70,,2191,2,,,0,30,,2192,2,,,0,70,,2193,2,,,0,30,,2194,2,,,0,70,,2195,2,,,0,30,,2196,2,,,0,70,,2197,2,,,0,30,,2198,2,,,0,70,,2199,2,,,0,30,,2200,2,,,0,70,,2201,2,,,0,30,,2202,2,,,0,70,,2203,2,,,0,30,,2204,2,,,0,70,,2205,2,,,0,30,,2206,2,,,0,70,,2207,2,,,0,30,,2208,2,,,0,70,,2209,2,,,0,30,,2210,2,,,0,70,,2211,2,,,0,30,,2212,2,,,0,70,,2213,2,,,0,30,,2214,2,,,0,70,,2215,2,,,0,30,,2216,2,,,0,70,,2217,2,,,0,30,,2218,2,,,0,70,,2221,2,,,0,30,,2219,2,,,0
