301,'Saturday-01',654,,501,4,,,0,70,,478,4,,,0,30,,479,4,,,0,70,,480,4,,,0,30,,481,4,,,0,70,,482,4,,,0,30,,483,4,,,0,70,,484,4,,,0,30,,485,4,,,0,70,,502,4,,,0,30,,486,4,,,0,70,,503,4,,,0,30,,504,4,,,0,70,,505,4,,,0,30,,506,4,,,0,70,,487,4,,,0,30,,488,4,,,0,70,,507,4,,,0,30,,489,4,,,0,70,,490,4,,,0,30,,491,4,,,0,70,,492,4,,,0,30,,508,4,,,0,72,,509,4,,,0,75,,493,3,,,0,30,,494,3,,,0,70,,495,3,,,0,30,,496,3,,,0,70,,497,3,,,0,100,,498,3,,,0,100,,499,3,,,0,100,,500,3,,,0
301,'Sunday-01',810,,510,4,,,0,30,,521,4,,,0,70,,522,4,,,0,30,,523,4,,,0,70,,524,4,,,0,30,,525,4,,,0,70,,526,4,,,0,30,,527,4,,,0,70,,528,4,,,0,30,,529,4,,,0,70,,530,4,,,0,30,,511,4,,,0,70,,512,4,,,0,30,,513,4,,,0,70,,514,4,,,0,30,,515,4,,,0,70,,516,4,,,0,30,,517,4,,,0,70,,518,4,,,0,30,,519,4,,,0,70,,520,4,,,0
301,'Weekday-01',546,,531,4,,,0,70,,532,4,,,0,30,,533,4,,,0,55,,534,4,,,0,15,,535,4,,,0,15,,536,4,,,0,15,,537,4,,,0,55,,538,4,,,0,15,,539,4,,,0,30,,540,4,,,0,70,,541,4,,,0,30,,542,4,,,0,70,,543,4,,,0,30,,544,4,,,0,70,,545,4,,,0,30,,546,4,,,0,70,,547,4,,,0,30,,548,4,,,0,70,,549,4,,,0,30,,550,4,,,0,70,,551,4,,,0,30,,552,4,,,0,55,,553,4,,,0,15,,554,4,,,0,15,,555,4,,,0,15,,556,4,,,0,70,,557,4,,,0,15,,558,4,,,0,15,,559,4,,,0,55,,560,4,,,0,30,,561,4,,,0,70,,562,3,,,0,30,,563,3,,,0,70,,564,3,,,0,30,,565,3,,,0,70,,566,3,,,0,30,,567,3,,,0,70,,568,3,,,0,30,,572,3,,,0,70,,571,4,,,0,100,,569,3,,,0,100,,570,3,,,0
401,'Saturday-01',619,,693,10,,,0,30,,692,10,,,0,70,,661,10,,,0,30,,691,10,,,0,70,,662,10,,,0,30,,690,10,,,0,70,,689,10,,,0,30,,663,10,,,0,70,,688,10,,,0,30,,664,10,,,0,70,,687,10,,,0,30,,686,10,,,0,70,,685,10,,,0,30,,684,10,,,0,70,,665,10,,,0,30,,683,10,,,0,70,,666,10,,,0,30,,667,10,,,0,70,,682,10,,,0,30,,668,10,,,0,70,,669,10,,,0,30,,670,10,,,0,70,,671,10,,,0,30,,672,10,,,0,70,,681,10,,,0,30,,680,10,,,0,70,,679,10,,,0,30,,673,10,,,0,70,,674,10,,,0,35,,678,10,,,0,100,,677,10,,,0,100,,676,10,,,0,100,,675,10,,,0
401,'Sunday-01',809,,694,10,,,0,30,,705,10,,,0,70,,695,10,,,0,30,,706,10,,,0,70,,696,10,,,0,30,,707,10,,,0,70,,697,10,,,0,30,,708,10,,,0,70,,698,10,,,0,30,,709,10,,,0,70,,699,10,,,0,30,,710,10,,,0,70,,700,10,,,0,30,,711,10,,,0,70,,701,10,,,0,30,,712,10,,,0,70,,702,10,,,0,30,,713,10,,,0,70,,703,10,,,0,30,,714,10,,,0,70,,704,10,,,0
401,'Weekday-01',529,,715,10,,,0,30,,716,10,,,0,70,,717,10,,,0,30,,718,10,,,0,70,,719,10,,,0,30,,720,10,,,0,70,,721,10,,,0,30,,722,10,,,0,70,,723,10,,,0,30,,724,10,,,0,70,,725,10,,,0,30,,726,10,,,0,70,,727,10,,,0,30,,728,10,,,0,70,,729,10,,,0,30,,730,10,,,0,70,,731,10,,,0,30,,732,10,,,0,70,,733,10,,,0,30,,734,10,,,0,70,,735,10,,,0,30,,736,10,,,0,70,,737,10,,,0,30,,738,10,,,0,70,,739,10,,,0,29,,740,10,,,0,96,,741,10,,,0,65,,742,10,,,0,30,,743,10,,,0,70,,744,10,,,0,35,,745,10,,,0,100,,746,10,,,0,100,,747,10,,,0,100,,748,10,,,0
1800,'Saturday-01',636,,1674,25,,,0,70,,1675,25,,,0,30,,1676,25,,,0,70,,1677,25,,,0,30,,1678,25,,,0,70,,1679,25,,,0,30,,1680,25,,,0,70,,1681,25,,,0,30,,1682,25,,,0,70,,1683,25,,,0,30,,1684,25,,,0,70,,1685,25,,,0,30,,1686,25,,,0,70,,1687,25,,,0,30,,1688,25,,,0,70,,1689,25,,,0,30,,1690,25,,,0,70,,1691,25,,,0,30,,1692,25,,,0,70,,1693,25,,,0,30,,1694,25,,,0,70,,1695,25,,,0,30,,1696,25,,,0,70,,1697,25,,,0,30,,1698,25,,,0
1800,'Sunday-01',836,,1699,25,,,0,100,,1700,25,,,0,100,,1701,25,,,0,100,,1702,25,,,0,100,,1703,25,,,0,100,,1704,25,,,0,100,,1705,25,,,0,100,,1706,25,,,0,100,,1707,25,,,0,100,,1708,25,,,0,100,,1709,25,,,0
1800,'Weekday-01',636,,1710,25,,,0,70,,1711,25,,,0,30,,1712,25,,,0,15,,1739,25,,,0,55,,1713,25,,,0,15,,1740,25,,,0,15,,1714,25,,,0,15,,1741,25,,,0,55,,1715,25,,,0,15,,1742,25,,,0,15,,1716,25,,,0,15,,1743,25,,,0,55,,1717,25,,,0,15,,1744,25,,,0,15,,1718,25,,,0,70,,1719,25,,,0,30,,1720,25,,,0,70,,1721,25,,,0,30,,1722,25,,,0,70,,1723,25,,,0,30,,1724,25,,,0,70,,1725,25,,,0,30,,1726,25,,,0,15,,1745,25,,,0,55,,1727,25,,,0,15,,1746,25,,,0,15,,1728,25,,,0,15,,1747,25,,,0,55,,1729,25,,,0,15,,1748,25,,,0,15,,1730,25,,,0,15,,1749,25,,,0,55,,1731,25,,,0,15,,1750,25,,,0,15,,1732,25,,,0,70,,1733,25,,,0,30,,1734,25,,,0,70,,1735,25,,,0,100,,1736,25,,,0,100,,1737,25,,,0,95,,1738,25,,,0
3001,'Weekday-01',721,,2017,3,,,0,30,,2011,3,,,0,70,,2018,3,,,0,30,,2019,3,,,0,70,,2020,3,,,0,30,,2021,3,,,0,70,,2012,3,,,0,30,,2013,3,,,0,70,,2022,3,,,0,35,,2023,3,,,0,70,,2024,3,,,0,30,,2025,3,,,0,70,,2026,3,,,0,30,,2014,3,,,0,70,,2027,3,,,0,30,,2028,3,,,0,70,,2029,3,,,0,30,,2030,3,,,0,70,,2015,3,,,0,30,,2016,3,,,0,70,,2031,3,,,0
