200,'Saturday-01',637,,2760,24,,,0,81,,2734,74,,,0,30,,2735,74,,,0,70,,2736,74,,,0,30,,2737,74,,,0,70,,2738,74,,,0,30,,2739,74,,,0,70,,2740,74,,,0,30,,2741,74,,,0,70,,2742,74,,,0,30,,2743,74,,,0,70,,2744,74,,,0,30,,2745,74,,,0,70,,2746,74,,,0,30,,2747,74,,,0,70,,2748,74,,,0,30,,2749,74,,,0,70,,2750,74,,,0,30,,2751,74,,,0,70,,2752,74,,,0,30,,2753,74,,,0,70,,2754,74,,,0,30,,2755,74,,,0,70,,2756,74,,,0,30,,2757,74,,,0,70,,2758,74,,,0,30,,2759,74,,,0,70,,2761,74,,,0,22,,2762,74,,,0,78,,2763,74,,,0,22,,2764,74,,,0,96,,2765,74,,,0,100,,2766,74,,,0,100,,2767,74,,,0
200,'Sunday-01',909,,2768,74,,,0,30,,2769,74,,,0,70,,2770,74,,,0,30,,2771,74,,,0,70,,2772,74,,,0,30,,2773,74,,,0,70,,2774,74,,,0,30,,2775,74,,,0,70,,2776,74,,,0,30,,2777,74,,,0,70,,2778,74,,,0,30,,2779,74,,,0,70,,2780,74,,,0,30,,2781,74,,,0,70,,2782,74,,,0,30,,2783,74,,,0,70,,2784,74,,,0,30,,2785,74,,,0,70,,2786,74,,,0
200,'Weekday-01',646,,2788,74,,,0,70,,2787,74,,,0,15,,2828,74,,,0,15,,2791,74,,,0,55,,2792,74,,,0,15,,2793,74,,,0,15,,2794,74,,,0,15,,2789,74,,,0,55,,2790,74,,,0,30,,2795,74,,,0,70,,2796,74,,,0,20,,2819,74,,,0,30,,2800,74,,,0,70,,2801,74,,,0,30,,2802,74,,,0,70,,2803,74,,,0,30,,2804,74,,,0,70,,2805,74,,,0,30,,2806,74,,,0,70,,2797,74,,,0,25,,2798,74,,,0,65,,2799,74,,,0,35,,2807,74,,,0,55,,2808,74,,,0,15,,2809,74,,,0,15,,2810,74,,,0,15,,2811,74,,,0,55,,2812,74,,,0,15,,2813,74,,,0,15,,2814,74,,,0,15,,2815,74,,,0,70,,2820,74,,,0,30,,2821,74,,,0,70,,2822,74,,,0,30,,2823,74,,,0,70,,2824,74,,,0,30,,2816,74,,,0,70,,2817,74,,,0,20,,2818,74,,,0,100,,2825,74,,,0,100,,2826,74,,,0,100,,2827,74,,,0
700,'Saturday-01',708,,3382,80,,,0,100,,3383,80,,,0,30,,3384,80,,,0,70,,3385,80,,,0,30,,3386,80,,,0,70,,3387,80,,,0,30,,3388,80,,,0,70,,3389,80,,,0,30,,3390,80,,,0,70,,3391,80,,,0,30,,3392,80,,,0,70,,3393,80,,,0,30,,3394,80,,,0,70,,3395,80,,,0,30,,3396,80,,,0,70,,3397,80,,,0,30,,3398,80,,,0,70,,3399,80,,,0,30,,3400,80,,,0,70,,3401,80,,,0,30,,3402,80,,,0,70,,3403,80,,,0,32,,3404,80,,,0,80,,3405,80,,,0,85,,3406,80,,,0,30,,3407,80,,,0,95,,3408,80,,,0,100,,3409,80,,,0,100,,3410,80,,,0,100,,3411,80,,,0
700,'Sunday-01',909,,3422,80,,,0,30,,3423,80,,,0,70,,3424,80,,,0,30,,3425,80,,,0,70,,3426,80,,,0,30,,3427,80,,,0,70,,3428,80,,,0,30,,3429,80,,,0,70,,3430,80,,,0,30,,3431,80,,,0,70,,3421,80,,,0,30,,3417,80,,,0,70,,3412,80,,,0,30,,3413,80,,,0,70,,3414,80,,,0,30,,3415,80,,,0,70,,3416,80,,,0,30,,3418,80,,,0,70,,3419,80,,,0,30,,3420,80,,,0
700,'Weekday-01',638,,3432,80,,,0,70,,3433,80,,,0,15,,3434,80,0,7,0,15,,3435,80,,,0,15,,3436,80,,,0,55,,3437,80,,,0,23,,3438,80,,,0,7,,3439,80,,,0,15,,3440,80,,,0,55,,3441,80,,,0,15,,3442,80,,,0,15,,3443,80,,,0,70,,3444,80,,,0,30,,3445,80,,,0,70,,3446,80,,,0,30,,3447,80,,,0,70,,3448,80,,,0,30,,3449,80,,,0,70,,3450,80,,,0,30,,3451,80,,,0,70,,3452,80,,,0,30,,3453,80,,,0,70,,3454,80,,,0,25,,3455,80,,,0,70,,3456,80,,,0,30,,3457,80,,,0,70,,3458,80,,,0,30,,3459,80,,,0,70,,3460,80,,,0,37,,3461,80,,,0,85,,3462,80,,,0,85,,3463,80,,,0,25,,3464,80,,,0,100,,3465,80,,,0,100,,3466,80,,,0,100,,3467,80,,,0,100,,3468,80,,,0
1200,'Saturday-01',827,,4019,10,,,0,30,,4020,10,,,0,65,,4000,87,,,0,30,,4001,87,,,0,70,,4002,87,,,0,30,,4003,87,,,0,70,,4004,87,,,0,30,,4005,87,,,0,70,,4006,87,,,0,30,,4007,87,,,0,70,,4008,87,,,0,30,,4009,87,,,0,70,,4010,87,,,0,30,,4011,87,,,0,70,,4012,87,,,0,30,,4013,87,,,0,70,,4014,87,,,0,30,,4015,87,,,0,70,,4016,87,,,0,30,,4021,87,,,0,70,,4022,87,,,0
1200,'Weekday-01',648,,4066,83,,,0,70,,4067,83,,,0,30,,4068,83,,,0,70,,4069,83,,,0,34,,4055,87,,,0,70,,4056,87,,,0,30,,4047,87,,,0,70,,4048,87,,,0,30,,4046,87,,,0,70,,4045,87,,,0,30,,4044,87,,,0,70,,4043,87,,,0,30,,4042,87,,,0,70,,4041,87,,,0,30,,4040,87,,,0,70,,4039,87,,,0,30,,4064,87,,,0,70,,4063,87,,,0,30,,4062,87,,,0,70,,4061,87,,,0,30,,4057,87,,,0,70,,4058,87,,,0,30,,4059,87,,,0,70,,4060,87,,,0
5000,'Saturday-01',653,,4728,19,,,0,100,,4729,19,,,0,100,,4730,19,,,0,70,,4731,19,,,0,30,,4732,19,,,0,70,,4733,19,,,0,30,,4734,19,,,0,70,,4735,19,,,0,30,,4736,19,,,0,70,,4737,19,,,0,30,,4738,19,,,0,70,,4739,19,,,0,30,,4740,19,,,0,70,,4741,19,,,0,30,,4742,19,,,0,70,,4743,19,,,0,30,,4744,19,,,0,70,,4745,19,,,0,30,,4746,19,,,0,70,,4747,19,,,0,30,,4748,19,,,0,70,,4749,19,,,0,30,,4750,19,,,0,70,,4751,19,,,0,30,,4752,19,,,0,70,,4753,19,,,0,33,,4754,19,,,0,70,,4755,19,,,0,77,,4725,19,,,0,100,,4726,19,,,0,100,,4727,19,,,0
5000,'Sunday-01',848,,4756,19,,,0,100,,4757,19,,,0,100,,4758,19,,,0,70,,4759,19,,,0,30,,4760,19,,,0,70,,4761,19,,,0,30,,4762,19,,,0,70,,4763,19,,,0,30,,4764,19,,,0,70,,4765,19,,,0,30,,4766,19,,,0,70,,4767,19,,,0,30,,4768,19,,,0,70,,4769,19,,,0,30,,4770,19,,,0,70,,4771,19,,,0
5000,'Weekday-01',624,,4772,19,,,0,30,,4773,19,,,0,70,,4774,19,,,0,30,,4775,19,,,0,70,,4776,19,,,0,30,,4777,19,,,0,70,,4778,19,,,0,30,,4779,19,,,0,70,,4780,19,,,0,30,,4781,19,,,0,70,,4782,19,,,0,30,,4783,19,,,0,70,,4784,19,,,0,30,,4785,19,,,0,70,,4786,19,,,0,30,,4787,19,,,0,70,,4788,19,,,0,30,,4789,19,,,0,70,,4790,19,,,0,30,,4791,19,,,0,70,,4792,19,,,0,30,,4793,19,,,0,70,,4794,19,,,0,30,,4795,19,,,0,70,,4796,19,,,0,30,,4797,19,,,0,70,,4798,19,,,0,30,,4799,19,,,0,70,,4800,19,,,0,32,,4801,19,,,0,70,,4802,19,,,0,78,,4803,19,0,11 12,0,100,,4804,19,0,11 12,0,100,,4805,19,0,11 12,0
