200,'Saturday-01',648,,2734,32,,,0,70,,2735,32,,,0,30,,2736,32,,,0,70,,2737,32,,,0,30,,2738,32,,,0,70,,2739,32,,,0,30,,2740,32,,,0,70,,2741,32,,,0,30,,2742,32,,,0,70,,2743,32,,,0,30,,2744,32,,,0,70,,2745,32,,,0,30,,2746,32,,,0,70,,2747,32,,,0,30,,2748,32,,,0,70,,2749,32,,,0,30,,2750,32,,,0,70,,2751,32,,,0,30,,2752,32,,,0,70,,2753,32,,,0,30,,2754,32,,,0,70,,2755,32,,,0,30,,2756,32,,,0,70,,2757,32,,,0,30,,2758,32,,,0,70,,2759,32,,,0,30,,2761,32,,,0,69,,2762,32,,,0,31,,2763,32,,,0,69,,2764,32,,,0,100,,2765,32,,,0,100,,2766,32,,,0,100,,2767,32,,,0
200,'Sunday-01',833,,2768,32,,,0,70,,2769,32,,,0,30,,2770,32,,,0,70,,2771,32,,,0,30,,2772,32,,,0,70,,2773,32,,,0,30,,2774,32,,,0,70,,2775,32,,,0,30,,2776,32,,,0,70,,2777,32,,,0,30,,2778,32,,,0,70,,2779,32,,,0,30,,2780,32,,,0,70,,2781,32,,,0,30,,2782,32,,,0,70,,2783,32,,,0,30,,2784,32,,,0,70,,2785,32,,,0,30,,2786,32,,,0
200,'Weekday-01',618,,2788,32,,,0,30,,2787,32,,,0,55,,2828,32,,,0,15,,2791,32,,,0,15,,2792,32,,,0,15,,2793,32,,,0,55,,2794,32,,,0,15,,2789,32,,,0,15,,2790,32,,,0,70,,2795,32,,,0,30,,2796,32,,,0,20,,2819,32,,,0,70,,2800,32,,,0,30,,2801,32,,,0,70,,2802,32,,,0,30,,2803,32,,,0,70,,2804,32,,,0,30,,2805,32,,,0,70,,2806,32,,,0,30,,2797,32,,,0,69,,2798,32,,,0,25,,2799,32,,,0,67,,2807,32,,,0,19,,2808,32,,,0,15,,2809,32,,,0,55,,2810,32,,,0,15,,2811,32,,,0,15,,2812,32,,,0,15,,2813,32,,,0,55,,2814,32,,,0,15,,2815,32,,,0,30,,2820,32,,,0,70,,2821,32,,,0,30,,2822,32,,,0,70,,2823,32,,,0,30,,2824,32,,,0,70,,2816,32,,,0,30,,2817,32,,,0,69,,2818,32,,,0,100,,2825,32,,,0,100,,2826,32,,,0,100,,2827,32,,,0
300,'Saturday-01',646,,2944,42,,,0,70,,2927,42,,,0,30,,2928,42,,,0,70,,2929,42,,,0,30,,2930,42,,,0,70,,2931,42,,,0,30,,2932,42,,,0,70,,2933,42,,,0,30,,2934,42,,,0,70,,2945,42,,,0,30,,2935,42,,,0,70,,2946,42,,,0,30,,2947,42,,,0,70,,2948,42,,,0,30,,2949,42,,,0,70,,2936,42,,,0,30,,2937,42,,,0,70,,2950,42,,,0,30,,2938,42,,,0,70,,2939,42,,,0,30,,2940,42,,,0,70,,2941,42,,,0,30,,2951,42,,,0,71,,2952,42,,,0,30,,2942,42,,,0,70,,2953,42,,,0,30,,2943,42,,,0,70,,2954,42,,,0,29,,2958,42,,,0,71,,2955,42,,,0,100,,2956,42,,,0,100,,2957,42,,,0,99,,2959,42,,,0
300,'Sunday-01',831,,2960,42,,,0,70,,2961,42,,,0,30,,2962,42,,,0,70,,2963,42,,,0,30,,2964,42,,,0,70,,2965,42,,,0,30,,2966,42,,,0,70,,2967,42,,,0,30,,2968,42,,,0,70,,2969,42,,,0,30,,2970,42,,,0,70,,2971,42,,,0,30,,2972,42,,,0,70,,2973,42,,,0,30,,2974,42,,,0,70,,2975,42,,,0,30,,2976,42,,,0,70,,2977,42,,,0,30,,2978,42,,,0,70,,2979,42,,,0,30,,2980,42,,,0
300,'Weekday-01',616,,2981,42,,,0,30,,2982,42,,,0,55,,2983,42,,,0,15,,2984,42,,,0,15,,2985,42,,,0,15,,2986,42,,,0,55,,2987,42,,,0,15,,2988,42,,,0,15,,2989,42,,,0,15,,2990,42,,,0,70,,2991,42,,,0,30,,2992,42,,,0,70,,2993,42,,,0,30,,2994,42,,,0,70,,2995,42,,,0,30,,2996,42,,,0,70,,2997,42,,,0,30,,2998,42,,,0,70,,2999,42,,,0,30,,3000,42,,,0,70,,3001,42,,,0,30,,3002,42,,,0,70,,3003,42,,,0,30,,3004,42,,,0,55,,3005,42,,,0,15,,3006,42,,,0,15,,3007,42,,,0,15,,3008,42,,,0,55,,3009,42,,,0,16,,3010,42,,,0,30,,3011,42,,,0,70,,3012,42,,,0,30,,3013,42,,,0,70,,3014,42,,,0,30,,3015,42,,,0,70,,3016,42,,,0,30,,3021,42,,,0,70,,3020,42,,,0,100,,3017,42,,,0,100,,3018,42,,,0,99,,3019,42,,,0
900,'Saturday-01',632,,3681,47,,,0,70,,3682,47,,,0,30,,3683,47,,,0,70,,3684,47,,,0,30,,3685,47,,,0,70,,3686,47,,,0,30,,3687,47,,,0,70,,3688,47,,,0,30,,3689,47,,,0,70,,3690,47,,,0,30,,3691,47,,,0,70,,3692,47,,,0,30,,3693,47,,,0,70,,3694,47,,,0,30,,3695,47,,,0,70,,3696,47,,,0,30,,3697,47,,,0,70,,3698,47,,,0,30,,3699,47,,,0,70,,3700,47,,,0,30,,3701,47,,,0,70,,3702,47,,,0,44,,3703,47,,,0,70,,3704,47,,,0,30,,3705,47,,,0,85,,3706,47,,,0,70,,3708,47,,,0,45,,3709,47,,,0,100,,3710,47,,,0,100,,3711,47,,,0,100,,3707,47,,,0
900,'Sunday-01',802,,3731,47,,,0,30,,3733,47,,,0,70,,3721,47,,,0,30,,3720,47,,,0,70,,3722,47,,,0,30,,3715,47,,,0,70,,3723,47,,,0,30,,3716,47,,,0,70,,3724,47,,,0,30,,3717,47,,,0,70,,3725,47,,,0,30,,3718,47,,,0,70,,3726,47,,,0,30,,3719,47,,,0,70,,3727,47,,,0,30,,3712,47,,,0,70,,3728,47,,,0,30,,3713,47,,,0,70,,3729,47,,,0,30,,3714,47,,,0,70,,3730,47,,,0,30,,3732,47,,,0
900,'Weekday-01',601,,3734,47,,,0,30,,3735,47,,,0,26,,3736,47,,,0,70,,3737,47,,,0,30,,3738,47,,,0,70,,3739,47,,,0,30,,3740,47,,,0,75,,3741,47,,,0,70,,3742,47,,,0,30,,3743,47,,,0,70,,3744,47,,,0,30,,3745,47,,,0,70,,3746,47,,,0,30,,3747,47,,,0,70,,3748,47,,,0,30,,3749,47,,,0,70,,3750,47,,,0,30,,3751,47,,,0,70,,3752,47,,,0,15,,3753,47,,,0,15,,3754,47,,,0,15,,3755,47,,,0,55,,3756,47,,,0,30,,3757,47,,,0,15,,3758,47,,,0,55,,3759,47,,,0,15,,3760,47,,,0,29,,3761,47,,,0,70,,3762,47,,,0,30,,3763,47,,,0,85,,3764,47,,,0,70,,3765,47,,,0,45,,3766,47,,,0,100,,3767,47,,,0,100,,3768,47,,,0,100,,3769,47,,,0
1200,'Saturday-01',646,,3998,38,,,0,100,,3999,38,,,0,101,,4000,38,,,0,70,,4001,38,,,0,30,,4002,38,,,0,70,,4003,38,,,0,30,,4004,38,,,0,70,,4005,38,,,0,30,,4006,38,,,0,70,,4007,38,,,0,30,,4008,38,,,0,70,,4009,38,,,0,30,,4010,38,,,0,70,,4011,38,,,0,30,,4012,38,,,0,70,,4013,38,,,0,30,,4014,38,,,0,70,,4015,38,,,0,30,,4016,38,,,0,70,,4021,38,,,0,30,,4022,38,,,0,69,,4017,38,,,0,100,,4018,38,,,0,100,,4023,38,,,0,100,,4024,38,,,0,100,,4025,38,,,0,100,,4026,38,,,0,100,,4027,38,,,0
1200,'Sunday-01',831,,4028,38,,,0,100,,4029,38,,,0,100,,4030,38,,,0,100,,4031,38,,,0,100,,4032,38,,,0,100,,4033,38,,,0,100,,4034,38,,,0,100,,4035,38,,,0,100,,4036,38,,,0,100,,4037,38,,,0,100,,4038,38,,,0
1200,'Weekday-01',617,,4066,38,,,0,30,,4067,38,,,0,70,,4068,38,,,0,30,,4069,38,,,0,70,,4055,38,,,0,30,,4056,38,,,0,70,,4047,38,,,0,30,,4048,38,,,0,70,,4046,38,,,0,30,,4045,38,,,0,70,,4044,38,,,0,30,,4043,38,,,0,70,,4042,38,,,0,30,,4041,38,,,0,70,,4040,38,,,0,30,,4039,38,,,0,70,,4064,38,,,0,30,,4063,38,,,0,70,,4062,38,,,0,30,,4061,38,,,0,70,,4057,38,,,0,30,,4058,38,,,0,70,,4059,38,,,0,30,,4060,38,,,0,70,,4065,38,,,0,100,,4049,38,,,0,100,,4050,38,,,0,100,,4051,38,,,0,100,,4052,38,,,0,100,,4053,38,,,0,100,,4054,38,,,0
2400,'Weekday-01',559,,4437,5,,,0,60,,4438,5,,,0,20,,4439,5,,,0,20,,4440,5,,,0,60,,4441,5,,,0,20,,4442,5,,,0,20,,4443,5,,,0,60,,4444,5,,,0,20,,4445,5,,,0,20,,4446,5,,,0,700,,4447,5,,,0,80,,4448,5,,,0,80,,4449,5,,,0,40,,4450,5,,,0,80,,4451,5,,,0,80,,4452,5,,,0,40,,4453,5,,,0,80,,4454,5,,,0,20,,4455,5,,,0,60,,4456,5,,,0,20,,4457,5,,,0,20,,4458,5,,,0,60,,4459,5,,,0,20,,4460,5,,,0,20,,4461,5,,,0,60,,4462,5,,,0,20,,4463,5,,,0,20,,4464,5,,,0,60,,4465,5,,,0
3000,'Weekday-01',655,,4499,10,,,0,70,,4493,10,,,0,30,,4500,10,,,0,70,,4501,10,,,0,30,,4502,10,,,0,70,,4503,10,,,0,30,,4494,10,,,0,70,,4495,10,,,0,30,,4504,10,,,0,72,,4505,10,,,0,30,,4506,10,,,0,70,,4507,10,,,0,32,,4508,10,,,0,70,,4496,10,,,0,30,,4509,10,,,0,70,,4510,10,,,0,30,,4511,10,,,0,70,,4512,10,,,0,30,,4497,10,,,0,70,,4498,10,,,0,30,,4513,10,,,0
5000,'Saturday-01',637,,4728,3,,,0,100,,4729,3,,,0,100,,4730,3,,,0,70,,4731,3,,,0,30,,4732,3,,,0,70,,4733,3,,,0,30,,4734,3,,,0,70,,4735,3,,,0,30,,4736,3,,,0,70,,4737,3,,,0,30,,4738,3,,,0,70,,4739,3,,,0,30,,4740,3,,,0,70,,4741,3,,,0,30,,4742,3,,,0,70,,4743,3,,,0,30,,4744,3,,,0,70,,4745,3,,,0,30,,4746,3,,,0,70,,4747,3,,,0,30,,4748,3,,,0,70,,4749,3,,,0,30,,4750,3,,,0,70,,4751,3,,,0,30,,4752,3,,,0,70,,4753,3,,,0,30,,4754,3,,,0,70,,4755,3,,,0,40,,4725,3,,,0,100,,4726,3,,,0,100,,4727,3,,,0
5000,'Sunday-01',832,,4756,3,,,0,100,,4757,3,,,0,100,,4758,3,,,0,70,,4759,3,,,0,30,,4760,3,,,0,70,,4761,3,,,0,30,,4762,3,,,0,70,,4763,3,,,0,30,,4764,3,,,0,70,,4765,3,,,0,30,,4766,3,,,0,70,,4767,3,,,0,30,,4768,3,,,0,70,,4769,3,,,0,30,,4770,3,,,0,70,,4771,3,,,0
5000,'Weekday-01',607,,4772,3,,,0,30,,4773,3,,,0,70,,4774,3,,,0,30,,4775,3,,,0,70,,4776,3,,,0,30,,4777,3,,,0,70,,4778,3,,,0,30,,4779,3,,,0,70,,4780,3,,,0,30,,4781,3,,,0,70,,4782,3,,,0,30,,4783,3,,,0,70,,4784,3,,,0,30,,4785,3,,,0,70,,4786,3,,,0,30,,4787,3,,,0,70,,4788,3,,,0,30,,4789,3,,,0,70,,4790,3,,,0,30,,4791,3,,,0,70,,4792,3,,,0,30,,4793,3,,,0,70,,4794,3,,,0,30,,4795,3,,,0,70,,4796,3,,,0,30,,4797,3,,,0,70,,4798,3,,,0,30,,4799,3,,,0,70,,4800,3,,,0,30,,4801,3,,,0,70,,4802,3,,,0,40,,4803,3,0,11 12,0,100,,4804,3,0,11 12,0,100,,4805,3,0,11 12,0
