800,'Saturday-01',640,,1015,44,,,0,100,,1016,44,,,0,100,,1017,44,,,0,70,,1020,44,,,0,30,,1021,44,,,0,70,,1022,44,,,0,30,,1023,44,,,0,70,,1024,44,,,0,30,,1025,44,,,0,70,,1026,44,,,0,30,,1027,44,,,0,70,,1028,44,,,0,30,,1029,44,,,0,70,,1030,44,,,0,30,,1019,44,,,0,70,,1018,44,,,0,30,,1037,44,,,0,70,,1036,44,,,0,30,,1035,44,,,0,70,,1034,44,,,0,30,,1033,44,,,0,70,,1031,44,,,0,100,,1032,44,,,0,100,,1038,44,,,0,100,,1039,44,,,0
800,'Sunday-01',825,,1040,44,,,0,100,,1041,44,,,0,100,,1042,44,,,0,100,,1043,44,,,0,100,,1044,44,,,0,100,,1045,44,,,0,100,,1046,44,,,0,100,,1047,44,,,0,100,,1048,44,,,0,100,,1049,44,,,0,100,,1050,44,,,0
800,'Weekday-01',555,,1051,44,,,0,70,,1052,44,,,0,30,,1053,44,,,0,70,,1054,44,,,0,30,,1055,44,,,0,70,,1056,44,,,0,30,,1057,44,,,0,70,,1058,44,,,0,30,,1059,44,,,0,70,,1060,44,,,0,30,,1061,44,,,0,70,,1062,44,,,0,30,,1063,44,,,0,70,,1064,44,,,0,30,,1065,44,,,0,70,,1066,44,,,0,30,,1067,44,,,0,70,,1068,44,,,0,30,,1069,44,,,0,70,,1070,44,,,0,30,,1071,44,,,0,70,,1072,44,,,0,30,,1073,44,,,0,70,,1074,44,,,0,30,,1075,44,,,0,70,,1076,44,,,0,85,,1077,44,,,0,100,,1078,44,,,0,100,,1079,44,,,0
901,'Saturday-01',640,,1233,28,,,0,70,,1234,28,,,0,30,,1235,28,,,0,70,,1236,28,,,0,30,,1237,28,,,0,70,,1238,28,,,0,30,,1239,28,,,0,70,,1240,28,,,0,30,,1241,28,,,0,70,,1242,28,,,0,30,,1243,28,,,0,70,,1244,28,,,0,30,,1245,28,,,0,70,,1246,28,,,0,30,,1247,28,,,0,70,,1248,28,,,0,30,,1249,28,,,0,70,,1250,28,,,0,30,,1251,28,,,0,70,,1252,28,,,0,30,,1253,28,,,0,70,,1254,28,,,0,30,,1255,28,,,0,70,,1256,28,,,0,46,,1257,28,,,0,85,,1258,28,,,0,85,,1259,28,,,0,30,,1260,28,,,0,85,,1261,28,,,0,100,,1262,28,,,0,100,,1263,28,,,0
901,'Sunday-01',810,,1282,28,,,0,30,,1272,28,,,0,70,,1283,28,,,0,30,,1273,28,,,0,70,,1284,28,,,0,30,,1274,28,,,0,70,,1264,28,,,0,30,,1275,28,,,0,70,,1265,28,,,0,30,,1276,28,,,0,70,,1266,28,,,0,30,,1277,28,,,0,70,,1267,28,,,0,30,,1278,28,,,0,70,,1268,28,,,0,30,,1279,28,,,0,70,,1269,28,,,0,30,,1280,28,,,0,70,,1270,28,,,0,30,,1281,28,,,0,70,,1271,28,,,0
901,'Weekday-01',605,,1285,28,,,0,30,,1286,28,,,0,70,,1287,28,,,0,30,,1288,28,,,0,70,,1289,28,,,0,36,,1290,28,,,0,69,,1291,28,,,0,30,,1292,28,,,0,70,,1293,28,,,0,30,,1294,28,,,0,70,,1295,28,,,0,30,,1296,28,,,0,70,,1297,28,,,0,30,,1298,28,,,0,70,,1299,28,,,0,30,,1300,28,,,0,70,,1301,28,,,0,30,,1302,28,,,0,70,,1303,28,,,0,15,,1304,28,,,0,15,,1305,28,,,0,15,,1306,28,,,0,55,,1307,28,,,0,15,,1308,28,,,0,15,,1309,28,,,0,15,,1310,28,,,0,55,,1311,28,,,0,30,,1312,28,,,0,70,,1313,28,,,0,44,,1314,28,,,0,87,,1315,28,,,0,85,,1316,28,,,0,30,,1317,28,,,0,85,,1318,28,,,0,100,,1319,28,,,0,100,,1320,28,,,0
6001,'Saturday-01',651,,2460,27,,,0,80,,2463,27,,,0,80,,2476,27,,,0,40,,2475,27,,,0,80,,2474,27,,,0,80,,2477,27,,,0,40,,2484,27,,,0,80,,2482,27,,,0,80,,2480,27,,,0,40,,2471,27,,,0,80,,2473,27,,,0,80,,2470,27,,,0,40,,2487,27,,,0,80,,2488,27,,,0,80,,2486,27,,,0,40,,2483,27,,,0,80,,2481,27,,,0,80,,2472,27,,,0,40,,2469,27,,,0,80,,2485,27,,,0,80,,2478,27,,,0,40,,2479,27,,,0,80,,2467,27,,,0,80,,2468,27,,,0,40,,2466,27,,,0,80,,2465,27,,,0,80,,2464,27,,,0
6001,'Sunday-01',826,,2489,27,,,0,80,,2493,27,,,0,40,,2496,27,,,0,80,,2494,27,,,0,80,,2495,27,,,0,40,,2497,27,,,0,80,,2498,27,,,0,80,,2499,27,,,0,40,,2500,27,,,0,80,,2502,27,,,0,80,,2503,27,,,0,40,,2501,27,,,0,80,,2504,27,,,0,80,,2505,27,,,0,40,,2492,27,,,0,80,,2491,27,,,0
6001,'Weekday-01',626,,2543,27,,,0,25,,2507,27,,,0,65,,2508,27,,,0,25,,2509,27,,,0,65,,2510,27,,,0,35,,2511,27,,,0,15,,2512,27,,,0,65,,2513,27,,,0,35,,2514,27,,,0,80,,2515,27,,,0,80,,2516,27,,,0,40,,2517,27,,,0,80,,2518,27,,,0,80,,2519,27,,,0,40,,2520,27,,,0,90,,2521,27,,,0,65,,2522,27,,,0,25,,2523,27,,,0,65,,2524,27,,,0,25,,2525,27,,,0,25,,2526,27,,,0,65,,2527,27,,,0,25,,2528,27,,,0,65,,2529,27,,,0,25,,2530,27,,,0,25,,2531,27,,,0,65,,2532,27,,,0,25,,2533,27,,,0,75,,2534,27,,,0,15,,2535,27,,,0,65,,2536,27,,,0,40,,2537,27,,,0,80,,2538,27,,,0,80,,2539,27,,,0,40,,2540,27,,,0,70,,2541,27,,,0
231119801,'Weekday-01-1111100',1648,,2563,13,,,0
