700,'Saturday-01',646,,838,48,,,0,100,,839,48,,,0,70,,840,48,,,0,30,,841,48,,,0,70,,842,48,,,0,30,,843,48,,,0,70,,844,48,,,0,30,,845,48,,,0,70,,846,48,,,0,30,,847,48,,,0,70,,848,48,,,0,30,,849,48,,,0,70,,850,48,,,0,30,,851,48,,,0,70,,852,48,,,0,30,,853,48,,,0,70,,854,48,,,0,30,,855,48,,,0,70,,856,48,,,0,30,,857,48,,,0,70,,858,48,,,0,30,,859,48,,,0,70,,860,48,,,0,85,,861,48,,,0,45,,862,48,,,0,70,,863,48,,,0,99,,864,48,,,0,100,,865,48,,,0,100,,866,48,,,0,100,,867,48,,,0
700,'Sunday-01',846,,878,48,,,0,70,,879,48,,,0,30,,880,48,,,0,70,,881,48,,,0,30,,882,48,,,0,70,,883,48,,,0,30,,884,48,,,0,70,,885,48,,,0,30,,886,48,,,0,70,,887,48,,,0,30,,877,48,,,0,70,,873,48,,,0,30,,868,48,,,0,70,,869,48,,,0,30,,870,48,,,0,70,,871,48,,,0,30,,872,48,,,0,70,,874,48,,,0,30,,875,48,,,0,70,,876,48,,,0
700,'Weekday-01',616,,888,48,,,0,30,,889,48,,,0,55,,890,48,0,7,0,15,,891,48,,,0,15,,892,48,,,0,15,,893,48,,,0,55,,894,48,,,0,15,,895,48,,,0,15,,896,48,,,0,15,,897,48,,,0,55,,898,48,,,0,15,,899,48,,,0,30,,900,48,,,0,70,,901,48,,,0,30,,902,48,,,0,70,,903,48,,,0,30,,904,48,,,0,70,,905,48,,,0,30,,906,48,,,0,70,,907,48,,,0,30,,908,48,,,0,70,,909,48,,,0,30,,910,48,,,0,65,,911,48,,,0,30,,912,48,,,0,70,,913,48,,,0,30,,914,48,,,0,70,,915,48,,,0,30,,916,48,,,0,75,,917,48,,,0,85,,918,48,,,0,45,,919,48,,,0,70,,920,48,,,0,100,,921,48,,,0,100,,922,48,,,0,100,,923,48,,,0,100,,924,48,,,0
801,'Saturday-01',651,,1082,48,,,0,100,,1083,48,,,0,100,,1084,48,,,0,70,,1104,3,,,0,30,,1085,48,,,0,70,,1086,48,,,0,30,,1087,48,,,0,70,,1088,48,,,0,30,,1089,48,,,0,70,,1090,48,,,0,30,,1091,48,,,0,70,,1092,48,,,0,30,,1093,48,,,0,70,,1094,48,,,0,30,,1095,48,,,0,70,,1096,48,,,0,30,,1097,48,,,0,70,,1098,48,,,0,30,,1099,48,,,0,70,,1100,48,,,0,30,,1101,48,,,0,65,,1081,48,,,0,100,,1080,48,,,0,100,,1103,48,,,0,100,,1102,48,,,0
801,'Sunday-01',831,,1105,48,,,0,100,,1106,48,,,0,100,,1107,48,,,0,100,,1108,48,,,0,100,,1109,48,,,0,100,,1110,48,,,0,100,,1111,48,,,0,100,,1112,48,,,0,100,,1113,48,,,0,100,,1114,48,,,0,100,,1115,48,,,0
801,'Weekday-01',607,,1116,48,,,0,30,,1117,48,,,0,70,,1118,48,,,0,30,,1119,48,,,0,70,,1120,48,,,0,30,,1121,48,,,0,70,,1122,48,,,0,30,,1123,48,,,0,70,,1124,48,,,0,30,,1125,48,,,0,70,,1126,48,,,0,30,,1127,48,,,0,70,,1128,48,,,0,30,,1129,48,,,0,70,,1130,48,,,0,30,,1131,48,,,0,70,,1132,48,,,0,30,,1133,48,,,0,70,,1134,48,,,0,30,,1135,48,,,0,70,,1136,48,,,0,30,,1137,48,,,0,70,,1138,48,,,0,30,,1139,48,,,0,79,,1140,48,,,0,100,,1141,48,,,0,100,,1142,48,,,0,100,,1143,48,,,0
1500,'Saturday-01',811,,1616,3,,,0,45,,1604,25,,,0,85,,1605,25,,,0,85,,1606,25,,,0,85,,1607,25,,,0,45,,1608,25,,,0,85,,1609,25,,,0,85,,1610,25,,,0,85,,1611,25,,,0,45,,1612,25,,,0,85,,1613,25,,,0,85,,1614,25,,,0,85,,1615,25,,,0,45,,1617,25,,,0
1500,'Weekday-01',811,,1631,3,,,0,45,,1629,25,,,0,85,,1618,25,,,0,85,,1619,25,,,0,85,,1620,25,,,0,45,,1621,25,,,0,85,,1622,25,,,0,85,,1623,25,,,0,85,,1624,25,,,0,45,,1625,25,,,0,85,,1626,25,,,0,85,,1627,25,,,0,85,,1628,25,,,0,45,,1630,25,,,0
6000,'Saturday-01',659,,2382,3,,,0,80,,2383,3,,,0,80,,2384,3,,,0,40,,2385,3,,,0,80,,2386,3,,,0,80,,2387,3,,,0,40,,2388,3,,,0,80,,2389,3,,,0,80,,2390,3,,,0,40,,2391,3,,,0,80,,2392,3,,,0,80,,2393,3,,,0,40,,2394,3,,,0,80,,2395,3,,,0,80,,2396,3,,,0,40,,2397,3,,,0,80,,2398,3,,,0,80,,2399,3,,,0,40,,2400,3,,,0,80,,2401,3,,,0,80,,2402,3,,,0,40,,2403,3,,,0,80,,2404,3,,,0,80,,2405,3,,,0,40,,2406,3,,,0,78,,2407,3,,,0,80,,2408,3,,,0
6000,'Sunday-01',834,,2409,3,,,0,80,,2412,3,,,0,40,,2413,3,,,0,80,,2414,3,,,0,80,,2415,3,,,0,40,,2416,3,,,0,80,,2417,3,,,0,80,,2418,3,,,0,40,,2419,3,,,0,80,,2420,3,,,0,80,,2421,3,,,0,40,,2422,3,,,0,80,,2423,3,,,0,80,,2424,3,,,0,40,,2410,3,,,0,80,,2411,3,,,0
6000,'Weekday-01',634,,2458,3,,,0,25,,2425,3,,,0,65,,2426,3,,,0,25,,2427,3,,,0,65,,2428,3,,,0,35,,2429,3,,,0,80,,2430,3,,,0,75,,2431,3,,,0,40,,2432,3,,,0,80,,2433,3,,,0,80,,2434,3,,,0,40,,2435,3,,,0,80,,2436,3,,,0,80,,2437,3,,,0,25,,2438,3,,,0,25,,2439,3,,,0,65,,2440,3,,,0,25,,2441,3,,,0,65,,2442,3,,,0,25,,2443,3,,,0,25,,2444,3,,,0,65,,2445,3,,,0,25,,2446,3,,,0,65,,2447,3,,,0,25,,2448,3,,,0,65,,2449,3,,,0,25,,2450,3,,,0,25,,2451,3,,,0,75,,2452,3,,,0,80,,2453,3,,,0,40,,2454,3,,,0,80,,2455,3,,,0,80,,2456,3,,,0,38,,2457,3,,,0,70,,2459,3,,,0
