401,'Saturday-01',638,,693,27,,,0,70,,692,27,,,0,30,,661,27,,,0,70,,691,27,,,0,30,,662,27,,,0,70,,690,27,,,0,30,,689,27,,,0,70,,663,27,,,0,30,,688,27,,,0,70,,664,27,,,0,30,,687,27,,,0,70,,686,27,,,0,30,,685,27,,,0,70,,684,27,,,0,30,,665,27,,,0,70,,683,27,,,0,30,,666,27,,,0,70,,667,27,,,0,30,,682,27,,,0,70,,668,27,,,0,30,,669,27,,,0,70,,670,27,,,0,30,,671,27,,,0,70,,672,27,,,0,30,,681,27,,,0,70,,680,27,,,0,30,,679,27,,,0,70,,673,27,,,0,30,,674,27,,,0,75,,678,27,,,0,100,,677,27,,,0,100,,676,27,,,0,100,,675,27,,,0
401,'Sunday-01',828,,694,27,,,0,30,,705,27,,,0,70,,695,27,,,0,30,,706,27,,,0,70,,696,27,,,0,30,,707,27,,,0,70,,697,27,,,0,30,,708,27,,,0,70,,698,27,,,0,30,,709,27,,,0,70,,699,27,,,0,30,,710,27,,,0,70,,700,27,,,0,30,,711,27,,,0,70,,701,27,,,0,30,,712,27,,,0,70,,702,27,,,0,30,,713,27,,,0,70,,703,27,,,0,30,,714,27,,,0,70,,704,27,,,0
401,'Weekday-01',552,,715,27,,,0,70,,716,27,,,0,30,,717,27,,,0,70,,718,27,,,0,30,,719,27,,,0,70,,720,27,,,0,30,,721,27,,,0,70,,722,27,,,0,30,,723,27,,,0,70,,724,27,,,0,30,,725,27,,,0,70,,726,27,,,0,30,,727,27,,,0,70,,728,27,,,0,30,,729,27,,,0,70,,730,27,,,0,30,,731,27,,,0,70,,732,27,,,0,30,,733,27,,,0,70,,734,27,,,0,30,,735,27,,,0,70,,736,27,,,0,30,,737,27,,,0,70,,738,27,,,0,30,,739,27,,,0,69,,740,27,,,0,92,,741,27,,,0,25,,742,27,,,0,70,,743,27,,,0,30,,744,27,,,0,75,,745,27,,,0,100,,746,27,,,0,100,,747,27,,,0,100,,748,27,,,0
700,'Saturday-01',641,,838,44,,,0,100,,839,44,,,0,70,,840,44,,,0,30,,841,44,,,0,70,,842,44,,,0,30,,843,44,,,0,70,,844,44,,,0,30,,845,44,,,0,70,,846,44,,,0,30,,847,44,,,0,70,,848,44,,,0,30,,849,44,,,0,70,,850,44,,,0,30,,851,44,,,0,70,,852,44,,,0,30,,853,44,,,0,70,,854,44,,,0,30,,855,44,,,0,70,,856,44,,,0,30,,857,44,,,0,70,,858,44,,,0,30,,859,44,,,0,70,,860,44,,,0,45,,861,44,,,0,85,,862,44,,,0,70,,863,44,,,0,100,,864,44,,,0,100,,865,44,,,0,100,,866,44,,,0,100,,867,44,,,0
700,'Sunday-01',841,,878,44,,,0,70,,879,44,,,0,30,,880,44,,,0,70,,881,44,,,0,30,,882,44,,,0,70,,883,44,,,0,30,,884,44,,,0,70,,885,44,,,0,30,,886,44,,,0,70,,887,44,,,0,30,,877,44,,,0,70,,873,44,,,0,30,,868,44,,,0,70,,869,44,,,0,30,,870,44,,,0,70,,871,44,,,0,30,,872,44,,,0,70,,874,44,,,0,30,,875,44,,,0,70,,876,44,,,0
700,'Weekday-01',611,,888,44,,,0,30,,889,44,,,0,15,,890,44,0,7,0,55,,891,44,,,0,15,,892,44,,,0,15,,893,44,,,0,15,,894,44,,,0,55,,895,44,,,0,15,,896,44,,,0,15,,897,44,,,0,15,,898,44,,,0,55,,899,44,,,0,30,,900,44,,,0,70,,901,44,,,0,30,,902,44,,,0,70,,903,44,,,0,30,,904,44,,,0,70,,905,44,,,0,30,,906,44,,,0,70,,907,44,,,0,30,,908,44,,,0,70,,909,44,,,0,30,,910,44,,,0,65,,911,44,,,0,30,,912,44,,,0,70,,913,44,,,0,30,,914,44,,,0,70,,915,44,,,0,30,,916,44,,,0,75,,917,44,,,0,45,,918,44,,,0,85,,919,44,,,0,70,,920,44,,,0,100,,921,44,,,0,100,,922,44,,,0,100,,923,44,,,0,100,,924,44,,,0
900,'Saturday-01',627,,1144,43,,,0,30,,1145,43,,,0,70,,1146,43,,,0,30,,1147,43,,,0,70,,1148,43,,,0,30,,1149,43,,,0,70,,1150,43,,,0,30,,1151,43,,,0,70,,1152,43,,,0,30,,1153,43,,,0,70,,1154,43,,,0,30,,1155,43,,,0,70,,1156,43,,,0,30,,1157,43,,,0,70,,1158,43,,,0,30,,1159,43,,,0,70,,1160,43,,,0,30,,1161,43,,,0,70,,1162,43,,,0,30,,1163,43,,,0,70,,1164,43,,,0,30,,1165,43,,,0,86,,1166,43,,,0,70,,1167,43,,,0,30,,1168,43,,,0,85,,1169,43,,,0,30,,1171,43,,,0,85,,1172,43,,,0,100,,1173,43,,,0,100,,1174,43,,,0,100,,1170,43,,,0
900,'Sunday-01',757,,1194,43,,,0,70,,1196,43,,,0,30,,1184,43,,,0,70,,1183,43,,,0,30,,1185,43,,,0,70,,1178,43,,,0,30,,1186,43,,,0,70,,1179,43,,,0,30,,1187,43,,,0,70,,1180,43,,,0,30,,1188,43,,,0,70,,1181,43,,,0,30,,1189,43,,,0,70,,1182,43,,,0,30,,1190,43,,,0,70,,1175,43,,,0,30,,1191,43,,,0,70,,1176,43,,,0,30,,1192,43,,,0,70,,1177,43,,,0,30,,1193,43,,,0,70,,1195,43,,,0
900,'Weekday-01',557,,1197,43,,,0,70,,1198,43,,,0,25,,1199,43,,,0,70,,1200,43,,,0,30,,1201,43,,,0,70,,1202,43,,,0,30,,1203,43,,,0,75,,1204,43,,,0,30,,1205,43,,,0,70,,1206,43,,,0,30,,1207,43,,,0,70,,1208,43,,,0,30,,1209,43,,,0,70,,1210,43,,,0,30,,1211,43,,,0,70,,1212,43,,,0,30,,1213,43,,,0,70,,1214,43,,,0,30,,1215,43,,,0,55,,1216,43,,,0,15,,1217,43,,,0,15,,1218,43,,,0,15,,1219,43,,,0,70,,1220,43,,,0,15,,1221,43,,,0,15,,1222,43,,,0,55,,1223,43,,,0,30,,1224,43,,,0,70,,1225,43,,,0,30,,1226,43,,,0,85,,1227,43,,,0,30,,1228,43,,,0,85,,1229,43,,,0,100,,1230,43,,,0,100,,1231,43,,,0,100,,1232,43,,,0
1000,'Saturday-01',641,,1321,17,,,0,100,,1322,17,,,0,100,,1323,17,,,0,71,,1324,17,,,0,30,,1325,17,,,0,70,,1326,17,,,0,30,,1327,17,,,0,70,,1328,17,,,0,30,,1329,17,,,0,70,,1330,17,,,0,30,,1331,17,,,0,70,,1332,17,,,0,30,,1333,17,,,0,70,,1334,17,,,0,30,,1335,17,,,0,70,,1336,17,,,0,30,,1337,17,,,0,70,,1338,17,,,0,30,,1339,17,,,0,70,,1340,17,,,0,30,,1341,17,,,0,70,,1342,17,,,0,45,,1343,17,,,0,85,,1344,17,,,0,85,,1345,17,,,0,86,,1346,17,,,0,98,,1347,17,,,0
1000,'Sunday-01',826,,1348,17,,,0,100,,1349,17,,,0,100,,1350,17,,,0,100,,1351,17,,,0,100,,1352,17,,,0,100,,1353,17,,,0,100,,1354,17,,,0,100,,1355,17,,,0,100,,1356,17,,,0,100,,1357,17,,,0,100,,1358,17,,,0
1000,'Weekday-01',612,,1377,17,,,0,30,,1378,17,,,0,70,,1379,17,,,0,30,,1380,17,,,0,70,,1381,17,,,0,30,,1359,17,,,0,70,,1360,17,,,0,30,,1361,17,,,0,70,,1362,17,,,0,30,,1363,17,,,0,70,,1364,17,,,0,30,,1365,17,,,0,70,,1366,17,,,0,30,,1367,17,,,0,70,,1368,17,,,0,30,,1369,17,,,0,70,,1370,17,,,0,30,,1382,17,,,0,70,,1383,17,,,0,30,,1384,17,,,0,70,,1385,17,,,0,30,,1386,17,,,0,70,,1387,17,,,0,30,,1388,17,,,0,70,,1371,17,,,0,45,,1372,17,,,0,85,,1373,17,,,0,85,,1374,17,,,0,86,,1375,17,,,0,98,,1376,17,,,0
1500,'Saturday-01',850,,1604,21,,,0,85,,1605,21,,,0,85,,1606,21,,,0,85,,1607,21,,,0,45,,1608,21,,,0,85,,1609,21,,,0,85,,1610,21,,,0,85,,1611,21,,,0,45,,1612,21,,,0,85,,1613,21,,,0,85,,1614,21,,,0,85,,1615,21,,,0,45,,1617,21,,,0
1500,'Weekday-01',850,,1629,21,,,0,85,,1618,21,,,0,85,,1619,21,,,0,85,,1620,21,,,0,45,,1621,21,,,0,85,,1622,21,,,0,85,,1623,21,,,0,85,,1624,21,,,0,45,,1625,21,,,0,85,,1626,21,,,0,85,,1627,21,,,0,85,,1628,21,,,0,45,,1630,21,,,0
2400,'Weekday-01',555,,1934,1,,,0,60,,1935,1,,,0,20,,1936,1,,,0,20,,1937,1,,,0,60,,1938,1,,,0,20,,1939,1,,,0,20,,1940,1,,,0,60,,1941,1,,,0,20,,1942,1,,,0,20,,1943,1,,,0,700,,1944,1,,,0,80,,1945,1,,,0,80,,1946,1,,,0,40,,1947,1,,,0,80,,1948,1,,,0,80,,1949,1,,,0,40,,1950,1,,,0,80,,1951,1,,,0,20,,1952,1,,,0,60,,1953,1,,,0,20,,1954,1,,,0,20,,1955,1,,,0,60,,1956,1,,,0,20,,1957,1,,,0,20,,1958,1,,,0,60,,1959,1,,,0,20,,1960,1,,,0,20,,1961,1,,,0,60,,1962,1,,,0
2401,'Weekday-01',615,,1964,17,4,,0,20,,1965,17,4,,0,20,,1966,17,4,,0,60,,1967,17,4,,0,20,,1968,17,4,,0,20,,1969,17,4,,0,60,,1970,17,4,,0,20,,1971,17,4,,0,20,,1972,17,4,,0,60,,1973,17,4,,0,720,,1974,17,4,,0,80,,1975,17,4,,0,40,,1976,17,4,,0,80,,1977,17,4,,0,80,,1978,17,4,,0,40,,1979,17,4,,0,80,,1980,17,4,,0,80,,1981,17,4,,0,20,,1982,17,4,,0,20,,1983,17,4,,0,60,,1984,17,4,,0,20,,1985,17,4,,0,20,,1986,17,4,,0,60,,1987,17,4,,0,20,,1988,17,4,,0,20,,1963,17,4,,0,60,,1989,17,4,,0
4001,'Saturday-01',620,,2128,35,,,0,100,,2129,35,,,0,30,,2130,35,,,0,70,,2131,35,,,0,30,,2132,35,,,0,70,,2133,35,,,0,30,,2134,35,,,0,70,,2135,35,,,0,30,,2136,35,,,0,70,,2137,35,,,0,30,,2138,35,,,0,70,,2139,35,,,0,30,,2140,35,,,0,70,,2141,35,,,0,30,,2142,35,,,0,70,,2143,35,,,0,30,,2144,35,,,0,70,,2145,35,,,0,30,,2146,35,,,0,70,,2147,35,,,0,30,,2148,35,,,0,70,,2149,35,,,0,30,,2150,35,,,0,70,,2151,35,,,0,30,,2152,35,,,0,70,,2153,35,,,0,30,,2154,35,,,0,70,,2155,35,,,0,30,,2156,35,,,0,70,,2157,35,,,0,30,,2158,35,,,0,70,,2159,35,,,0,30,,2160,35,,,0,70,,2161,35,,,0,100,,2162,35,,,0
4001,'Sunday-01',820,,2164,35,,,0,30,,2165,35,,,0,70,,2166,35,,,0,30,,2167,35,,,0,70,,2168,35,,,0,30,,2169,35,,,0,70,,2170,35,,,0,30,,2171,35,,,0,70,,2172,35,,,0,30,,2173,35,,,0,70,,2174,35,,,0,30,,2175,35,,,0,70,,2176,35,,,0,30,,2177,35,,,0,70,,2178,35,,,0,30,,2179,35,,,0,70,,2180,35,,,0,30,,2181,35,,,0,70,,2182,35,,,0,30,,2183,35,,,0,70,,2184,35,,,0
4001,'Weekday-01',620,,2220,35,,,0,30,,2185,35,,,0,70,,2186,35,,,0,30,,2187,35,,,0,70,,2188,35,,,0,30,,2189,35,,,0,70,,2190,35,,,0,30,,2191,35,,,0,70,,2192,35,,,0,30,,2193,35,,,0,70,,2194,35,,,0,30,,2195,35,,,0,70,,2196,35,,,0,30,,2197,35,,,0,70,,2198,35,,,0,30,,2199,35,,,0,70,,2200,35,,,0,30,,2201,35,,,0,70,,2202,35,,,0,30,,2203,35,,,0,70,,2204,35,,,0,30,,2205,35,,,0,70,,2206,35,,,0,30,,2207,35,,,0,70,,2208,35,,,0,30,,2209,35,,,0,70,,2210,35,,,0,30,,2211,35,,,0,70,,2212,35,,,0,30,,2213,35,,,0,70,,2214,35,,,0,30,,2215,35,,,0,70,,2216,35,,,0,30,,2217,35,,,0,70,,2218,35,,,0,100,,2219,35,,,0
2400025501,'Weekday-01-1111100',1532,,2564,21,,,0
