100,'Saturday-01',615,,2545,26,0,5,0,30,,2546,26,0,5,0,100,,2551,26,0,5,0,70,,2552,26,0,5,0,30,,2553,26,0,5,0,70,,2554,26,0,5,0,30,,2555,26,0,5,0,70,,2556,26,0,5,0,30,,2557,26,0,5,0,70,,2558,26,0,5,0,30,,2559,26,0,5,0,55,,2564,1,0,5,0,15,,2547,26,0,5,0,30,,2548,26,0,5,0,70,,2569,26,0,5,0,30,,2570,26,0,5,0,60,,2549,26,0,5,0,30,,2550,26,0,5,0,70,,2565,26,0,5,0,30,,2566,26,0,5,0,70,,2567,26,0,5,0,30,,2568,26,0,5,0,70,,2571,26,0,5,0,30,,2572,26,0,5,0,70,,2573,26,0,5,0,109,,2560,55,0,5,0,30,,2561,55,0,5,0,70,,2574,55,0,5,0,43,,2575,55,0,5,0,70,,2562,55,0,5,0,95,,2576,55,0,5,0,85,,2577,55,0,5,0,18,,2578,55,0,5,0,105,,2563,55,0,5,0
100,'Sunday-01',812,,2582,55,0,5,0,100,,2583,55,0,5,0,100,,2584,55,0,5,0,100,,2585,55,0,5,0,100,,2587,55,0,5,0,100,,2588,55,0,5,0,105,,2589,55,0,5,0,100,,2590,55,0,5,0,105,,2591,55,0,5,0,100,,2586,55,0,5,0,108,,2580,55,0,5,0
100,'Weekday-01',600,,2592,1,0,5,0,15,,2604,26,0,8,0,10,,2630,26,0,8,0,5,,2605,26,0,8,0,15,,2606,26,0,8,0,55,,2607,26,0,8,0,20,,2593,26,0,5,0,15,,2610,26,0,8,0,15,,2594,26,0,5,0,60,,2595,26,0,5,0,20,,2596,26,0,5,0,70,,2597,26,0,5,0,20,,2598,26,0,5,0,20,,2599,26,0,5,0,75,,2615,28,0,5,0,30,,2616,28,0,5,0,70,,2617,28,0,5,0,30,,2618,28,0,5,0,70,,2611,28,0,8,0,30,,2612,28,0,8,0,70,,2608,26,0,8,0,30,,2609,26,0,8,0,70,,2613,28,0,8,0,30,,2614,28,0,8,0,70,,2637,28,0,8,0,10,,2631,26,0,8,0,20,,2619,28,0,5,0,10,,2632,26,0,8,0,60,,2620,28,0,5,0,10,,2633,26,0,8,0,15,,2600,26,0,5,0,15,,2634,26,0,8,0,55,,2601,26,0,5,0,15,,2635,26,0,8,0,15,,2602,26,0,5,0,70,,2636,26,0,8,0,20,,2603,26,0,5,0,70,,2621,55,0,5,0,30,,2622,55,0,5,0,75,,2638,55,0,8,0,10,,2625,55,0,8,0,35,,2626,55,0,8,0,70,,2627,55,0,8,0,100,,2628,55,0,8,0,20,,2629,55,0,8,0,100,,2623,55,0,5,0,88,,2624,55,0,5,0
201,'Saturday-01',645,,2829,36,,,0,70,,2830,36,,,0,30,,2831,36,,,0,70,,2832,36,,,0,30,,2833,36,,,0,70,,2834,36,,,0,30,,2835,36,,,0,70,,2836,36,,,0,30,,2837,36,,,0,70,,2838,36,,,0,30,,2839,36,,,0,70,,2840,36,,,0,30,,2841,36,,,0,70,,2842,36,,,0,30,,2843,36,,,0,70,,2844,36,,,0,30,,2845,36,,,0,70,,2846,36,,,0,30,,2847,36,,,0,70,,2848,36,,,0,30,,2849,36,,,0,70,,2850,36,,,0,30,,2851,36,,,0,70,,2852,36,,,0,30,,2853,36,,,0,70,,2854,36,,,0,30,,2855,36,,,0,70,,2856,36,,,0,30,,2857,36,,,0,70,,2858,36,,,0,100,,2859,36,,,0,100,,2860,36,,,0,100,,2861,36,,,0
201,'Sunday-01',830,,2862,36,,,0,70,,2863,36,,,0,30,,2864,36,,,0,70,,2865,36,,,0,30,,2866,36,,,0,70,,2867,36,,,0,30,,2868,36,,,0,70,,2869,36,,,0,30,,2870,36,,,0,70,,2871,36,,,0,30,,2872,36,,,0,70,,2873,36,,,0,30,,2874,36,,,0,70,,2875,36,,,0,30,,2876,36,,,0,70,,2877,36,,,0,30,,2878,36,,,0,70,,2879,36,,,0,30,,2880,36,,,0,70,,2881,36,,,0
201,'Weekday-01',615,,2884,36,,,0,30,,2885,36,,,0,55,,2886,36,,,0,15,,2887,36,,,0,15,,2888,36,,,0,15,,2889,36,,,0,55,,2890,36,,,0,15,,2925,36,,,0,15,,2891,36,,,0,15,,2892,36,,,0,55,,2926,36,4,,0,15,,2924,36,,,0,30,,2893,36,,,0,70,,2894,36,,,0,30,,2895,36,,,0,70,,2896,36,,,0,30,,2897,36,,,0,70,,2898,36,,,0,30,,2899,36,,,0,70,,2900,36,,,0,25,,2901,36,,,0,70,,2902,36,,,0,35,,2903,36,,,0,70,,2904,36,,,0,15,,2905,36,,,0,15,,2906,36,,,0,55,,2907,36,,,0,15,,2908,36,,,0,15,,2909,36,,,0,15,,2910,36,,,0,55,,2911,36,,,0,15,,2912,36,,,0,30,,2913,36,,,0,70,,2914,36,,,0,30,,2915,36,,,0,70,,2916,36,,,0,30,,2917,36,,,0,70,,2918,36,,,0,30,,2919,36,,,0,70,,2920,36,,,0,100,,2921,36,,,0,100,,2922,36,,,0,100,,2923,36,,,0
400,'Saturday-01',645,,3149,44,,,0,70,,3117,44,,,0,30,,3148,44,,,0,70,,3147,44,,,0,30,,3118,44,,,0,70,,3146,44,,,0,30,,3119,44,,,0,70,,3145,44,,,0,30,,3144,44,,,0,70,,3120,44,,,0,30,,3143,44,,,0,70,,3121,44,,,0,30,,3122,44,,,0,70,,3142,44,,,0,30,,3141,44,,,0,70,,3123,44,,,0,30,,3140,44,,,0,70,,3139,44,,,0,30,,3124,44,,,0,70,,3125,44,,,0,30,,3126,44,,,0,70,,3138,44,,,0,30,,3137,44,,,0,70,,3136,44,,,0,30,,3127,44,,,0,70,,3128,44,,,0,30,,3135,44,,,0,70,,3134,44,,,0,30,,3133,44,,,0,70,,3129,44,,,0,100,,3132,44,,,0,100,,3131,44,,,0,100,,3130,44,,,0
400,'Sunday-01',830,,3150,44,,,0,70,,3161,44,,,0,30,,3151,44,,,0,70,,3162,44,,,0,30,,3152,44,,,0,70,,3163,44,,,0,30,,3153,44,,,0,70,,3164,44,,,0,30,,3154,44,,,0,70,,3165,44,,,0,30,,3155,44,,,0,70,,3166,44,,,0,30,,3156,44,,,0,70,,3167,44,,,0,30,,3157,44,,,0,70,,3168,44,,,0,30,,3158,44,,,0,70,,3169,44,,,0,30,,3159,44,,,0,70,,3170,44,,,0,30,,3160,44,,,0
400,'Weekday-01',615,,3171,44,,,0,30,,3172,44,,,0,70,,3173,44,,,0,30,,3174,44,,,0,70,,3175,44,,,0,30,,3176,44,,,0,70,,3177,44,,,0,30,,3178,44,,,0,70,,3179,44,,,0,30,,3180,44,,,0,70,,3181,44,,,0,30,,3182,44,,,0,70,,3183,44,,,0,30,,3184,44,,,0,70,,3185,44,,,0,30,,3186,44,,,0,70,,3187,44,,,0,30,,3188,44,,,0,70,,3189,44,,,0,30,,3190,44,,,0,70,,3191,44,,,0,30,,3192,44,,,0,70,,3193,44,,,0,30,,3194,44,,,0,70,,3195,44,,,0,30,,3196,44,,,0,70,,3197,44,,,0,30,,3198,44,,,0,70,,3199,44,,,0,30,,3200,44,,,0,70,,3201,44,,,0,100,,3202,44,,,0,100,,3203,44,,,0,100,,3204,44,,,0
500,'Saturday-01',700,,3293,1,,,0,100,,3294,1,,,0,100,,3295,1,,,0,100,,3296,1,,,0,100,,3297,1,,,0,100,,3298,1,,,0,100,,3299,1,,,0,100,,3300,1,,,0,100,,3301,1,,,0,100,,3302,1,,,0,100,,3303,1,,,0,100,,3304,1,,,0
500,'Weekday-01',610,,3305,1,,,0,30,,3306,1,,,0,70,,3307,1,,,0,30,,3308,1,,,0,70,,3309,1,,,0,90,,3310,1,,,0,100,,3311,1,,,0,100,,3312,1,,,0,100,,3313,1,,,0,100,,3314,1,,,0,100,,3315,1,,,0,100,,3316,1,,,0,110,,3317,1,,,0,30,,3318,1,,,0,70,,3319,1,,,0,35,,3320,1,,,0
501,'Saturday-01',700,,3322,40,4,,0,100,,3323,40,4,,0,100,,3324,40,4,,0,100,,3325,40,4,,0,100,,3326,40,4,,0,100,,3327,40,4,,0,100,,3328,40,4,,0,100,,3329,40,4,,0,100,,3330,40,4,,0,100,,3331,40,4,,0,100,,3332,40,4,,0,100,,3333,40,4,,0
501,'Weekday-01',610,,3335,40,4,,0,30,,3336,40,4,,0,70,,3337,40,4,,0,30,,3338,40,4,,0,70,,3339,40,4,,0,35,,3351,44,4,,0,65,,3340,40,4,,0,90,,3341,40,4,,0,100,,3342,40,4,,0,100,,3343,40,4,,0,100,,3344,40,4,,0,100,,3345,40,4,,0,100,,3346,40,4,,0,110,,3347,40,4,,0,30,,3352,40,4,,0,70,,3348,40,4,,0,30,,3349,40,4,,0
1001,'Saturday-01',640,,3926,36,,,0,100,,3927,36,,,0,100,,3928,36,,,0,70,,3929,36,,,0,30,,3930,36,,,0,70,,3931,36,,,0,30,,3932,36,,,0,70,,3933,36,,,0,30,,3934,36,,,0,70,,3935,36,,,0,30,,3936,36,,,0,70,,3937,36,,,0,30,,3938,36,,,0,70,,3939,36,,,0,30,,3940,36,,,0,70,,3941,36,,,0,30,,3942,36,,,0,70,,3943,36,,,0,30,,3944,36,,,0,70,,3945,36,,,0,30,,3946,36,,,0,71,,3947,36,,,0,29,,3948,36,4,,0,75,,3949,36,,,0,85,,3950,36,,,0,45,,3951,36,,,0,70,,3952,36,,,0,100,,3953,36,,,0
1001,'Sunday-01',830,,3954,36,,,0,100,,3955,36,,,0,100,,3956,36,,,0,100,,3957,36,,,0,100,,3958,36,,,0,100,,3959,36,,,0,100,,3960,36,,,0,100,,3961,36,,,0,100,,3962,36,,,0,100,,3963,36,,,0,100,,3964,36,,,0
1001,'Weekday-01',610,,3997,6,,,0,30,,3983,47,,,0,70,,3984,47,,,0,30,,3985,47,,,0,70,,3986,47,,,0,30,,3987,47,,,0,70,,3988,47,,,0,30,,3965,36,,,0,70,,3966,36,,,0,30,,3967,36,,,0,70,,3968,36,,,0,30,,3969,36,,,0,70,,3970,36,,,0,30,,3971,36,,,0,70,,3972,36,,,0,30,,3973,36,,,0,70,,3974,36,,,0,30,,3975,36,,,0,70,,3976,36,,,0,30,,3977,36,,,0,70,,3989,47,,,0,30,,3990,47,,,0,70,,3991,47,,,0,30,,3992,47,,,0,70,,3993,47,,,0,20,,3994,47,,,0,70,,3996,47,4,,0,15,,3978,36,,,0,85,,3979,36,,,0,45,,3980,36,,,0,70,,3981,36,,,0,100,,3982,36,,,0
1201,'Saturday-01',645,,4070,39,,,0,100,,4071,39,,,0,100,,4072,39,,,0,70,,4076,49,,,0,30,,4077,49,,,0,70,,4078,49,,,0,30,,4079,49,,,0,70,,4080,49,,,0,30,,4081,49,,,0,70,,4082,49,,,0,30,,4083,49,,,0,70,,4084,49,,,0,30,,4085,49,,,0,70,,4086,49,,,0,30,,4087,49,,,0,70,,4088,49,,,0,30,,4089,49,,,0,70,,4090,49,,,0,30,,4091,49,,,0,70,,4092,49,,,0,30,,4075,49,,,0,70,,4074,49,,,0,100,,4073,36,,,0,100,,4096,36,,,0,100,,4097,36,,,0,100,,4093,36,,,0,100,,4094,36,,,0,100,,4095,36,,,0
1201,'Sunday-01',830,,4098,39,,,0,100,,4099,39,,,0,100,,4100,39,,,0,100,,4101,39,,,0,100,,4102,39,,,0,100,,4103,39,,,0,100,,4104,39,,,0,100,,4105,39,,,0,100,,4106,39,,,0,100,,4107,39,,,0,100,,4108,39,,,0
1201,'Weekday-01',615,,4135,1,,,0,30,,4136,46,,,0,70,,4137,46,,,0,30,,4138,46,,,0,70,,4139,46,,,0,30,,4140,46,,,0,70,,4115,49,,,0,30,,4126,49,,,0,70,,4127,49,,,0,30,,4128,49,,,0,70,,4129,49,,,0,30,,4130,49,,,0,70,,4131,49,,,0,30,,4132,49,,,0,70,,4133,49,,,0,30,,4116,49,,,0,70,,4117,49,,,0,30,,4118,49,,,0,70,,4119,49,,,0,30,,4125,49,,,0,70,,4120,49,,,0,30,,4121,49,,,0,70,,4122,49,,,0,30,,4123,49,,,0,70,,4124,49,,,0,30,,4134,49,4,,0,70,,4109,36,,,0,100,,4110,36,,,0,100,,4111,36,,,0,100,,4112,36,,,0,100,,4113,36,,,0,100,,4114,36,,,0
