401,'Saturday-01',631,,693,20,,,0,70,,692,20,,,0,30,,661,20,,,0,70,,691,20,,,0,30,,662,20,,,0,70,,690,20,,,0,30,,689,20,,,0,70,,663,20,,,0,30,,688,20,,,0,70,,664,20,,,0,30,,687,20,,,0,70,,686,20,,,0,30,,685,20,,,0,70,,684,20,,,0,30,,665,20,,,0,70,,683,20,,,0,30,,666,20,,,0,70,,667,20,,,0,30,,682,20,,,0,70,,668,20,,,0,30,,669,20,,,0,70,,670,20,,,0,30,,671,20,,,0,70,,672,20,,,0,30,,681,20,,,0,70,,680,20,,,0,30,,679,20,,,0,70,,673,20,,,0,30,,674,20,,,0,75,,678,20,,,0,100,,677,20,,,0,100,,676,20,,,0,100,,675,20,,,0
401,'Sunday-01',821,,694,20,,,0,30,,705,20,,,0,70,,695,20,,,0,30,,706,20,,,0,70,,696,20,,,0,30,,707,20,,,0,70,,697,20,,,0,30,,708,20,,,0,70,,698,20,,,0,30,,709,20,,,0,70,,699,20,,,0,30,,710,20,,,0,70,,700,20,,,0,30,,711,20,,,0,70,,701,20,,,0,30,,712,20,,,0,70,,702,20,,,0,30,,713,20,,,0,70,,703,20,,,0,30,,714,20,,,0,70,,704,20,,,0
401,'Weekday-01',544,,715,20,,,0,70,,716,20,,,0,30,,717,20,,,0,70,,718,20,,,0,30,,719,20,,,0,70,,720,20,,,0,30,,721,20,,,0,70,,722,20,,,0,30,,723,20,,,0,70,,724,20,,,0,30,,725,20,,,0,70,,726,20,,,0,30,,727,20,,,0,70,,728,20,,,0,30,,729,20,,,0,70,,730,20,,,0,30,,731,20,,,0,70,,732,20,,,0,30,,733,20,,,0,70,,734,20,,,0,30,,735,20,,,0,70,,736,20,,,0,30,,737,20,,,0,70,,738,20,,,0,30,,739,20,,,0,69,,740,20,,,0,93,,741,20,,,0,25,,742,20,,,0,70,,743,20,,,0,30,,744,20,,,0,75,,745,20,,,0,100,,746,20,,,0,100,,747,20,,,0,100,,748,20,,,0
900,'Saturday-01',621,,1144,36,,,0,30,,1145,36,,,0,70,,1146,36,,,0,30,,1147,36,,,0,70,,1148,36,,,0,30,,1149,36,,,0,70,,1150,36,,,0,30,,1151,36,,,0,70,,1152,36,,,0,30,,1153,36,,,0,70,,1154,36,,,0,30,,1155,36,,,0,70,,1156,36,,,0,30,,1157,36,,,0,70,,1158,36,,,0,30,,1159,36,,,0,70,,1160,36,,,0,30,,1161,36,,,0,70,,1162,36,,,0,30,,1163,36,,,0,70,,1164,36,,,0,30,,1165,36,,,0,87,,1166,36,,,0,70,,1167,36,,,0,30,,1168,36,,,0,85,,1169,36,,,0,30,,1171,36,,,0,85,,1172,36,,,0,100,,1173,36,,,0,100,,1174,36,,,0,100,,1170,36,,,0
900,'Sunday-01',751,,1194,36,,,0,70,,1196,36,,,0,30,,1184,36,,,0,70,,1183,36,,,0,30,,1185,36,,,0,70,,1178,36,,,0,30,,1186,36,,,0,70,,1179,36,,,0,30,,1187,36,,,0,70,,1180,36,,,0,30,,1188,36,,,0,70,,1181,36,,,0,30,,1189,36,,,0,70,,1182,36,,,0,30,,1190,36,,,0,70,,1175,36,,,0,30,,1191,36,,,0,70,,1176,36,,,0,30,,1192,36,,,0,70,,1177,36,,,0,30,,1193,36,,,0,70,,1195,36,,,0
900,'Weekday-01',551,,1197,36,,,0,70,,1198,36,,,0,25,,1199,36,,,0,70,,1200,36,,,0,30,,1201,36,,,0,70,,1202,36,,,0,30,,1203,36,,,0,75,,1204,36,,,0,30,,1205,36,,,0,70,,1206,36,,,0,30,,1207,36,,,0,70,,1208,36,,,0,30,,1209,36,,,0,70,,1210,36,,,0,30,,1211,36,,,0,70,,1212,36,,,0,30,,1213,36,,,0,70,,1214,36,,,0,30,,1215,36,,,0,55,,1216,36,,,0,15,,1217,36,,,0,15,,1218,36,,,0,15,,1219,36,,,0,70,,1220,36,,,0,15,,1221,36,,,0,15,,1222,36,,,0,55,,1223,36,,,0,29,,1224,36,,,0,70,,1225,36,,,0,30,,1226,36,,,0,85,,1227,36,,,0,31,,1228,36,,,0,85,,1229,36,,,0,100,,1230,36,,,0,100,,1231,36,,,0,100,,1232,36,,,0
4001,'Saturday-01',613,,2128,30,,,0,100,,2129,30,,,0,30,,2130,30,,,0,70,,2131,30,,,0,30,,2132,30,,,0,70,,2133,30,,,0,30,,2134,30,,,0,70,,2135,30,,,0,30,,2136,30,,,0,70,,2137,30,,,0,30,,2138,30,,,0,70,,2139,30,,,0,30,,2140,30,,,0,70,,2141,30,,,0,30,,2142,30,,,0,70,,2143,30,,,0,30,,2144,30,,,0,70,,2145,30,,,0,30,,2146,30,,,0,70,,2147,30,,,0,30,,2148,30,,,0,70,,2149,30,,,0,30,,2150,30,,,0,70,,2151,30,,,0,30,,2152,30,,,0,70,,2153,30,,,0,30,,2154,30,,,0,70,,2155,30,,,0,30,,2156,30,,,0,70,,2157,30,,,0,30,,2158,30,,,0,70,,2159,30,,,0,30,,2160,30,,,0,70,,2161,30,,,0,100,,2162,30,,,0
4001,'Sunday-01',813,,2164,30,,,0,30,,2165,30,,,0,70,,2166,30,,,0,30,,2167,30,,,0,70,,2168,30,,,0,30,,2169,30,,,0,70,,2170,30,,,0,30,,2171,30,,,0,70,,2172,30,,,0,30,,2173,30,,,0,70,,2174,30,,,0,30,,2175,30,,,0,70,,2176,30,,,0,30,,2177,30,,,0,70,,2178,30,,,0,30,,2179,30,,,0,70,,2180,30,,,0,30,,2181,30,,,0,70,,2182,30,,,0,30,,2183,30,,,0,70,,2184,30,,,0
4001,'Weekday-01',613,,2220,30,,,0,30,,2185,30,,,0,70,,2186,30,,,0,30,,2187,30,,,0,70,,2188,30,,,0,30,,2189,30,,,0,70,,2190,30,,,0,30,,2191,30,,,0,70,,2192,30,,,0,30,,2193,30,,,0,70,,2194,30,,,0,30,,2195,30,,,0,70,,2196,30,,,0,30,,2197,30,,,0,70,,2198,30,,,0,30,,2199,30,,,0,70,,2200,30,,,0,30,,2201,30,,,0,70,,2202,30,,,0,30,,2203,30,,,0,70,,2204,30,,,0,30,,2205,30,,,0,70,,2206,30,,,0,30,,2207,30,,,0,70,,2208,30,,,0,30,,2209,30,,,0,70,,2210,30,,,0,30,,2211,30,,,0,70,,2212,30,,,0,30,,2213,30,,,0,70,,2214,30,,,0,30,,2215,30,,,0,70,,2216,30,,,0,30,,2217,30,,,0,70,,2218,30,,,0,100,,2219,30,,,0
2400025501,'Weekday-01-1111100',1526,,2564,14,,,0
