100,'Saturday-01',614,,1,25,0,5,0,30,,2,25,0,5,0,100,,7,25,0,5,0,70,,8,25,0,5,0,30,,9,25,0,5,0,70,,10,25,0,5,0,30,,11,25,0,5,0,70,,12,25,0,5,0,30,,13,25,0,5,0,70,,14,25,0,5,0,30,,15,25,0,5,0,70,,3,25,0,5,0,30,,4,25,0,5,0,70,,25,25,0,5,0,30,,26,25,0,5,0,60,,5,25,0,5,0,30,,6,25,0,5,0,70,,21,25,0,5,0,30,,22,25,0,5,0,70,,23,25,0,5,0,30,,24,25,0,5,0,70,,27,25,0,5,0,30,,28,25,0,5,0,70,,29,25,0,5,0,109,,16,54,0,5,0,30,,17,54,0,5,0,70,,30,54,0,5,0,43,,31,54,0,5,0,70,,18,54,0,5,0,95,,32,54,0,5,0,85,,33,54,0,5,0,18,,34,54,0,5,0,105,,19,54,0,5,0
100,'Sunday-01',811,,38,54,0,5,0,100,,39,54,0,5,0,100,,40,54,0,5,0,100,,41,54,0,5,0,100,,43,54,0,5,0,100,,44,54,0,5,0,105,,45,54,0,5,0,100,,46,54,0,5,0,105,,47,54,0,5,0,100,,42,54,0,5,0,107,,36,54,0,5,0
100,'Weekday-01',614,,60,25,0,8,0,10,,86,25,0,8,0,5,,61,25,0,8,0,15,,62,25,0,8,0,15,,63,25,0,8,0,60,,49,25,0,5,0,15,,66,25,0,8,0,15,,50,25,0,5,0,60,,51,25,0,5,0,20,,52,25,0,5,0,30,,53,25,0,5,0,60,,54,25,0,5,0,20,,55,25,0,5,0,75,,71,27,0,5,0,30,,72,27,0,5,0,70,,73,27,0,5,0,30,,74,27,0,5,0,70,,67,27,0,8,0,30,,68,27,0,8,0,70,,64,25,0,8,0,30,,65,25,0,8,0,70,,69,27,0,8,0,30,,70,27,0,8,0,70,,93,27,0,8,0,10,,87,25,0,8,0,20,,75,27,0,5,0,10,,88,25,0,8,0,60,,76,27,0,5,0,10,,89,25,0,8,0,15,,56,25,0,5,0,15,,90,25,0,8,0,55,,57,25,0,5,0,15,,91,25,0,8,0,15,,58,25,0,5,0,70,,92,25,0,8,0,20,,59,25,0,5,0,30,,77,54,0,5,0,70,,78,54,0,5,0,75,,94,54,0,8,0,10,,81,54,0,8,0,35,,82,54,0,8,0,70,,83,54,0,8,0,100,,84,54,0,8,0,20,,85,54,0,8,0,100,,79,54,0,5,0,88,,80,54,0,5,0
201,'Saturday-01',643,,285,35,,,0,70,,286,35,,,0,30,,287,35,,,0,70,,288,35,,,0,30,,289,35,,,0,70,,290,35,,,0,30,,291,35,,,0,70,,292,35,,,0,30,,293,35,,,0,70,,294,35,,,0,30,,295,35,,,0,70,,296,35,,,0,30,,297,35,,,0,70,,298,35,,,0,30,,299,35,,,0,70,,300,35,,,0,30,,301,35,,,0,70,,302,35,,,0,30,,303,35,,,0,70,,304,35,,,0,30,,305,35,,,0,70,,306,35,,,0,30,,307,35,,,0,70,,308,35,,,0,30,,309,35,,,0,70,,310,35,,,0,30,,311,35,,,0,70,,312,35,,,0,30,,313,35,,,0,70,,314,35,,,0,100,,315,35,,,0,100,,316,35,,,0,100,,317,35,,,0
201,'Sunday-01',828,,318,35,,,0,30,,319,35,,,0,70,,320,35,,,0,30,,321,35,,,0,70,,322,35,,,0,30,,323,35,,,0,70,,324,35,,,0,30,,325,35,,,0,70,,326,35,,,0,30,,327,35,,,0,70,,328,35,,,0,30,,329,35,,,0,70,,330,35,,,0,30,,331,35,,,0,70,,332,35,,,0,30,,333,35,,,0,70,,334,35,,,0,30,,335,35,,,0,70,,336,35,,,0,30,,337,35,,,0
201,'Weekday-01',613,,340,35,,,0,30,,341,35,,,0,15,,342,35,,,0,55,,343,35,,,0,15,,344,35,,,0,15,,345,35,,,0,15,,346,35,,,0,55,,381,35,,,0,15,,347,35,,,0,15,,348,35,,,0,15,,382,35,,,0,55,,380,35,,,0,30,,349,35,,,0,70,,350,35,,,0,30,,351,35,,,0,70,,352,35,,,0,30,,353,35,,,0,70,,354,35,,,0,30,,355,35,,,0,70,,356,35,,,0,25,,357,35,,,0,70,,358,35,,,0,35,,359,35,,,0,70,,360,35,,,0,15,,361,35,,,0,15,,362,35,,,0,14,,363,35,,,0,56,,364,35,,,0,15,,365,35,,,0,15,,366,35,,,0,15,,367,35,,,0,55,,368,35,,,0,30,,369,35,,,0,70,,370,35,,,0,30,,371,35,,,0,70,,372,35,,,0,30,,373,35,,,0,70,,374,35,,,0,30,,375,35,,,0,70,,376,35,,,0,100,,377,35,,,0,100,,378,35,,,0,100,,379,35,,,0
301,'Saturday-01',704,,501,13,,,0,30,,478,13,,,0,70,,479,13,,,0,30,,480,13,,,0,70,,481,13,,,0,30,,482,13,,,0,70,,483,13,,,0,30,,484,13,,,0,70,,485,13,,,0,30,,502,13,,,0,70,,486,13,,,0,30,,503,13,,,0,70,,504,13,,,0,30,,505,13,,,0,70,,506,13,,,0,30,,487,13,,,0,70,,488,13,,,0,30,,507,13,,,0,70,,489,13,,,0,30,,490,13,,,0,70,,491,13,,,0,30,,492,13,,,0,70,,508,13,,,0,31,,509,13,,,0,79,,493,12,,,0,30,,494,12,,,0,70,,495,12,,,0,30,,496,12,,,0,70,,497,12,,,0,100,,498,12,,,0,100,,499,12,,,0,100,,500,12,,,0
301,'Sunday-01',829,,510,13,,,0,30,,521,13,,,0,70,,522,13,,,0,30,,523,13,,,0,70,,524,13,,,0,30,,525,13,,,0,70,,526,13,,,0,30,,527,13,,,0,70,,528,13,,,0,30,,529,13,,,0,70,,530,13,,,0,30,,511,13,,,0,70,,512,13,,,0,30,,513,13,,,0,70,,514,13,,,0,30,,515,13,,,0,70,,516,13,,,0,30,,517,13,,,0,70,,518,13,,,0,30,,519,13,,,0,70,,520,13,,,0
301,'Weekday-01',559,,531,13,,,0,70,,532,13,,,0,30,,533,13,,,0,55,,534,13,,,0,15,,535,13,,,0,15,,536,13,,,0,15,,537,13,,,0,55,,538,13,,,0,15,,539,13,,,0,30,,540,13,,,0,70,,541,13,,,0,30,,542,13,,,0,70,,543,13,,,0,30,,544,13,,,0,70,,545,13,,,0,30,,546,13,,,0,70,,547,13,,,0,30,,548,13,,,0,70,,549,13,,,0,30,,550,13,,,0,70,,551,13,,,0,30,,552,13,,,0,55,,553,13,,,0,15,,554,13,,,0,15,,555,13,,,0,15,,556,13,,,0,70,,557,13,,,0,15,,558,13,,,0,15,,559,13,,,0,55,,560,13,,,0,30,,561,13,,,0,70,,562,12,,,0,30,,563,12,,,0,70,,564,12,,,0,30,,565,12,,,0,70,,566,12,,,0,30,,567,12,,,0,70,,568,12,,,0,30,,572,12,,,0,70,,571,13,,,0,100,,569,12,,,0,100,,570,12,,,0
400,'Saturday-01',644,,605,44,,,0,70,,573,44,,,0,30,,604,44,,,0,70,,603,44,,,0,30,,574,44,,,0,70,,602,44,,,0,30,,575,44,,,0,70,,601,44,,,0,30,,600,44,,,0,70,,576,44,,,0,30,,599,44,,,0,70,,577,44,,,0,30,,578,44,,,0,70,,598,44,,,0,30,,597,44,,,0,70,,579,44,,,0,30,,596,44,,,0,70,,595,44,,,0,30,,580,44,,,0,70,,581,44,,,0,30,,582,44,,,0,70,,594,44,,,0,30,,593,44,,,0,70,,592,44,,,0,30,,583,44,,,0,70,,584,44,,,0,30,,591,44,,,0,70,,590,44,,,0,30,,589,44,,,0,70,,585,44,,,0,100,,588,44,,,0,100,,587,44,,,0,100,,586,44,,,0
400,'Sunday-01',829,,606,44,,,0,30,,617,44,,,0,70,,607,44,,,0,30,,618,44,,,0,70,,608,44,,,0,30,,619,44,,,0,70,,609,44,,,0,30,,620,44,,,0,70,,610,44,,,0,30,,621,44,,,0,70,,611,44,,,0,30,,622,44,,,0,70,,612,44,,,0,30,,623,44,,,0,70,,613,44,,,0,30,,624,44,,,0,70,,614,44,,,0,30,,625,44,,,0,70,,615,44,,,0,30,,626,44,,,0,70,,616,44,,,0
400,'Weekday-01',614,,627,44,,,0,30,,628,44,,,0,70,,629,44,,,0,30,,630,44,,,0,70,,631,44,,,0,30,,632,44,,,0,70,,633,44,,,0,30,,634,44,,,0,70,,635,44,,,0,30,,636,44,,,0,70,,637,44,,,0,30,,638,44,,,0,70,,639,44,,,0,30,,640,44,,,0,70,,641,44,,,0,30,,642,44,,,0,70,,643,44,,,0,30,,644,44,,,0,70,,645,44,,,0,30,,646,44,,,0,70,,647,44,,,0,30,,648,44,,,0,70,,649,44,,,0,30,,650,44,,,0,70,,651,44,,,0,30,,652,44,,,0,70,,653,44,,,0,30,,654,44,,,0,70,,655,44,,,0,30,,656,44,,,0,70,,657,44,,,0,100,,658,44,,,0,100,,659,44,,,0,100,,660,44,,,0
501,'Saturday-01',659,,778,39,,,0,100,,779,39,,,0,100,,780,39,,,0,100,,781,39,,,0,100,,782,39,,,0,100,,783,39,,,0,100,,784,39,,,0,100,,785,39,,,0,100,,786,39,,,0,100,,787,39,,,0,100,,788,39,,,0,100,,789,39,,,0
501,'Weekday-01',609,,791,39,,,0,30,,792,39,,,0,70,,793,39,,,0,30,,794,39,,,0,70,,795,39,,,0,35,,807,43,,,0,65,,796,39,,,0,50,,797,39,,,0,100,,798,39,,,0,100,,799,39,,,0,100,,800,39,,,0,100,,801,39,,,0,100,,802,39,,,0,150,,803,39,,,0,30,,808,39,,,0,70,,804,39,,,0,30,,805,39,,,0
701,'Saturday-01',629,,925,54,,,0,100,,926,54,,,0,30,,927,54,,,0,70,,928,54,,,0,30,,929,54,,,0,70,,930,54,,,0,30,,931,54,,,0,70,,932,54,,,0,30,,933,54,,,0,70,,934,54,,,0,30,,935,54,,,0,70,,936,54,,,0,30,,937,54,,,0,70,,938,54,,,0,30,,939,54,,,0,70,,940,54,,,0,30,,941,54,,,0,70,,942,54,,,0,30,,943,54,,,0,70,,944,54,,,0,30,,945,54,,,0,70,,946,54,,,0,30,,947,54,,,0,70,,948,54,,,0,30,,949,54,,,0,100,,952,54,,,0,85,,953,54,,,0,70,,954,54,,,0,100,,955,54,,,0,100,,956,54,,,0,100,,951,54,,,0
701,'Sunday-01',829,,957,54,,,0,30,,958,54,,,0,70,,959,54,,,0,30,,960,54,,,0,70,,961,54,,,0,30,,962,54,,,0,70,,963,54,,,0,30,,964,54,,,0,70,,965,54,,,0,30,,966,54,,,0,70,,967,54,,,0,30,,968,54,,,0,70,,969,54,,,0,30,,970,54,,,0,70,,971,54,,,0,30,,972,54,,,0,70,,973,54,,,0,30,,974,54,,,0,70,,975,54,,,0,30,,976,54,,,0,70,,977,54,,,0
701,'Weekday-01',559,,978,54,,,0,70,,979,54,,,0,30,,980,54,,,0,60,,981,54,,,0,10,,982,54,,,0,15,,983,54,,,0,15,,984,54,,,0,55,,985,54,,,0,15,,986,54,,,0,30,,987,54,,,0,70,,988,54,,,0,30,,989,54,,,0,70,,990,54,,,0,30,,991,54,,,0,70,,992,54,,,0,30,,993,54,,,0,70,,994,54,,,0,30,,995,54,,,0,70,,996,54,,,0,30,,997,54,,,0,70,,998,54,,,0,30,,999,54,,,0,70,,1000,54,,,0,30,,1001,54,,,0,65,,1002,54,,,0,30,,1003,54,,,0,75,,1004,54,,,0,30,,1005,54,,,0,70,,1006,54,,,0,30,,1007,54,,,0,100,,1008,54,,,0,85,,1009,54,,,0,70,,1010,54,,,0,100,,1011,54,,,0,100,,1012,54,,,0,100,,1013,54,,,0
800,'Saturday-01',644,,1015,49,,,0,100,,1016,49,,,0,100,,1017,49,,,0,70,,1020,49,,,0,30,,1021,49,,,0,70,,1022,49,,,0,30,,1023,49,,,0,70,,1024,49,,,0,30,,1025,49,,,0,70,,1026,49,,,0,30,,1027,49,,,0,70,,1028,49,,,0,30,,1029,49,,,0,70,,1030,49,,,0,30,,1019,49,,,0,70,,1018,49,,,0,30,,1037,49,,,0,70,,1036,49,,,0,30,,1035,49,,,0,70,,1034,49,,,0,30,,1033,49,,,0,70,,1031,49,,,0,100,,1032,49,,,0,100,,1038,49,,,0,100,,1039,49,,,0
800,'Sunday-01',829,,1040,49,,,0,100,,1041,49,,,0,100,,1042,49,,,0,100,,1043,49,,,0,100,,1044,49,,,0,100,,1045,49,,,0,100,,1046,49,,,0,100,,1047,49,,,0,100,,1048,49,,,0,100,,1049,49,,,0,100,,1050,49,,,0
800,'Weekday-01',559,,1051,49,,,0,70,,1052,49,,,0,30,,1053,49,,,0,70,,1054,49,,,0,30,,1055,49,,,0,70,,1056,49,,,0,30,,1057,49,,,0,70,,1058,49,,,0,30,,1059,49,,,0,70,,1060,49,,,0,30,,1061,49,,,0,70,,1062,49,,,0,30,,1063,49,,,0,70,,1064,49,,,0,30,,1065,49,,,0,70,,1066,49,,,0,30,,1067,49,,,0,70,,1068,49,,,0,30,,1069,49,,,0,70,,1070,49,,,0,30,,1071,49,,,0,70,,1072,49,,,0,30,,1073,49,,,0,70,,1074,49,,,0,30,,1075,49,,,0,70,,1076,49,,,0,85,,1077,49,,,0,100,,1078,49,,,0,100,,1079,49,,,0
901,'Saturday-01',644,,1233,33,,,0,70,,1234,33,,,0,30,,1235,33,,,0,70,,1236,33,,,0,30,,1237,33,,,0,70,,1238,33,,,0,30,,1239,33,,,0,70,,1240,33,,,0,30,,1241,33,,,0,70,,1242,33,,,0,30,,1243,33,,,0,70,,1244,33,,,0,30,,1245,33,,,0,70,,1246,33,,,0,30,,1247,33,,,0,70,,1248,33,,,0,30,,1249,33,,,0,70,,1250,33,,,0,30,,1251,33,,,0,70,,1252,33,,,0,30,,1253,33,,,0,70,,1254,33,,,0,30,,1255,33,,,0,70,,1256,33,,,0,45,,1257,33,,,0,85,,1258,33,,,0,85,,1259,33,,,0,30,,1260,33,,,0,85,,1261,33,,,0,100,,1262,33,,,0,100,,1263,33,,,0
901,'Sunday-01',814,,1282,33,,,0,30,,1272,33,,,0,70,,1283,33,,,0,30,,1273,33,,,0,70,,1284,33,,,0,30,,1274,33,,,0,70,,1264,33,,,0,30,,1275,33,,,0,70,,1265,33,,,0,30,,1276,33,,,0,70,,1266,33,,,0,30,,1277,33,,,0,70,,1267,33,,,0,30,,1278,33,,,0,70,,1268,33,,,0,30,,1279,33,,,0,70,,1269,33,,,0,30,,1280,33,,,0,70,,1270,33,,,0,30,,1281,33,,,0,70,,1271,33,,,0
901,'Weekday-01',609,,1285,33,,,0,30,,1286,33,,,0,70,,1287,33,,,0,30,,1288,33,,,0,70,,1289,33,,,0,35,,1290,33,,,0,70,,1291,33,,,0,30,,1292,33,,,0,70,,1293,33,,,0,30,,1294,33,,,0,70,,1295,33,,,0,30,,1296,33,,,0,70,,1297,33,,,0,30,,1298,33,,,0,70,,1299,33,,,0,30,,1300,33,,,0,70,,1301,33,,,0,30,,1302,33,,,0,70,,1303,33,,,0,15,,1304,33,,,0,15,,1305,33,,,0,15,,1306,33,,,0,55,,1307,33,,,0,15,,1308,33,,,0,15,,1309,33,,,0,15,,1310,33,,,0,55,,1311,33,,,0,30,,1312,33,,,0,70,,1313,33,,,0,45,,1314,33,,,0,85,,1315,33,,,0,85,,1316,33,,,0,30,,1317,33,,,0,85,,1318,33,,,0,100,,1319,33,,,0,100,,1320,33,,,0
1001,'Saturday-01',638,,1389,36,,,0,100,,1390,36,,,0,100,,1391,36,,,0,70,,1392,36,,,0,30,,1393,36,,,0,70,,1394,36,,,0,30,,1395,36,,,0,70,,1396,36,,,0,30,,1397,36,,,0,70,,1398,36,,,0,30,,1399,36,,,0,70,,1400,36,,,0,30,,1401,36,,,0,70,,1402,36,,,0,30,,1403,36,,,0,70,,1404,36,,,0,30,,1405,36,,,0,70,,1406,36,,,0,30,,1407,36,,,0,70,,1408,36,,,0,30,,1409,36,,,0,71,,1410,36,,,0,29,,1411,36,,,0,75,,1412,36,,,0,45,,1413,36,,,0,85,,1414,36,,,0,70,,1415,36,,,0,100,,1416,36,,,0
1001,'Sunday-01',828,,1417,36,,,0,100,,1418,36,,,0,100,,1419,36,,,0,100,,1420,36,,,0,100,,1421,36,,,0,100,,1422,36,,,0,100,,1423,36,,,0,100,,1424,36,,,0,100,,1425,36,,,0,100,,1426,36,,,0,100,,1427,36,,,0
1001,'Weekday-01',607,,1460,5,,,0,30,,1446,47,,,0,70,,1447,47,,,0,30,,1448,47,,,0,70,,1449,47,,,0,30,,1450,47,,,0,70,,1451,47,,,0,31,,1428,36,,,0,70,,1429,36,,,0,30,,1430,36,,,0,70,,1431,36,,,0,30,,1432,36,,,0,70,,1433,36,,,0,30,,1434,36,,,0,70,,1435,36,,,0,30,,1436,36,,,0,70,,1437,36,,,0,30,,1438,36,,,0,70,,1439,36,,,0,30,,1440,36,,,0,69,,1452,47,,,0,30,,1453,47,,,0,70,,1454,47,,,0,30,,1455,47,,,0,70,,1456,47,,,0,21,,1457,47,,,0,30,,1459,47,,,0,55,,1441,36,,,0,45,,1442,36,,,0,85,,1443,36,,,0,70,,1444,36,,,0,100,,1445,36,,,0
1201,'Saturday-01',643,,1533,38,,,0,100,,1534,38,,,0,100,,1535,38,,,0,70,,1539,48,,,0,30,,1540,48,,,0,70,,1541,48,,,0,30,,1542,48,,,0,70,,1543,48,,,0,30,,1544,48,,,0,70,,1545,48,,,0,30,,1546,48,,,0,70,,1547,48,,,0,30,,1548,48,,,0,70,,1549,48,,,0,30,,1550,48,,,0,70,,1551,48,,,0,30,,1552,48,,,0,70,,1553,48,,,0,30,,1554,48,,,0,70,,1555,48,,,0,30,,1538,48,,,0,70,,1537,48,,,0,100,,1536,35,,,0,100,,1559,35,,,0,100,,1560,35,,,0,100,,1556,35,,,0,100,,1557,35,,,0,100,,1558,35,,,0
1201,'Sunday-01',829,,1561,38,,,0,100,,1562,38,,,0,100,,1563,38,,,0,100,,1564,38,,,0,100,,1565,38,,,0,100,,1566,38,,,0,100,,1567,38,,,0,100,,1568,38,,,0,100,,1569,38,,,0,100,,1570,38,,,0,100,,1571,38,,,0
1201,'Weekday-01',643,,1599,45,,,0,70,,1600,45,,,0,30,,1601,45,,,0,70,,1602,45,,,0,30,,1603,45,,,0,70,,1578,48,,,0,30,,1589,48,,,0,70,,1590,48,,,0,30,,1591,48,,,0,70,,1592,48,,,0,30,,1593,48,,,0,70,,1594,48,,,0,30,,1595,48,,,0,70,,1596,48,,,0,30,,1579,48,,,0,70,,1580,48,,,0,30,,1581,48,,,0,70,,1582,48,,,0,30,,1588,48,,,0,70,,1583,48,,,0,30,,1584,48,,,0,70,,1585,48,,,0,30,,1586,48,,,0,70,,1587,48,,,0,30,,1597,48,,,0,70,,1572,35,,,0,100,,1573,35,,,0,100,,1574,35,,,0,100,,1575,35,,,0,100,,1576,35,,,0,100,,1577,35,,,0
3001,'Weekday-01',731,,2017,7,,,0,70,,2011,7,,,0,30,,2018,7,,,0,70,,2019,7,,,0,30,,2020,7,,,0,70,,2021,7,,,0,30,,2012,7,,,0,70,,2013,7,,,0,30,,2022,7,,,0,78,,2023,7,,,0,30,,2024,7,,,0,70,,2025,7,,,0,30,,2026,7,,,0,70,,2014,7,,,0,30,,2027,7,,,0,70,,2028,7,,,0,30,,2029,7,,,0,70,,2030,7,,,0,30,,2015,7,,,0,70,,2016,7,,,0,30,,2031,7,,,0
6001,'Saturday-01',654,,2460,32,,,0,80,,2463,32,,,0,80,,2476,32,,,0,40,,2475,32,,,0,80,,2474,32,,,0,80,,2477,32,,,0,40,,2484,32,,,0,80,,2482,32,,,0,80,,2480,32,,,0,40,,2471,32,,,0,80,,2473,32,,,0,80,,2470,32,,,0,40,,2487,32,,,0,80,,2488,32,,,0,80,,2486,32,,,0,40,,2483,32,,,0,80,,2481,32,,,0,80,,2472,32,,,0,40,,2469,32,,,0,80,,2485,32,,,0,80,,2478,32,,,0,40,,2479,32,,,0,80,,2467,32,,,0,80,,2468,32,,,0,40,,2466,32,,,0,80,,2465,32,,,0,80,,2464,32,,,0
6001,'Sunday-01',829,,2489,32,,,0,80,,2493,32,,,0,40,,2496,32,,,0,80,,2494,32,,,0,80,,2495,32,,,0,40,,2497,32,,,0,80,,2498,32,,,0,80,,2499,32,,,0,40,,2500,32,,,0,80,,2502,32,,,0,80,,2503,32,,,0,40,,2501,32,,,0,80,,2504,32,,,0,80,,2505,32,,,0,40,,2492,32,,,0,80,,2491,32,,,0
6001,'Weekday-01',629,,2543,32,,,0,25,,2507,32,,,0,65,,2508,32,,,0,25,,2509,32,,,0,65,,2510,32,,,0,35,,2511,32,,,0,15,,2512,32,,,0,65,,2513,32,,,0,35,,2514,32,,,0,80,,2515,32,,,0,80,,2516,32,,,0,40,,2517,32,,,0,80,,2518,32,,,0,80,,2519,32,,,0,40,,2520,32,,,0,90,,2521,32,,,0,65,,2522,32,,,0,25,,2523,32,,,0,65,,2524,32,,,0,25,,2525,32,,,0,25,,2526,32,,,0,65,,2527,32,,,0,25,,2528,32,,,0,65,,2529,32,,,0,25,,2530,32,,,0,25,,2531,32,,,0,65,,2532,32,,,0,25,,2533,32,,,0,75,,2534,32,,,0,15,,2535,32,,,0,65,,2536,32,,,0,40,,2537,32,,,0,80,,2538,32,,,0,80,,2539,32,,,0,40,,2540,32,,,0,70,,2541,32,,,0
231119801,'Weekday-01-1111100',1654,,2563,18,,,0
