101,'Saturday-01',655,,97,1,,,0,70,,98,40,,,0,30,,99,40,,,0,75,,129,36,0,6,0,70,,118,36,,,0,30,,119,36,,,0,70,,120,36,,,0,30,,121,36,,,0,70,,122,36,,,0,30,,123,36,,,0,70,,124,36,,,0,30,,125,36,,,0,70,,108,38,,,0,25,,100,40,,,0,30,,101,40,,,0,50,,109,38,,,0,35,,110,38,,,0,75,,102,40,,,0,40,,103,40,,,0,55,,114,38,,,0,40,,115,36,,,0,70,,116,36,,,0,80,,111,38,,,0,30,,112,38,,,0,70,,113,38,,,0,59,,126,36,,,0,70,,127,36,,,0,95,,104,40,,,0,83,,105,40,,,0,20,,117,36,,,0,100,,106,40,,,0,85,,107,40,,,0
101,'Sunday-01',811,,130,36,,,0,100,,131,38,,,0,100,,132,38,,,0,100,,133,38,,,0,100,,134,38,,,0,105,,137,40,,,0,100,,138,40,,,0,105,,139,40,,,0,100,,140,40,,,0,100,,135,38,,,0,109,,136,38,,,0
101,'Weekday-01',619,,189,36,,,0,16,,144,27,,,0,10,,172,36,,,0,64,,161,27,,,0,16,,145,40,,,0,15,,146,40,,,0,15,,147,40,,,0,50,,173,36,,,0,5,,148,40,,,0,25,,143,27,,,0,20,,175,36,,,0,60,,176,36,,,0,30,,188,36,,,0,80,,177,36,,,0,34,,178,36,,,0,70,,179,36,,,0,30,,180,36,,,0,70,,181,36,,,0,96,,149,40,,,0,30,,150,40,,,0,70,,151,40,,,0,30,,152,40,,,0,70,,153,40,,,0,30,,154,40,,,0,55,,162,38,,,0,10,,163,38,,,0,10,,182,36,,,0,20,,164,38,,,0,50,,183,36,,,0,20,,165,38,,,0,5,,184,36,,,0,24,,166,38,,,0,6,,185,36,,,0,65,,167,38,,,0,5,,186,36,,,0,80,,168,38,,,0,10,,187,36,,,0,30,,174,36,,,0,70,,170,36,,,0,90,,155,40,,,0,20,,156,40,,,0,75,,157,40,,,0,30,,158,40,,,0,100,,159,40,,,0,25,,160,40,,,0,70,,171,36,,,0
200,'Saturday-01',645,,190,30,,,0,70,,191,30,,,0,30,,192,30,,,0,70,,193,30,,,0,30,,194,30,,,0,70,,195,30,,,0,30,,196,30,,,0,70,,197,30,,,0,30,,198,30,,,0,70,,199,30,,,0,30,,200,30,,,0,70,,201,30,,,0,30,,202,30,,,0,70,,203,30,,,0,30,,204,30,,,0,70,,205,30,,,0,30,,206,30,,,0,70,,207,30,,,0,30,,208,30,,,0,70,,209,30,,,0,30,,210,30,,,0,70,,211,30,,,0,30,,212,30,,,0,70,,213,30,,,0,30,,214,30,,,0,70,,215,30,,,0,30,,217,30,,,0,70,,218,30,,,0,30,,219,30,,,0,70,,220,30,,,0,100,,221,30,,,0,100,,222,30,,,0,100,,223,30,,,0
200,'Sunday-01',830,,224,30,,,0,70,,225,30,,,0,30,,226,30,,,0,70,,227,30,,,0,30,,228,30,,,0,70,,229,30,,,0,30,,230,30,,,0,70,,231,30,,,0,30,,232,30,,,0,70,,233,30,,,0,30,,234,30,,,0,70,,235,30,,,0,30,,236,30,,,0,70,,237,30,,,0,30,,238,30,,,0,70,,239,30,,,0,30,,240,30,,,0,70,,241,30,,,0,30,,242,30,,,0
200,'Weekday-01',615,,244,30,,,0,30,,243,30,,,0,55,,284,30,,,0,15,,247,30,,,0,15,,248,30,,,0,15,,249,30,,,0,55,,250,30,,,0,15,,245,30,,,0,15,,246,30,,,0,70,,251,30,,,0,30,,252,30,,,0,20,,275,30,,,0,70,,256,30,,,0,30,,257,30,,,0,70,,258,30,,,0,30,,259,30,,,0,70,,260,30,,,0,30,,261,30,,,0,70,,262,30,,,0,30,,253,30,,,0,70,,254,30,,,0,25,,255,30,,,0,65,,263,30,,,0,20,,264,30,,,0,15,,265,30,,,0,55,,266,30,,,0,15,,267,30,,,0,15,,268,30,,,0,15,,269,30,,,0,55,,270,30,,,0,15,,271,30,,,0,30,,276,30,,,0,70,,277,30,,,0,30,,278,30,,,0,70,,279,30,,,0,30,,280,30,,,0,70,,272,30,,,0,30,,273,30,,,0,70,,274,30,,,0,100,,281,30,,,0,100,,282,30,,,0,100,,283,30,,,0
300,'Saturday-01',645,,400,40,,,0,70,,383,40,,,0,30,,384,40,,,0,70,,385,40,,,0,30,,386,40,,,0,70,,387,40,,,0,30,,388,40,,,0,70,,389,40,,,0,30,,390,40,,,0,70,,401,40,,,0,30,,391,40,,,0,70,,402,40,,,0,30,,403,40,,,0,70,,404,40,,,0,30,,405,40,,,0,70,,392,40,,,0,30,,393,40,,,0,70,,406,40,,,0,30,,394,40,,,0,70,,395,40,,,0,30,,396,40,,,0,70,,397,40,,,0,30,,407,40,,,0,70,,408,40,,,0,30,,398,40,,,0,70,,409,40,,,0,30,,399,40,,,0,70,,410,40,,,0,30,,414,40,,,0,70,,411,40,,,0,100,,412,40,,,0,100,,413,40,,,0,100,,415,40,,,0
300,'Sunday-01',830,,416,40,,,0,70,,417,40,,,0,30,,418,40,,,0,70,,419,40,,,0,30,,420,40,,,0,70,,421,40,,,0,30,,422,40,,,0,70,,423,40,,,0,30,,424,40,,,0,70,,425,40,,,0,30,,426,40,,,0,70,,427,40,,,0,30,,428,40,,,0,70,,429,40,,,0,30,,430,40,,,0,70,,431,40,,,0,30,,432,40,,,0,70,,433,40,,,0,30,,434,40,,,0,70,,435,40,,,0,30,,436,40,,,0
300,'Weekday-01',615,,437,40,,,0,30,,438,40,,,0,55,,439,40,,,0,15,,440,40,,,0,15,,441,40,,,0,15,,442,40,,,0,55,,443,40,,,0,15,,444,40,,,0,15,,445,40,,,0,15,,446,40,,,0,70,,447,40,,,0,30,,448,40,,,0,70,,449,40,,,0,30,,450,40,,,0,70,,451,40,,,0,30,,452,40,,,0,70,,453,40,,,0,30,,454,40,,,0,70,,455,40,,,0,30,,456,40,,,0,70,,457,40,,,0,30,,458,40,,,0,70,,459,40,,,0,30,,460,40,,,0,55,,461,40,,,0,15,,462,40,,,0,15,,463,40,,,0,15,,464,40,,,0,55,,465,40,,,0,15,,466,40,,,0,30,,467,40,,,0,70,,468,40,,,0,30,,469,40,,,0,70,,470,40,,,0,30,,471,40,,,0,70,,472,40,,,0,30,,477,40,,,0,70,,476,40,,,0,100,,473,40,,,0,100,,474,40,,,0,100,,475,40,,,0
401,'Saturday-01',640,,693,29,,,0,70,,692,29,,,0,30,,661,29,,,0,70,,691,29,,,0,30,,662,29,,,0,70,,690,29,,,0,30,,689,29,,,0,70,,663,29,,,0,30,,688,29,,,0,70,,664,29,,,0,30,,687,29,,,0,70,,686,29,,,0,30,,685,29,,,0,70,,684,29,,,0,30,,665,29,,,0,70,,683,29,,,0,30,,666,29,,,0,70,,667,29,,,0,30,,682,29,,,0,70,,668,29,,,0,30,,669,29,,,0,70,,670,29,,,0,30,,671,29,,,0,70,,672,29,,,0,30,,681,29,,,0,70,,680,29,,,0,30,,679,29,,,0,70,,673,29,,,0,30,,674,29,,,0,75,,678,29,,,0,100,,677,29,,,0,100,,676,29,,,0,100,,675,29,,,0
401,'Sunday-01',830,,694,29,,,0,70,,705,29,,,0,30,,695,29,,,0,70,,706,29,,,0,30,,696,29,,,0,70,,707,29,,,0,30,,697,29,,,0,70,,708,29,,,0,30,,698,29,,,0,70,,709,29,,,0,30,,699,29,,,0,70,,710,29,,,0,30,,700,29,,,0,70,,711,29,,,0,30,,701,29,,,0,70,,712,29,,,0,30,,702,29,,,0,70,,713,29,,,0,30,,703,29,,,0,70,,714,29,,,0,30,,704,29,,,0
401,'Weekday-01',555,,715,29,,,0,70,,716,29,,,0,30,,717,29,,,0,70,,718,29,,,0,30,,719,29,,,0,70,,720,29,,,0,30,,721,29,,,0,70,,722,29,,,0,30,,723,29,,,0,70,,724,29,,,0,30,,725,29,,,0,70,,726,29,,,0,30,,727,29,,,0,70,,728,29,,,0,30,,729,29,,,0,70,,730,29,,,0,30,,731,29,,,0,70,,732,29,,,0,30,,733,29,,,0,70,,734,29,,,0,30,,735,29,,,0,70,,736,29,,,0,30,,737,29,,,0,70,,738,29,,,0,30,,739,29,,,0,69,,740,29,,,0,91,,741,29,,,0,25,,742,29,,,0,70,,743,29,,,0,30,,744,29,,,0,75,,745,29,,,0,100,,746,29,,,0,100,,747,29,,,0,100,,748,29,,,0
801,'Saturday-01',650,,1082,46,,,0,100,,1083,46,,,0,100,,1084,46,,,0,70,,1104,1,,,0,30,,1085,46,,,0,70,,1086,46,,,0,30,,1087,46,,,0,70,,1088,46,,,0,30,,1089,46,,,0,70,,1090,46,,,0,30,,1091,46,,,0,70,,1092,46,,,0,30,,1093,46,,,0,70,,1094,46,,,0,30,,1095,46,,,0,70,,1096,46,,,0,30,,1097,46,,,0,70,,1098,46,,,0,30,,1099,46,,,0,70,,1100,46,,,0,30,,1101,46,,,0,65,,1081,46,,,0,100,,1080,46,,,0,100,,1103,46,,,0,100,,1102,46,,,0
801,'Sunday-01',830,,1105,46,,,0,100,,1106,46,,,0,100,,1107,46,,,0,100,,1108,46,,,0,100,,1109,46,,,0,100,,1110,46,,,0,100,,1111,46,,,0,100,,1112,46,,,0,100,,1113,46,,,0,100,,1114,46,,,0,100,,1115,46,,,0
801,'Weekday-01',605,,1116,46,,,0,30,,1117,46,,,0,70,,1118,46,,,0,30,,1119,46,,,0,70,,1120,46,,,0,30,,1121,46,,,0,70,,1122,46,,,0,30,,1123,46,,,0,70,,1124,46,,,0,30,,1125,46,,,0,70,,1126,46,,,0,30,,1127,46,,,0,70,,1128,46,,,0,30,,1129,46,,,0,70,,1130,46,,,0,30,,1131,46,,,0,70,,1132,46,,,0,30,,1133,46,,,0,70,,1134,46,,,0,30,,1135,46,,,0,70,,1136,46,,,0,30,,1137,46,,,0,70,,1138,46,,,0,30,,1139,46,,,0,80,,1140,46,,,0,100,,1141,46,,,0,100,,1142,46,,,0,100,,1143,46,,,0
1000,'Saturday-01',645,,1321,19,,,0,100,,1322,19,,,0,100,,1323,19,,,0,70,,1324,19,,,0,30,,1325,19,,,0,70,,1326,19,,,0,30,,1327,19,,,0,70,,1328,19,,,0,30,,1329,19,,,0,70,,1330,19,,,0,30,,1331,19,,,0,70,,1332,19,,,0,30,,1333,19,,,0,70,,1334,19,,,0,30,,1335,19,,,0,70,,1336,19,,,0,30,,1337,19,,,0,70,,1338,19,,,0,30,,1339,19,,,0,70,,1340,19,,,0,30,,1341,19,,,0,70,,1342,19,,,0,85,,1343,19,,,0,45,,1344,19,,,0,85,,1345,19,,,0,85,,1346,19,,,0,100,,1347,19,,,0
1000,'Sunday-01',830,,1348,19,,,0,100,,1349,19,,,0,100,,1350,19,,,0,100,,1351,19,,,0,100,,1352,19,,,0,100,,1353,19,,,0,100,,1354,19,,,0,100,,1355,19,,,0,100,,1356,19,,,0,100,,1357,19,,,0,100,,1358,19,,,0
1000,'Weekday-01',615,,1377,19,,,0,30,,1378,19,,,0,70,,1379,19,,,0,30,,1380,19,,,0,70,,1381,19,,,0,30,,1359,19,,,0,70,,1360,19,,,0,30,,1361,19,,,0,70,,1362,19,,,0,30,,1363,19,,,0,70,,1364,19,,,0,30,,1365,19,,,0,70,,1366,19,,,0,30,,1367,19,,,0,70,,1368,19,,,0,30,,1369,19,,,0,70,,1370,19,,,0,30,,1382,19,,,0,70,,1383,19,,,0,30,,1384,19,,,0,70,,1385,19,,,0,30,,1386,19,,,0,70,,1387,19,,,0,30,,1388,19,,,0,70,,1371,19,,,0,85,,1372,19,,,0,45,,1373,19,,,0,85,,1374,19,,,0,85,,1375,19,,,0,100,,1376,19,,,0
1200,'Saturday-01',645,,1461,36,,,0,100,,1462,36,,,0,100,,1463,36,,,0,70,,1464,36,,,0,30,,1465,36,,,0,70,,1466,36,,,0,30,,1467,36,,,0,70,,1468,36,,,0,30,,1469,36,,,0,70,,1470,36,,,0,30,,1471,36,,,0,70,,1472,36,,,0,30,,1473,36,,,0,70,,1474,36,,,0,30,,1475,36,,,0,70,,1476,36,,,0,30,,1477,36,,,0,70,,1478,36,,,0,30,,1479,36,,,0,70,,1484,36,,,0,30,,1485,36,,,0,70,,1480,36,,,0,100,,1481,36,,,0,100,,1486,36,,,0,100,,1487,36,,,0,100,,1488,36,,,0,100,,1489,36,,,0,100,,1490,36,,,0
1200,'Sunday-01',830,,1491,36,,,0,100,,1492,36,,,0,100,,1493,36,,,0,100,,1494,36,,,0,100,,1495,36,,,0,100,,1496,36,,,0,100,,1497,36,,,0,100,,1498,36,,,0,100,,1499,36,,,0,100,,1500,36,,,0,100,,1501,36,,,0
1200,'Weekday-01',615,,1529,36,,,0,30,,1530,36,,,0,70,,1531,36,,,0,30,,1532,36,,,0,70,,1518,36,,,0,30,,1519,36,,,0,70,,1510,36,,,0,30,,1511,36,,,0,70,,1509,36,,,0,30,,1508,36,,,0,70,,1507,36,,,0,30,,1506,36,,,0,70,,1505,36,,,0,30,,1504,36,,,0,70,,1503,36,,,0,30,,1502,36,,,0,70,,1527,36,,,0,30,,1526,36,,,0,70,,1525,36,,,0,30,,1524,36,,,0,70,,1520,36,,,0,30,,1521,36,,,0,70,,1522,36,,,0,30,,1523,36,,,0,70,,1528,36,,,0,100,,1512,36,,,0,100,,1513,36,,,0,100,,1514,36,,,0,100,,1515,36,,,0,100,,1516,36,,,0,100,,1517,36,,,0
3000,'Weekday-01',653,,1996,8,,,0,70,,1990,8,,,0,30,,1997,8,,,0,70,,1998,8,,,0,30,,1999,8,,,0,70,,2000,8,,,0,30,,1991,8,,,0,70,,1992,8,,,0,30,,2001,8,,,0,72,,2002,8,,,0,30,,2003,8,,,0,70,,2004,8,,,0,32,,2005,8,,,0,70,,1993,8,,,0,30,,2006,8,,,0,70,,2007,8,,,0,30,,2008,8,,,0,70,,2009,8,,,0,30,,1994,8,,,0,70,,1995,8,,,0,30,,2010,8,,,0
5000,'Saturday-01',635,,2225,1,,,0,100,,2226,1,,,0,100,,2227,1,,,0,70,,2228,1,,,0,30,,2229,1,,,0,70,,2230,1,,,0,30,,2231,1,,,0,70,,2232,1,,,0,30,,2233,1,,,0,70,,2234,1,,,0,30,,2235,1,,,0,70,,2236,1,,,0,30,,2237,1,,,0,70,,2238,1,,,0,30,,2239,1,,,0,70,,2240,1,,,0,30,,2241,1,,,0,70,,2242,1,,,0,30,,2243,1,,,0,70,,2244,1,,,0,30,,2245,1,,,0,70,,2246,1,,,0,30,,2247,1,,,0,70,,2248,1,,,0,30,,2249,1,,,0,70,,2250,1,,,0,30,,2251,1,,,0,70,,2252,1,,,0,40,,2222,1,,,0,100,,2223,1,,,0,100,,2224,1,,,0
5000,'Sunday-01',830,,2253,1,,,0,100,,2254,1,,,0,100,,2255,1,,,0,70,,2256,1,,,0,30,,2257,1,,,0,70,,2258,1,,,0,30,,2259,1,,,0,70,,2260,1,,,0,30,,2261,1,,,0,70,,2262,1,,,0,30,,2263,1,,,0,70,,2264,1,,,0,30,,2265,1,,,0,70,,2266,1,,,0,30,,2267,1,,,0,70,,2268,1,,,0
5000,'Weekday-01',605,,2269,1,,,0,30,,2270,1,,,0,70,,2271,1,,,0,30,,2272,1,,,0,70,,2273,1,,,0,30,,2274,1,,,0,70,,2275,1,,,0,30,,2276,1,,,0,70,,2277,1,,,0,30,,2278,1,,,0,70,,2279,1,,,0,30,,2280,1,,,0,70,,2281,1,,,0,30,,2282,1,,,0,70,,2283,1,,,0,30,,2284,1,,,0,70,,2285,1,,,0,30,,2286,1,,,0,70,,2287,1,,,0,30,,2288,1,,,0,70,,2289,1,,,0,30,,2290,1,,,0,70,,2291,1,,,0,30,,2292,1,,,0,70,,2293,1,,,0,30,,2294,1,,,0,70,,2295,1,,,0,30,,2296,1,,,0,70,,2297,1,,,0,30,,2298,1,,,0,70,,2299,1,,,0,40,,2300,1,0,11 12,0,100,,2301,1,0,11 12,0,100,,2302,1,0,11 12,0
5001,'Saturday-01',635,,2303,17,4,,0,100,,2307,17,4,,0,100,,2308,17,4,,0,100,,2309,17,4,,0,70,,2310,17,4,,0,30,,2311,17,4,,0,70,,2312,17,4,,0,30,,2313,17,4,,0,70,,2314,17,4,,0,30,,2315,17,4,,0,70,,2316,17,4,,0,30,,2317,17,4,,0,70,,2318,17,4,,0,30,,2319,17,4,,0,70,,2320,17,4,,0,30,,2321,17,4,,0,70,,2322,17,4,,0,30,,2323,17,4,,0,70,,2324,17,4,,0,30,,2325,17,4,,0,70,,2326,17,4,,0,30,,2327,17,4,,0,70,,2328,17,4,,0,30,,2329,17,4,,0,70,,2330,17,4,,0,30,,2331,17,4,,0,70,,2332,17,4,,0,39,,2306,17,4,,0,101,,2304,17,4,,0,100,,2305,17,4,,0
5001,'Sunday-01',930,,2333,17,4,,0,100,,2334,17,4,,0,100,,2335,17,4,,0,70,,2336,17,4,,0,30,,2337,17,4,,0,70,,2338,17,4,,0,30,,2339,17,4,,0,70,,2340,17,4,,0,30,,2341,17,4,,0,70,,2342,17,4,,0,30,,2343,17,4,,0,70,,2344,17,4,,0,30,,2345,17,4,,0,70,,2346,17,4,,0,30,,2347,17,4,,0,70,,2348,17,4,,0
5001,'Weekday-01',635,,2354,17,4,,0,70,,2355,17,4,,0,30,,2356,17,4,,0,70,,2357,17,4,,0,30,,2358,17,4,,0,70,,2359,17,4,,0,30,,2360,17,4,,0,70,,2361,17,4,,0,30,,2362,17,4,,0,70,,2363,17,4,,0,30,,2364,17,4,,0,70,,2365,17,4,,0,30,,2366,17,4,,0,70,,2367,17,4,,0,30,,2368,17,4,,0,70,,2369,17,4,,0,30,,2370,17,4,,0,70,,2371,17,4,,0,30,,2372,17,4,,0,70,,2373,17,4,,0,30,,2374,17,4,,0,70,,2375,17,4,,0,30,,2376,17,4,,0,70,,2377,17,4,,0,30,,2378,17,4,,0,70,,2352,17,4,,0,30,,2349,17,4,,0,70,,2351,17,4,,0,30,,2353,17,4,,0,70,,2350,17,4,,0,39,,2379,17,4,,0,101,,2380,17,4,,0,100,,2381,17,4,,0
