1200,'Saturday-01',703,,3998,78,4,,0,100,,3999,78,4,,0,17,,4019,1,,,0,30,,4020,1,,,0,65,,4000,78,,,0,30,,4001,78,,,0,70,,4002,78,,,0,30,,4003,78,,,0,70,,4004,78,,,0,30,,4005,78,,,0,70,,4006,78,,,0,30,,4007,78,,,0,70,,4008,78,,,0,30,,4009,78,,,0,70,,4010,78,,,0,30,,4011,78,,,0,70,,4012,78,,,0,30,,4013,78,,,0,70,,4014,78,,,0,30,,4015,78,,,0,70,,4016,78,,,0,30,,4021,78,,,0,70,,4022,78,,,0,25,,4017,75,4,,0,100,,4018,75,4,,0,100,,4023,75,4,,0,100,,4024,75,4,,0,100,,4025,75,4,,0,100,,4026,75,4,,0,100,,4027,75,4,,0
1200,'Sunday-01',852,,4028,78,4,,0,100,,4029,78,4,,0,100,,4030,78,4,,0,100,,4031,78,4,,0,100,,4032,78,4,,0,100,,4033,78,4,,0,100,,4034,78,4,,0,100,,4035,78,4,,0,100,,4036,78,4,,0,100,,4037,78,4,,0,100,,4038,78,4,,0
1200,'Weekday-01',642,,4066,74,,,0,70,,4067,74,,,0,30,,4068,74,,,0,70,,4069,74,,,0,34,,4055,78,,,0,70,,4056,78,,,0,30,,4047,78,,,0,70,,4048,78,,,0,30,,4046,78,,,0,70,,4045,78,,,0,30,,4044,78,,,0,70,,4043,78,,,0,30,,4042,78,,,0,70,,4041,78,,,0,30,,4040,78,,,0,70,,4039,78,,,0,30,,4064,78,,,0,70,,4063,78,,,0,30,,4062,78,,,0,70,,4061,78,,,0,30,,4057,78,,,0,70,,4058,78,,,0,30,,4059,78,,,0,70,,4060,78,,,0,21,,4065,75,4,,0,100,,4049,75,4,,0,100,,4050,75,4,,0,100,,4051,75,4,,0,100,,4052,75,4,,0,100,,4053,75,4,,0,100,,4054,75,4,,0
1201,'Saturday-01',608,,4070,1,,,0,100,,4071,1,,,0,100,,4072,1,,,0,28,,4076,11,,,0,70,,4077,11,,,0,30,,4078,11,,,0,70,,4079,11,,,0,30,,4080,11,,,0,70,,4081,11,,,0,30,,4082,11,,,0,70,,4083,11,,,0,30,,4084,11,,,0,70,,4085,11,,,0,30,,4086,11,,,0,70,,4087,11,,,0,30,,4088,11,,,0,70,,4089,11,,,0,30,,4090,11,,,0,70,,4091,11,,,0,30,,4092,11,,,0,70,,4075,11,,,0,30,,4074,11,,,0,109,,4073,1,,,0,100,,4096,1,,,0,100,,4097,1,,,0,100,,4093,1,,,0,100,,4094,1,,,0,100,,4095,1,,,0
1201,'Sunday-01',757,,4098,1,,,0,100,,4099,1,,,0,100,,4100,1,,,0,100,,4101,1,,,0,100,,4102,1,,,0,100,,4103,1,,,0,100,,4104,1,,,0,100,,4105,1,,,0,100,,4106,1,,,0,100,,4107,1,,,0,100,,4108,1,,,0
1201,'Weekday-01',602,,4136,11,,,0,30,,4137,11,,,0,70,,4138,11,,,0,30,,4139,11,,,0,70,,4140,11,,,0,30,,4115,11,,,0,74,,4126,11,,,0,30,,4127,11,,,0,70,,4128,11,,,0,30,,4129,11,,,0,70,,4130,11,,,0,30,,4131,11,,,0,70,,4132,11,,,0,30,,4133,11,,,0,70,,4116,11,,,0,30,,4117,11,,,0,70,,4118,11,,,0,30,,4119,11,,,0,70,,4125,11,,,0,30,,4120,11,,,0,70,,4121,11,,,0,30,,4122,11,,,0,70,,4123,11,,,0,30,,4124,11,,,0,70,,4134,11,,,0,36,,4109,1,,,0,100,,4110,1,,,0,100,,4111,1,,,0,100,,4112,1,,,0,100,,4113,1,,,0,100,,4114,1,,,0
2200,'Weekday-01',654,,4398,1,,,0,70,,4401,1,,,0,30,,4399,1,,,0,70,,4400,1,,,0,30,,4402,1,,,0,70,,4403,1,,,0,30,,4404,1,,,0,100,,4405,1,,,0,100,,4406,1,,,0,100,,4407,1,,,0,100,,4389,1,,,0,70,,4397,1,,,0,30,,4386,1,,,0,70,,4390,1,,,0,76,,4391,1,,,0,30,,4392,1,,,0,70,,4393,1,,,0,30,,4394,1,,,0,70,,4395,1,,,0,30,,4396,1,,,0,70,,4409,1,,,0,30,,4408,1,,,0,70,,4410,1,,,0,225,,4387,1,,,0
2201,'Weekday-01',754,,4412,24,4,,0,70,,4413,24,4,,0,30,,4423,24,4,,0,70,,4425,24,4,,0,30,,4426,24,4,,0,70,,4429,24,4,,0,30,,4430,24,4,,0,100,,4431,24,4,,0,100,,4432,24,4,,0,100,,4433,24,4,,0,70,,4427,24,4,,0,30,,4428,24,4,,0,70,,4424,24,4,,0,76,,4414,24,4,,0,24,,4415,24,4,,0,30,,4416,24,4,,0,70,,4417,24,4,,0,30,,4418,24,4,,0,70,,4419,24,4,,0,76,,4420,24,4,,0,30,,4422,24,4,,0,70,,4434,24,4,,0,30,,4435,24,4,,0,70,,4436,24,4,,0,125,,4421,24,4,,0
6000,'Saturday-01',725,,4885,13,,,0,80,,4886,13,,,0,40,,4887,13,,,0,80,,4888,13,,,0,80,,4889,13,,,0,40,,4890,13,,,0,80,,4891,13,,,0,80,,4892,13,,,0,40,,4893,13,,,0,80,,4894,13,,,0,80,,4895,13,,,0,40,,4896,13,,,0,80,,4897,13,,,0,80,,4898,13,,,0,40,,4899,13,,,0,80,,4900,13,,,0,80,,4901,13,,,0,40,,4902,13,,,0,80,,4903,13,,,0,80,,4904,13,,,0,40,,4905,13,,,0,80,,4906,13,,,0,80,,4907,13,,,0,40,,4908,13,,,0,80,,4909,13,,,0,27,,4910,13,,,0,80,,4911,13,,,0
6000,'Sunday-01',900,,4912,13,,,0,40,,4915,13,,,0,80,,4916,13,,,0,80,,4917,13,,,0,40,,4918,13,,,0,80,,4919,13,,,0,80,,4920,13,,,0,40,,4921,13,,,0,80,,4922,13,,,0,80,,4923,13,,,0,40,,4924,13,,,0,80,,4925,13,,,0,80,,4926,13,,,0,40,,4927,13,,,0,80,,4913,13,,,0,80,,4914,13,,,0
6000,'Weekday-01',700,,4961,13,,,0,25,,4928,13,,,0,25,,4929,13,,,0,65,,4930,13,,,0,25,,4931,13,,,0,75,,4932,13,,,0,40,,4933,13,,,0,75,,4934,13,,,0,80,,4935,13,,,0,40,,4936,13,,,0,80,,4937,13,,,0,80,,4938,13,,,0,40,,4939,13,,,0,80,,4940,13,,,0,25,,4941,13,,,0,65,,4942,13,,,0,25,,4943,13,,,0,65,,4944,13,,,0,25,,4945,13,,,0,65,,4946,13,,,0,25,,4947,13,,,0,25,,4948,13,,,0,65,,4949,13,,,0,25,,4950,13,,,0,65,,4951,13,,,0,25,,4952,13,,,0,25,,4953,13,,,0,65,,4954,13,,,0,35,,4955,13,,,0,80,,4956,13,,,0,80,,4957,13,,,0,40,,4958,13,,,0,80,,4959,13,,,0,67,,4960,13,,,0,30,,4962,13,,,0
6001,'Saturday-01',634,,4963,19,,,0,80,,4966,19,,,0,40,,4979,19,,,0,80,,4978,19,,,0,80,,4977,19,,,0,40,,4980,19,,,0,80,,4987,19,,,0,80,,4985,19,,,0,40,,4983,19,,,0,80,,4974,19,,,0,80,,4976,19,,,0,40,,4973,19,,,0,80,,4990,19,,,0,80,,4991,19,,,0,40,,4989,19,,,0,80,,4986,19,,,0,80,,4984,19,,,0,40,,4975,19,,,0,80,,4972,19,,,0,80,,4988,19,,,0,40,,4981,19,,,0,80,,4982,19,,,0,80,,4970,19,,,0,40,,4971,19,,,0,80,,4969,19,,,0,80,,4968,19,,,0,40,,4967,19,,,0,57,,4964,19,4,,0,40,,4965,19,4,,0
6001,'Sunday-01',809,,4992,19,,,0,40,,4996,19,,,0,80,,4999,19,,,0,80,,4997,19,,,0,40,,4998,19,,,0,80,,5000,19,,,0,80,,5001,19,,,0,40,,5002,19,,,0,80,,5003,19,,,0,80,,5005,19,,,0,40,,5006,19,,,0,80,,5004,19,,,0,80,,5007,19,,,0,40,,5008,19,,,0,80,,4995,19,,,0,80,,4994,19,,,0,30,,4993,19,4,,0,80,,5009,19,4,,0
6001,'Weekday-01',609,,5046,19,,,0,25,,5010,19,,,0,25,,5011,19,,,0,65,,5012,19,,,0,25,,5013,19,,,0,75,,5014,19,,,0,15,,5015,19,,,0,65,,5016,19,,,0,35,,5017,19,,,0,80,,5018,19,,,0,40,,5019,19,,,0,80,,5020,19,,,0,80,,5021,19,,,0,40,,5022,19,,,0,80,,5023,19,,,0,90,,5024,19,,,0,25,,5025,19,,,0,65,,5026,19,,,0,25,,5027,19,,,0,65,,5028,19,,,0,25,,5029,19,,,0,25,,5030,19,,,0,65,,5031,19,,,0,25,,5032,19,,,0,65,,5033,19,,,0,25,,5034,19,,,0,65,,5035,19,,,0,25,,5036,19,,,0,75,,5037,19,,,0,15,,5038,19,,,0,25,,5039,19,,,0,80,,5040,19,,,0,80,,5041,19,,,0,40,,5042,19,,,0,80,,5043,19,,,0,30,,5044,19,,,0,67,,5045,19,4,,0,30,,5047,19,4,,0
