200,'Saturday-01',637,,2760,25,4,,0,82,,2734,75,4,,0,30,,2735,75,4,,0,70,,2736,75,4,,0,30,,2737,75,4,,0,70,,2738,75,4,,0,30,,2739,75,4,,0,70,,2740,75,4,,0,30,,2741,75,4,,0,70,,2742,75,4,,0,30,,2743,75,4,,0,70,,2744,75,4,,0,30,,2745,75,4,,0,70,,2746,75,4,,0,30,,2747,75,4,,0,70,,2748,75,4,,0,30,,2749,75,4,,0,70,,2750,75,4,,0,30,,2751,75,4,,0,70,,2752,75,4,,0,30,,2753,75,4,,0,70,,2754,75,4,,0,30,,2755,75,4,,0,70,,2756,75,4,,0,30,,2757,75,4,,0,70,,2758,75,4,,0,30,,2759,75,4,,0,70,,2761,75,4,,0,22,,2762,75,4,,0,78,,2763,75,4,,0,22,,2764,75,4,,0,95,,2765,75,4,,0,100,,2766,75,4,,0,100,,2767,75,4,,0
200,'Sunday-01',910,,2768,75,4,,0,30,,2769,75,4,,0,70,,2770,75,4,,0,30,,2771,75,4,,0,70,,2772,75,4,,0,30,,2773,75,4,,0,70,,2774,75,4,,0,30,,2775,75,4,,0,70,,2776,75,4,,0,30,,2777,75,4,,0,70,,2778,75,4,,0,30,,2779,75,4,,0,70,,2780,75,4,,0,30,,2781,75,4,,0,70,,2782,75,4,,0,30,,2783,75,4,,0,70,,2784,75,4,,0,30,,2785,75,4,,0,70,,2786,75,4,,0
200,'Weekday-01',647,,2788,75,4,,0,70,,2787,75,4,,0,15,,2828,75,4,,0,15,,2791,75,4,,0,55,,2792,75,4,,0,15,,2793,75,4,,0,15,,2794,75,4,,0,15,,2789,75,4,,0,55,,2790,75,4,,0,30,,2795,75,4,,0,70,,2796,75,4,,0,20,,2819,75,4,,0,30,,2800,75,4,,0,70,,2801,75,4,,0,30,,2802,75,4,,0,70,,2803,75,4,,0,30,,2804,75,4,,0,70,,2805,75,4,,0,30,,2806,75,4,,0,70,,2797,75,4,,0,25,,2798,75,4,,0,65,,2799,75,4,,0,35,,2807,75,4,,0,55,,2808,75,4,,0,15,,2809,75,4,,0,15,,2810,75,4,,0,15,,2811,75,4,,0,55,,2812,75,4,,0,15,,2813,75,4,,0,15,,2814,75,4,,0,15,,2815,75,4,,0,70,,2820,75,4,,0,30,,2821,75,4,,0,70,,2822,75,4,,0,30,,2823,75,4,,0,70,,2824,75,4,,0,30,,2816,75,4,,0,70,,2817,75,4,,0,19,,2818,75,4,,0,100,,2825,75,4,,0,100,,2826,75,4,,0,100,,2827,75,4,,0
201,'Saturday-01',607,,2829,1,,,0,30,,2830,1,,,0,70,,2831,1,,,0,30,,2832,1,,,0,70,,2833,1,,,0,30,,2834,1,,,0,70,,2835,1,,,0,30,,2836,1,,,0,70,,2837,1,,,0,30,,2838,1,,,0,70,,2839,1,,,0,30,,2840,1,,,0,70,,2841,1,,,0,30,,2842,1,,,0,70,,2843,1,,,0,30,,2844,1,,,0,70,,2845,1,,,0,30,,2846,1,,,0,70,,2847,1,,,0,30,,2848,1,,,0,70,,2849,1,,,0,30,,2850,1,,,0,70,,2851,1,,,0,30,,2852,1,,,0,70,,2853,1,,,0,30,,2854,1,,,0,70,,2855,1,,,0,30,,2856,1,,,0,70,,2857,1,,,0,30,,2858,1,,,0,104,,2859,1,,,0,100,,2860,1,,,0,100,,2861,1,,,0
201,'Sunday-01',752,,2862,1,,,0,70,,2863,1,,,0,30,,2864,1,,,0,70,,2865,1,,,0,30,,2866,1,,,0,70,,2867,1,,,0,30,,2868,1,,,0,70,,2869,1,,,0,30,,2870,1,,,0,70,,2871,1,,,0,30,,2872,1,,,0,70,,2873,1,,,0,30,,2874,1,,,0,70,,2875,1,,,0,30,,2876,1,,,0,70,,2877,1,,,0,30,,2878,1,,,0,70,,2879,1,,,0,30,,2880,1,,,0,70,,2881,1,,,0
201,'Weekday-01',537,,2884,1,,,0,70,,2885,1,,,0,15,,2886,1,,,0,15,,2887,1,,,0,15,,2888,1,,,0,55,,2889,1,,,0,15,,2890,1,,,0,15,,2925,1,,,0,15,,2891,1,,,0,55,,2892,1,,,0,15,,2926,1,,,0,15,,2924,1,,,0,70,,2893,1,,,0,30,,2894,1,,,0,70,,2895,1,,,0,30,,2896,1,,,0,70,,2897,1,,,0,30,,2898,1,,,0,70,,2899,1,,,0,30,,2900,1,,,0,65,,2901,1,,,0,30,,2902,1,,,0,75,,2903,1,,,0,30,,2904,1,,,0,15,,2905,1,,,0,55,,2906,1,,,0,10,,2907,1,,,0,20,,2908,1,,,0,15,,2909,1,,,0,55,,2910,1,,,0,15,,2911,1,,,0,15,,2912,1,,,0,70,,2913,1,,,0,30,,2914,1,,,0,70,,2915,1,,,0,30,,2916,1,,,0,70,,2917,1,,,0,30,,2918,1,,,0,70,,2919,1,,,0,30,,2920,1,,,0,104,,2921,1,,,0,100,,2922,1,,,0,100,,2923,1,,,0
700,'Saturday-01',709,,3382,81,4,,0,100,,3383,81,4,,0,30,,3384,81,4,,0,70,,3385,81,4,,0,30,,3386,81,4,,0,70,,3387,81,4,,0,30,,3388,81,4,,0,70,,3389,81,4,,0,30,,3390,81,4,,0,70,,3391,81,4,,0,30,,3392,81,4,,0,70,,3393,81,4,,0,30,,3394,81,4,,0,70,,3395,81,4,,0,30,,3396,81,4,,0,70,,3397,81,4,,0,30,,3398,81,4,,0,70,,3399,81,4,,0,30,,3400,81,4,,0,70,,3401,81,4,,0,30,,3402,81,4,,0,70,,3403,81,4,,0,32,,3404,81,4,,0,80,,3405,81,4,,0,85,,3406,81,4,,0,30,,3407,81,4,,0,95,,3408,81,4,,0,100,,3409,81,4,,0,100,,3410,81,4,,0,100,,3411,81,4,,0
700,'Sunday-01',910,,3422,81,4,,0,30,,3423,81,4,,0,70,,3424,81,4,,0,30,,3425,81,4,,0,70,,3426,81,4,,0,30,,3427,81,4,,0,70,,3428,81,4,,0,30,,3429,81,4,,0,70,,3430,81,4,,0,30,,3431,81,4,,0,70,,3421,81,4,,0,30,,3417,81,4,,0,70,,3412,81,4,,0,30,,3413,81,4,,0,70,,3414,81,4,,0,30,,3415,81,4,,0,70,,3416,81,4,,0,30,,3418,81,4,,0,70,,3419,81,4,,0,30,,3420,81,4,,0
700,'Weekday-01',639,,3432,81,4,,0,70,,3433,81,4,,0,15,,3434,81,4,,0,15,,3435,81,4,,0,15,,3436,81,4,,0,55,,3437,81,4,,0,23,,3438,81,4,,0,7,,3439,81,4,,0,15,,3440,81,4,,0,55,,3441,81,4,,0,15,,3442,81,4,,0,15,,3443,81,4,,0,70,,3444,81,4,,0,30,,3445,81,4,,0,70,,3446,81,4,,0,30,,3447,81,4,,0,70,,3448,81,4,,0,30,,3449,81,4,,0,70,,3450,81,4,,0,30,,3451,81,4,,0,70,,3452,81,4,,0,30,,3453,81,4,,0,70,,3454,81,4,,0,25,,3455,81,4,,0,70,,3456,81,4,,0,30,,3457,81,4,,0,70,,3458,81,4,,0,30,,3459,81,4,,0,70,,3460,81,4,,0,37,,3461,81,4,,0,85,,3462,81,4,,0,85,,3463,81,4,,0,25,,3464,81,4,,0,100,,3465,81,4,,0,100,,3466,81,4,,0,100,,3467,81,4,,0,100,,3468,81,4,,0
701,'Saturday-01',544,,3469,1,,,0,100,,3470,1,,,0,70,,3471,1,,,0,30,,3472,1,,,0,70,,3473,1,,,0,30,,3474,1,,,0,70,,3475,1,,,0,30,,3476,1,,,0,70,,3477,1,,,0,30,,3478,1,,,0,70,,3479,1,,,0,30,,3480,1,,,0,70,,3481,1,,,0,30,,3482,1,,,0,70,,3483,1,,,0,30,,3484,1,,,0,70,,3485,1,,,0,30,,3486,1,,,0,70,,3487,1,,,0,30,,3488,1,,,0,70,,3489,1,,,0,30,,3490,1,,,0,70,,3491,1,,,0,30,,3492,1,,,0,70,,3493,1,,,0,27,,3494,1,,,0,85,,3496,1,,,0,85,,3497,1,,,0,30,,3498,1,,,0,95,,3499,1,,,0,100,,3500,1,,,0,100,,3495,1,,,0
701,'Sunday-01',745,,3501,1,,,0,70,,3502,1,,,0,30,,3503,1,,,0,70,,3504,1,,,0,30,,3505,1,,,0,70,,3506,1,,,0,30,,3507,1,,,0,70,,3508,1,,,0,30,,3509,1,,,0,70,,3510,1,,,0,30,,3511,1,,,0,70,,3512,1,,,0,30,,3513,1,,,0,70,,3514,1,,,0,30,,3515,1,,,0,70,,3516,1,,,0,30,,3517,1,,,0,70,,3518,1,,,0,30,,3519,1,,,0,70,,3520,1,,,0,30,,3521,1,,,0
701,'Weekday-01',514,,3522,1,,,0,30,,3523,1,,,0,70,,3524,1,,,0,20,,3525,1,,,0,10,,3526,1,,,0,15,,3527,1,,,0,55,,3528,1,,,0,15,,3529,1,,,0,15,,3530,1,,,0,70,,3531,1,,,0,30,,3532,1,,,0,70,,3533,1,,,0,30,,3534,1,,,0,70,,3535,1,,,0,30,,3536,1,,,0,70,,3537,1,,,0,30,,3538,1,,,0,70,,3539,1,,,0,30,,3540,1,,,0,70,,3541,1,,,0,30,,3542,1,,,0,70,,3543,1,,,0,30,,3544,1,,,0,70,,3545,1,,,0,25,,3546,1,,,0,70,,3547,1,,,0,35,,3548,1,,,0,70,,3549,1,,,0,30,,3550,1,,,0,70,,3551,1,,,0,27,,3558,1,,,0,85,,3552,1,,,0,85,,3553,1,,,0,30,,3554,1,,,0,95,,3555,1,,,0,100,,3556,1,,,0,100,,3557,1,,,0
900,'Saturday-01',707,,3681,99,4,,0,30,,3682,99,4,,0,70,,3683,99,4,,0,30,,3684,99,4,,0,70,,3685,99,4,,0,30,,3686,99,4,,0,70,,3687,99,4,,0,30,,3688,99,4,,0,70,,3689,99,4,,0,30,,3690,99,4,,0,70,,3691,99,4,,0,30,,3692,99,4,,0,70,,3693,99,4,,0,30,,3694,99,4,,0,70,,3695,99,4,,0,30,,3696,99,4,,0,70,,3697,99,4,,0,30,,3698,99,4,,0,70,,3699,99,4,,0,30,,3700,99,4,,0,70,,3701,99,4,,0,30,,3702,99,4,,0,82,,3703,99,4,,0,30,,3704,99,4,,0,65,,3705,99,4,,0,45,,3706,99,4,,0,70,,3708,99,4,,0,85,,3709,99,4,,0,100,,3710,99,4,,0,100,,3711,99,4,,0,100,,3707,99,4,,0
900,'Sunday-01',837,,3731,99,4,,0,70,,3733,99,4,,0,30,,3721,99,4,,0,70,,3720,99,4,,0,30,,3722,99,4,,0,70,,3715,99,4,,0,30,,3723,99,4,,0,70,,3716,99,4,,0,30,,3724,99,4,,0,70,,3717,99,4,,0,30,,3725,99,4,,0,70,,3718,99,4,,0,30,,3726,99,4,,0,70,,3719,99,4,,0,30,,3727,99,4,,0,70,,3712,99,4,,0,30,,3728,99,4,,0,70,,3713,99,4,,0,30,,3729,99,4,,0,70,,3714,99,4,,0,30,,3730,99,4,,0,70,,3732,99,4,,0
900,'Weekday-01',632,,3734,99,4,,0,70,,3735,99,4,,0,30,,3736,99,4,,0,70,,3737,99,4,,0,35,,3738,99,4,,0,70,,3739,99,4,,0,30,,3740,99,4,,0,70,,3741,99,4,,0,30,,3742,99,4,,0,70,,3743,99,4,,0,30,,3744,99,4,,0,70,,3745,99,4,,0,30,,3746,99,4,,0,70,,3747,99,4,,0,30,,3748,99,4,,0,70,,3749,99,4,,0,30,,3750,99,4,,0,70,,3751,99,4,,0,30,,3752,99,4,,0,15,,3753,99,4,,0,55,,3754,99,4,,0,15,,3755,99,4,,0,15,,3756,99,4,,0,70,,3757,99,4,,0,15,,3758,99,4,,0,15,,3759,99,4,,0,15,,3760,99,4,,0,67,,3761,99,4,,0,30,,3762,99,4,,0,65,,3763,99,4,,0,45,,3764,99,4,,0,67,,3765,99,4,,0,85,,3766,99,4,,0,100,,3767,99,4,,0,100,,3768,99,4,,0,100,,3769,99,4,,0
901,'Saturday-01',612,,3770,1,,,0,30,,3771,1,,,0,70,,3772,1,,,0,30,,3773,1,,,0,70,,3774,1,,,0,30,,3775,1,,,0,70,,3776,1,,,0,30,,3777,1,,,0,70,,3778,1,,,0,30,,3779,1,,,0,70,,3780,1,,,0,30,,3781,1,,,0,70,,3782,1,,,0,30,,3783,1,,,0,70,,3784,1,,,0,30,,3785,1,,,0,70,,3786,1,,,0,30,,3787,1,,,0,70,,3788,1,,,0,30,,3789,1,,,0,70,,3790,1,,,0,30,,3791,1,,,0,70,,3792,1,,,0,30,,3793,1,,,0,92,,3794,1,,,0,85,,3795,1,,,0,85,,3796,1,,,0,30,,3797,1,,,0,85,,3798,1,,,0,100,,3799,1,,,0,100,,3800,1,,,0
901,'Sunday-01',742,,3819,1,,,0,70,,3809,1,,,0,30,,3820,1,,,0,70,,3810,1,,,0,30,,3821,1,,,0,70,,3811,1,,,0,30,,3801,1,,,0,70,,3812,1,,,0,30,,3802,1,,,0,70,,3813,1,,,0,30,,3803,1,,,0,70,,3814,1,,,0,30,,3804,1,,,0,70,,3815,1,,,0,30,,3805,1,,,0,70,,3816,1,,,0,30,,3806,1,,,0,70,,3817,1,,,0,30,,3807,1,,,0,70,,3818,1,,,0,30,,3808,1,,,0
901,'Weekday-01',537,,3822,1,,,0,70,,3823,1,,,0,30,,3824,1,,,0,70,,3825,1,,,0,30,,3826,1,,,0,70,,3827,1,,,0,35,,3828,1,,,0,70,,3829,1,,,0,30,,3830,1,,,0,70,,3831,1,,,0,30,,3832,1,,,0,70,,3833,1,,,0,30,,3834,1,,,0,70,,3835,1,,,0,30,,3836,1,,,0,70,,3837,1,,,0,30,,3838,1,,,0,70,,3839,1,,,0,30,,3840,1,,,0,15,,3841,1,,,0,55,,3842,1,,,0,15,,3843,1,,,0,15,,3844,1,,,0,15,,3845,1,,,0,55,,3846,1,,,0,15,,3847,1,,,0,15,,3848,1,,,0,70,,3849,1,,,0,30,,3850,1,,,0,87,,3851,1,,,0,90,,3852,1,,,0,85,,3853,1,,,0,27,,3854,1,,,0,85,,3855,1,,,0,100,,3856,1,,,0,100,,3857,1,,,0
1200,'Saturday-01',828,,4019,11,4,,0,30,,4020,11,4,,0,65,,4000,88,4,,0,30,,4001,88,4,,0,70,,4002,88,4,,0,30,,4003,88,4,,0,70,,4004,88,4,,0,30,,4005,88,4,,0,70,,4006,88,4,,0,30,,4007,88,4,,0,70,,4008,88,4,,0,30,,4009,88,4,,0,70,,4010,88,4,,0,30,,4011,88,4,,0,70,,4012,88,4,,0,30,,4013,88,4,,0,70,,4014,88,4,,0,30,,4015,88,4,,0,70,,4016,88,4,,0,30,,4021,88,4,,0,70,,4022,88,4,,0
1200,'Weekday-01',649,,4066,84,4,,0,70,,4067,84,4,,0,30,,4068,84,4,,0,70,,4069,84,4,,0,34,,4055,88,4,,0,70,,4056,88,4,,0,30,,4047,88,4,,0,70,,4048,88,4,,0,30,,4046,88,4,,0,70,,4045,88,4,,0,30,,4044,88,4,,0,70,,4043,88,4,,0,30,,4042,88,4,,0,70,,4041,88,4,,0,30,,4040,88,4,,0,70,,4039,88,4,,0,30,,4064,88,4,,0,70,,4063,88,4,,0,30,,4062,88,4,,0,70,,4061,88,4,,0,30,,4057,88,4,,0,70,,4058,88,4,,0,30,,4059,88,4,,0,70,,4060,88,4,,0
1201,'Saturday-01',828,,4076,1,,,0,30,,4077,1,,,0,70,,4078,1,,,0,30,,4079,1,,,0,70,,4080,1,,,0,30,,4081,1,,,0,70,,4082,1,,,0,30,,4083,1,,,0,70,,4084,1,,,0,30,,4085,1,,,0,70,,4086,1,,,0,30,,4087,1,,,0,70,,4088,1,,,0,30,,4089,1,,,0,70,,4090,1,,,0,30,,4091,1,,,0,70,,4092,1,,,0,30,,4075,1,,,0,70,,4074,1,,,0
1201,'Weekday-01',554,,4136,1,,,0,70,,4137,1,,,0,30,,4138,1,,,0,70,,4139,1,,,0,30,,4140,1,,,0,70,,4115,1,,,0,34,,4126,1,,,0,70,,4127,1,,,0,30,,4128,1,,,0,70,,4129,1,,,0,30,,4130,1,,,0,70,,4131,1,,,0,30,,4132,1,,,0,70,,4133,1,,,0,30,,4116,1,,,0,70,,4117,1,,,0,30,,4118,1,,,0,70,,4119,1,,,0,30,,4125,1,,,0,70,,4120,1,,,0,30,,4121,1,,,0,70,,4122,1,,,0,30,,4123,1,,,0,70,,4124,1,,,0,30,,4134,1,,,0
5000,'Saturday-01',654,,4728,20,,,0,100,,4729,20,,,0,100,,4730,20,,,0,70,,4731,20,,,0,30,,4732,20,,,0,70,,4733,20,,,0,30,,4734,20,,,0,70,,4735,20,,,0,30,,4736,20,,,0,70,,4737,20,,,0,30,,4738,20,,,0,70,,4739,20,,,0,30,,4740,20,,,0,70,,4741,20,,,0,30,,4742,20,,,0,70,,4743,20,,,0,30,,4744,20,,,0,70,,4745,20,,,0,30,,4746,20,,,0,70,,4747,20,,,0,30,,4748,20,,,0,70,,4749,20,,,0,30,,4750,20,,,0,70,,4751,20,,,0,30,,4752,20,,,0,70,,4753,20,,,0,33,,4754,20,,,0,70,,4755,20,,,0,77,,4725,20,,,0,100,,4726,20,,,0,100,,4727,20,,,0
5000,'Sunday-01',849,,4756,20,,,0,100,,4757,20,,,0,100,,4758,20,,,0,70,,4759,20,,,0,30,,4760,20,,,0,70,,4761,20,,,0,30,,4762,20,,,0,70,,4763,20,,,0,30,,4764,20,,,0,70,,4765,20,,,0,30,,4766,20,,,0,70,,4767,20,,,0,30,,4768,20,,,0,70,,4769,20,,,0,30,,4770,20,,,0,70,,4771,20,,,0
5000,'Weekday-01',625,,4772,20,,,0,30,,4773,20,,,0,70,,4774,20,,,0,30,,4775,20,,,0,70,,4776,20,,,0,30,,4777,20,,,0,70,,4778,20,,,0,30,,4779,20,,,0,70,,4780,20,,,0,30,,4781,20,,,0,70,,4782,20,,,0,30,,4783,20,,,0,70,,4784,20,,,0,30,,4785,20,,,0,70,,4786,20,,,0,30,,4787,20,,,0,70,,4788,20,,,0,30,,4789,20,,,0,70,,4790,20,,,0,30,,4791,20,,,0,70,,4792,20,,,0,30,,4793,20,,,0,70,,4794,20,,,0,30,,4795,20,,,0,70,,4796,20,,,0,30,,4797,20,,,0,70,,4798,20,,,0,30,,4799,20,,,0,70,,4800,20,,,0,32,,4801,20,,,0,70,,4802,20,,,0,78,,4803,20,0,11 12,0,100,,4804,20,0,11 12,0,100,,4805,20,0,11 12,0
5001,'Saturday-01',612,,4806,4,,,0,100,,4810,4,,,0,100,,4811,4,,,0,100,,4812,4,,,0,30,,4813,4,,,0,70,,4814,4,,,0,30,,4815,4,,,0,70,,4816,4,,,0,30,,4817,4,,,0,70,,4818,4,,,0,30,,4819,4,,,0,70,,4820,4,,,0,30,,4821,4,,,0,70,,4822,4,,,0,30,,4823,4,,,0,70,,4824,4,,,0,30,,4825,4,,,0,70,,4826,4,,,0,30,,4827,4,,,0,70,,4828,4,,,0,30,,4829,4,,,0,70,,4830,4,,,0,30,,4831,4,,,0,70,,4832,4,,,0,30,,4833,4,,,0,70,,4834,4,,,0,30,,4835,4,,,0,79,,4809,4,,,0,101,,4807,4,,,0,100,,4808,4,,,0
5001,'Sunday-01',907,,4836,4,,,0,100,,4837,4,,,0,100,,4838,4,,,0,30,,4839,4,,,0,70,,4840,4,,,0,30,,4841,4,,,0,70,,4842,4,,,0,30,,4843,4,,,0,70,,4844,4,,,0,30,,4845,4,,,0,70,,4846,4,,,0,30,,4847,4,,,0,70,,4848,4,,,0,30,,4849,4,,,0,70,,4850,4,,,0,30,,4851,4,,,0
5001,'Weekday-01',612,,4857,4,,,0,30,,4858,4,,,0,70,,4859,4,,,0,30,,4860,4,,,0,70,,4861,4,,,0,30,,4862,4,,,0,70,,4863,4,,,0,30,,4864,4,,,0,70,,4865,4,,,0,30,,4866,4,,,0,70,,4867,4,,,0,30,,4868,4,,,0,70,,4869,4,,,0,30,,4870,4,,,0,70,,4871,4,,,0,30,,4872,4,,,0,70,,4873,4,,,0,30,,4874,4,,,0,70,,4875,4,,,0,30,,4876,4,,,0,70,,4877,4,,,0,30,,4878,4,,,0,70,,4879,4,,,0,30,,4880,4,,,0,70,,4881,4,,,0,30,,4855,4,,,0,70,,4852,4,,,0,30,,4854,4,,,0,70,,4856,4,,,0,30,,4853,4,,,0,79,,4882,4,,,0,101,,4883,4,0,12 10,0,100,,4884,4,0,12 10,0
