200,'Saturday-01',640,,190,25,,,0,70,,191,25,,,0,28,,192,25,,,0,70,,193,25,,,0,30,,194,25,,,0,70,,195,25,,,0,30,,196,25,,,0,70,,197,25,,,0,30,,198,25,,,0,70,,199,25,,,0,30,,200,25,,,0,70,,201,25,,,0,30,,202,25,,,0,70,,203,25,,,0,30,,204,25,,,0,70,,205,25,,,0,30,,206,25,,,0,70,,207,25,,,0,30,,208,25,,,0,70,,209,25,,,0,30,,210,25,,,0,70,,211,25,,,0,30,,212,25,,,0,70,,213,25,,,0,30,,214,25,,,0,70,,215,25,,,0,30,,217,25,,,0,70,,218,25,,,0,30,,219,25,,,0,70,,220,25,,,0,100,,221,25,,,0,100,,222,25,,,0,100,,223,25,,,0
200,'Sunday-01',825,,224,25,,,0,30,,225,25,,,0,70,,226,25,,,0,30,,227,25,,,0,70,,228,25,,,0,30,,229,25,,,0,70,,230,25,,,0,30,,231,25,,,0,70,,232,25,,,0,30,,233,25,,,0,70,,234,25,,,0,30,,235,25,,,0,70,,236,25,,,0,30,,237,25,,,0,70,,238,25,,,0,30,,239,25,,,0,70,,240,25,,,0,30,,241,25,,,0,70,,242,25,,,0
200,'Weekday-01',610,,244,25,,,0,30,,243,25,,,0,13,,284,25,,,0,55,,247,25,,,0,15,,248,25,,,0,15,,249,25,,,0,15,,250,25,,,0,55,,245,25,,,0,15,,246,25,,,0,30,,251,25,,,0,70,,252,25,,,0,20,,275,25,,,0,70,,256,25,,,0,30,,257,25,,,0,70,,258,25,,,0,30,,259,25,,,0,70,,260,25,,,0,30,,261,25,,,0,70,,262,25,,,0,30,,253,25,,,0,70,,254,25,,,0,25,,255,25,,,0,65,,263,25,,,0,20,,264,25,,,0,15,,265,25,,,0,15,,266,25,,,0,55,,267,25,,,0,15,,268,25,,,0,15,,269,25,,,0,15,,270,25,,,0,55,,271,25,,,0,30,,276,25,,,0,70,,277,25,,,0,30,,278,25,,,0,70,,279,25,,,0,30,,280,25,,,0,70,,272,25,,,0,30,,273,25,,,0,70,,274,25,,,0,100,,281,25,,,0,100,,282,25,,,0,100,,283,25,,,0
300,'Saturday-01',638,,400,35,,,0,70,,383,35,,,0,30,,384,35,,,0,70,,385,35,,,0,30,,386,35,,,0,70,,387,35,,,0,30,,388,35,,,0,70,,389,35,,,0,30,,390,35,,,0,70,,401,35,,,0,30,,391,35,,,0,70,,402,35,,,0,30,,403,35,,,0,70,,404,35,,,0,30,,405,35,,,0,70,,392,35,,,0,30,,393,35,,,0,70,,406,35,,,0,30,,394,35,,,0,70,,395,35,,,0,30,,396,35,,,0,70,,397,35,,,0,30,,407,35,,,0,72,,408,35,,,0,30,,398,35,,,0,70,,409,35,,,0,30,,399,35,,,0,70,,410,35,,,0,30,,414,35,,,0,70,,411,35,,,0,100,,412,35,,,0,100,,413,35,,,0,100,,415,35,,,0
300,'Sunday-01',824,,416,35,,,0,30,,417,35,,,0,70,,418,35,,,0,30,,419,35,,,0,70,,420,35,,,0,30,,421,35,,,0,70,,422,35,,,0,30,,423,35,,,0,70,,424,35,,,0,30,,425,35,,,0,70,,426,35,,,0,30,,427,35,,,0,70,,428,35,,,0,30,,429,35,,,0,70,,430,35,,,0,30,,431,35,,,0,70,,432,35,,,0,30,,433,35,,,0,70,,434,35,,,0,30,,435,35,,,0,70,,436,35,,,0
300,'Weekday-01',608,,437,35,,,0,30,,438,35,,,0,15,,439,35,,,0,55,,440,35,,,0,15,,441,35,,,0,15,,442,35,,,0,15,,443,35,,,0,55,,444,35,,,0,15,,445,35,,,0,15,,446,35,,,0,70,,447,35,,,0,30,,448,35,,,0,70,,449,35,,,0,30,,450,35,,,0,70,,451,35,,,0,30,,452,35,,,0,70,,453,35,,,0,30,,454,35,,,0,70,,455,35,,,0,30,,456,35,,,0,70,,457,35,,,0,30,,458,35,,,0,70,,459,35,,,0,30,,460,35,,,0,17,,461,35,,,0,53,,462,35,,,0,15,,463,35,,,0,15,,464,35,,,0,15,,465,35,,,0,55,,466,35,,,0,30,,467,35,,,0,70,,468,35,,,0,32,,469,35,,,0,70,,470,35,,,0,30,,471,35,,,0,70,,472,35,,,0,30,,477,35,,,0,70,,476,35,,,0,100,,473,35,,,0,100,,474,35,,,0,100,,475,35,,,0
400,'Saturday-01',639,,605,39,,,0,70,,573,39,,,0,29,,604,39,,,0,70,,603,39,,,0,30,,574,39,,,0,70,,602,39,,,0,30,,575,39,,,0,70,,601,39,,,0,30,,600,39,,,0,70,,576,39,,,0,30,,599,39,,,0,70,,577,39,,,0,30,,578,39,,,0,70,,598,39,,,0,30,,597,39,,,0,70,,579,39,,,0,30,,596,39,,,0,70,,595,39,,,0,30,,580,39,,,0,70,,581,39,,,0,30,,582,39,,,0,70,,594,39,,,0,30,,593,39,,,0,70,,592,39,,,0,30,,583,39,,,0,70,,584,39,,,0,30,,591,39,,,0,70,,590,39,,,0,30,,589,39,,,0,70,,585,39,,,0,101,,588,39,,,0,100,,587,39,,,0,100,,586,39,,,0
400,'Sunday-01',824,,606,39,,,0,30,,617,39,,,0,70,,607,39,,,0,30,,618,39,,,0,70,,608,39,,,0,30,,619,39,,,0,70,,609,39,,,0,30,,620,39,,,0,70,,610,39,,,0,30,,621,39,,,0,70,,611,39,,,0,30,,622,39,,,0,70,,612,39,,,0,30,,623,39,,,0,70,,613,39,,,0,30,,624,39,,,0,70,,614,39,,,0,30,,625,39,,,0,70,,615,39,,,0,30,,626,39,,,0,70,,616,39,,,0
400,'Weekday-01',606,,627,39,,,0,30,,628,39,,,0,70,,629,39,,,0,30,,630,39,,,0,70,,631,39,,,0,30,,632,39,,,0,70,,633,39,,,0,30,,634,39,,,0,70,,635,39,,,0,30,,636,39,,,0,70,,637,39,,,0,30,,638,39,,,0,70,,639,39,,,0,30,,640,39,,,0,70,,641,39,,,0,30,,642,39,,,0,70,,643,39,,,0,30,,644,39,,,0,70,,645,39,,,0,30,,646,39,,,0,70,,647,39,,,0,30,,648,39,,,0,70,,649,39,,,0,30,,650,39,,,0,71,,651,39,,,0,30,,652,39,,,0,70,,653,39,,,0,30,,654,39,,,0,72,,655,39,,,0,30,,656,39,,,0,70,,657,39,,,0,100,,658,39,,,0,100,,659,39,,,0,100,,660,39,,,0
501,'Saturday-01',650,,778,34,,,0,100,,779,34,,,0,100,,780,34,,,0,100,,781,34,,,0,100,,782,34,,,0,100,,783,34,,,0,100,,784,34,,,0,100,,785,34,,,0,100,,786,34,,,0,100,,787,34,,,0,101,,788,34,,,0,100,,789,34,,,0
501,'Weekday-01',601,,791,34,,,0,30,,792,34,,,0,70,,793,34,,,0,30,,794,34,,,0,70,,795,34,,,0,34,,807,38,,,0,66,,796,34,,,0,50,,797,34,,,0,100,,798,34,,,0,100,,799,34,,,0,100,,800,34,,,0,100,,801,34,,,0,100,,802,34,,,0,150,,803,34,,,0,30,,808,34,,,0,70,,804,34,,,0,30,,805,34,,,0
