701,'Saturday-01',641,,3469,70,,,0,100,,3470,70,,,0,70,,3471,70,,,0,30,,3472,70,,,0,70,,3473,70,,,0,30,,3474,70,,,0,70,,3475,70,,,0,30,,3476,70,,,0,70,,3477,70,,,0,30,,3478,70,,,0,70,,3479,70,,,0,30,,3480,70,,,0,70,,3481,70,,,0,30,,3482,70,,,0,70,,3483,70,,,0,30,,3484,70,,,0,70,,3485,70,,,0,30,,3486,70,,,0,70,,3487,70,,,0,30,,3488,70,,,0,70,,3489,70,,,0,30,,3490,70,,,0,70,,3491,70,,,0,30,,3492,70,,,0,70,,3493,70,,,0,101,,3496,70,,,0,43,,3497,70,,,0,69,,3498,70,,,0,100,,3499,70,,,0,100,,3500,70,,,0,100,,3495,70,,,0
701,'Sunday-01',842,,3501,70,,,0,70,,3502,70,,,0,30,,3503,70,,,0,70,,3504,70,,,0,30,,3505,70,,,0,70,,3506,70,,,0,30,,3507,70,,,0,70,,3508,70,,,0,30,,3509,70,,,0,70,,3510,70,,,0,30,,3511,70,,,0,70,,3512,70,,,0,30,,3513,70,,,0,70,,3514,70,,,0,30,,3515,70,,,0,70,,3516,70,,,0,30,,3517,70,,,0,70,,3518,70,,,0,30,,3519,70,,,0,70,,3520,70,,,0,30,,3521,70,,,0
701,'Weekday-01',612,,3522,70,,,0,30,,3523,70,,,0,70,,3524,70,,,0,20,,3525,70,,,0,10,,3526,70,,,0,15,,3527,70,,,0,55,,3528,70,,,0,15,,3529,70,,,0,15,,3530,70,,,0,70,,3531,70,,,0,30,,3532,70,,,0,70,,3533,70,,,0,30,,3534,70,,,0,70,,3535,70,,,0,30,,3536,70,,,0,70,,3537,70,,,0,30,,3538,70,,,0,70,,3539,70,,,0,30,,3540,70,,,0,68,,3541,70,,,0,30,,3542,70,,,0,70,,3543,70,,,0,30,,3544,70,,,0,70,,3545,70,,,0,27,,3546,70,,,0,70,,3547,70,,,0,35,,3548,70,,,0,70,,3549,70,,,0,29,,3550,70,,,0,70,,3551,70,,,0,101,,3552,70,,,0,43,,3553,70,,,0,68,,3554,70,,,0,100,,3555,70,,,0,100,,3556,70,,,0,100,,3557,70,,,0
800,'Saturday-01',708,,3559,92,,,0,100,,3560,92,,,0,100,,3561,92,,,0,30,,3564,92,,,0,70,,3565,92,,,0,30,,3566,92,,,0,70,,3567,92,,,0,30,,3568,92,,,0,70,,3569,92,,,0,30,,3570,92,,,0,70,,3571,92,,,0,30,,3572,92,,,0,70,,3573,92,,,0,30,,3574,92,,,0,70,,3563,92,,,0,30,,3562,92,,,0,70,,3581,92,,,0,30,,3580,92,,,0,70,,3579,92,,,0,30,,3578,92,,,0,70,,3577,92,,,0,30,,3575,92,,,0,100,,3576,92,,,0,100,,3582,92,,,0,100,,3583,92,,,0
800,'Sunday-01',853,,3584,92,,,0,100,,3585,92,,,0,100,,3586,92,,,0,100,,3587,92,,,0,100,,3588,92,,,0,100,,3589,92,,,0,100,,3590,92,,,0,100,,3591,92,,,0,100,,3592,92,,,0,100,,3593,92,,,0,97,,3594,92,,,0
800,'Weekday-01',610,,3619,92,,,0,35,,3620,92,,,0,75,,3618,92,,,0,35,,3617,92,,,0,75,,3595,92,,,0,75,,3596,92,,,0,35,,3597,92,,,0,75,,3598,92,,,0,35,,3599,92,,,0,75,,3600,92,,,0,75,,3601,92,,,0,35,,3602,92,,,0,75,,3603,92,,,0,35,,3604,92,,,0,75,,3605,92,,,0,35,,3606,92,,,0,75,,3607,92,,,0,75,,3608,92,,,0,35,,3609,92,,,0,75,,3610,92,,,0,35,,3611,92,,,0,75,,3612,92,,,0,75,,3613,92,,,0,110,,3614,92,,,0,110,,3615,92,,,0,110,,3616,92,,,0
901,'Saturday-01',700,,3770,58,,,0,30,,3771,58,,,0,70,,3772,58,,,0,30,,3773,58,,,0,70,,3774,58,,,0,30,,3775,58,,,0,70,,3776,58,,,0,30,,3777,58,,,0,70,,3778,58,,,0,30,,3779,58,,,0,70,,3780,58,,,0,30,,3781,58,,,0,70,,3782,58,,,0,30,,3783,58,,,0,70,,3784,58,,,0,30,,3785,58,,,0,70,,3786,58,,,0,30,,3787,58,,,0,70,,3788,58,,,0,30,,3789,58,,,0,70,,3790,58,,,0,30,,3791,58,,,0,70,,3792,58,,,0,30,,3793,58,,,0,82,,3794,58,,,0,45,,3795,58,,,0,87,,3796,58,,,0,70,,3797,58,,,0,43,,3798,58,,,0,100,,3799,58,,,0,100,,3800,58,,,0
901,'Sunday-01',830,,3819,58,,,0,70,,3809,58,,,0,30,,3820,58,,,0,70,,3810,58,,,0,30,,3821,58,,,0,70,,3811,58,,,0,30,,3801,58,,,0,70,,3812,58,,,0,30,,3802,58,,,0,70,,3813,58,,,0,30,,3803,58,,,0,70,,3814,58,,,0,30,,3804,58,,,0,70,,3815,58,,,0,30,,3805,58,,,0,70,,3816,58,,,0,30,,3806,58,,,0,70,,3817,58,,,0,30,,3807,58,,,0,70,,3818,58,,,0,30,,3808,58,,,0
901,'Weekday-01',625,,3822,58,,,0,30,,3823,58,,,0,70,,3824,58,,,0,30,,3825,58,,,0,70,,3826,58,,,0,75,,3827,58,,,0,30,,3828,58,,,0,70,,3829,58,,,0,30,,3830,58,,,0,70,,3831,58,,,0,30,,3832,58,,,0,70,,3833,58,,,0,30,,3834,58,,,0,70,,3835,58,,,0,30,,3836,58,,,0,70,,3837,58,,,0,30,,3838,58,,,0,70,,3839,58,,,0,30,,3840,58,,,0,15,,3841,58,,,0,55,,3842,58,,,0,15,,3843,58,,,0,15,,3844,58,,,0,15,,3845,58,,,0,55,,3846,58,,,0,15,,3847,58,,,0,17,,3848,58,,,0,70,,3849,58,,,0,28,,3850,58,,,0,82,,3851,58,,,0,44,,3852,58,,,0,85,,3853,58,,,0,70,,3854,58,,,0,45,,3855,58,,,0,100,,3856,58,,,0,100,,3857,58,,,0
1801,'Saturday-01',550,,4299,1,,,0,70,,4300,1,,,0,30,,4274,14,,,0,70,,4275,14,,,0,30,,4276,14,,,0,70,,4277,14,,,0,30,,4278,14,,,0,70,,4279,14,,,0,30,,4280,14,,,0,70,,4281,14,,,0,30,,4282,14,,,0,70,,4283,14,,,0,30,,4284,14,,,0,70,,4285,14,,,0,30,,4286,14,,,0,70,,4287,14,,,0,30,,4288,14,,,0,70,,4289,14,,,0,30,,4290,14,,,0,70,,4291,14,,,0,30,,4292,14,,,0,70,,4293,14,,,0,30,,4294,14,,,0,70,,4295,14,,,0,30,,4296,14,,,0,70,,4297,14,,,0,30,,4298,14,,,0
1801,'Sunday-01',750,,4301,1,0,13,0,100,,4303,14,,,0,100,,4304,14,,,0,100,,4305,14,,,0,100,,4306,14,,,0,100,,4307,14,,,0,100,,4308,14,,,0,100,,4309,14,,,0,100,,4310,14,,,0,100,,4311,14,,,0,100,,4302,14,,,0,100,,4312,14,,,0
1801,'Weekday-01',550,,4313,1,,,0,70,,4314,1,,,0,30,,4315,14,,,0,70,,4316,14,,,0,30,,4317,14,,,0,70,,4318,14,,,0,30,,4319,14,,,0,70,,4320,14,,,0,30,,4321,14,,,0,70,,4322,14,,,0,30,,4323,14,,,0,70,,4324,14,,,0,30,,4325,14,,,0,70,,4326,14,,,0,30,,4327,14,,,0,70,,4328,14,,,0,30,,4329,14,,,0,70,,4330,14,,,0,30,,4331,14,,,0,70,,4332,14,,,0,30,,4333,14,,,0,70,,4334,14,,,0,30,,4335,14,,,0,70,,4336,14,,,0,30,,4337,14,,,0,70,,4338,14,,,0,30,,4339,14,,,0,70,,4340,14,,,0,100,,4341,14,,,0,100,,4342,14,,,0,93,,4343,14,,,0
4000,'Saturday-01',630,,4535,36,,,0,70,,4536,36,,,0,30,,4537,36,,,0,70,,4538,36,,,0,30,,4539,36,,,0,70,,4540,36,,,0,30,,4541,36,,,0,70,,4542,36,,,0,30,,4543,36,,,0,70,,4544,36,,,0,30,,4545,36,,,0,70,,4546,36,,,0,30,,4547,36,,,0,70,,4548,36,,,0,30,,4549,36,,,0,70,,4550,36,,,0,30,,4551,36,,,0,70,,4552,36,,,0,30,,4553,36,,,0,70,,4554,36,,,0,30,,4555,36,,,0,70,,4556,36,,,0,30,,4557,36,,,0,70,,4558,36,,,0,30,,4559,36,,,0,70,,4560,36,,,0,30,,4561,36,,,0,70,,4562,36,,,0,30,,4563,36,,,0,70,,4564,36,,,0,30,,4565,36,,,0,70,,4566,36,,,0,30,,4567,36,,,0,70,,4568,36,,,0,30,,4569,36,,,0,100,,4570,36,,,0
4000,'Sunday-01',830,,4571,36,,,0,70,,4572,36,,,0,30,,4573,36,,,0,70,,4574,36,,,0,30,,4575,36,,,0,70,,4576,36,,,0,30,,4577,36,,,0,70,,4578,36,,,0,30,,4579,36,,,0,70,,4580,36,,,0,30,,4581,36,,,0,70,,4582,36,,,0,30,,4583,36,,,0,70,,4584,36,,,0,30,,4585,36,,,0,70,,4586,36,,,0,30,,4587,36,,,0,70,,4588,36,,,0,30,,4589,36,,,0,70,,4590,36,,,0,30,,4591,36,,,0
4000,'Weekday-01',630,,4629,36,,,0,70,,4620,36,,,0,30,,4621,36,,,0,70,,4622,36,,,0,30,,4623,36,,,0,70,,4624,36,,,0,30,,4625,36,,,0,70,,4626,36,,,0,30,,4627,36,,,0,70,,4628,36,,,0,30,,4595,36,,,0,70,,4617,36,,,0,30,,4616,36,,,0,70,,4615,36,,,0,30,,4614,36,,,0,70,,4596,36,,,0,30,,4613,36,,,0,70,,4612,36,,,0,30,,4618,36,,,0,70,,4597,36,,,0,30,,4598,36,,,0,70,,4599,36,,,0,30,,4611,36,,,0,70,,4619,36,,,0,30,,4601,36,,,0,70,,4603,36,,,0,30,,4610,36,,,0,70,,4609,36,,,0,30,,4608,36,,,0,70,,4600,36,,,0,30,,4607,36,,,0,70,,4606,36,,,0,30,,4605,36,,,0,70,,4604,36,,,0,30,,4594,36,,,0,100,,4602,36,,,0
