700,'Saturday-01',646,,838,49,,,0,100,,839,49,,,0,70,,840,49,,,0,30,,841,49,,,0,70,,842,49,,,0,30,,843,49,,,0,70,,844,49,,,0,30,,845,49,,,0,70,,846,49,,,0,30,,847,49,,,0,70,,848,49,,,0,30,,849,49,,,0,70,,850,49,,,0,30,,851,49,,,0,70,,852,49,,,0,30,,853,49,,,0,70,,854,49,,,0,30,,855,49,,,0,70,,856,49,,,0,30,,857,49,,,0,70,,858,49,,,0,30,,859,49,,,0,71,,860,49,,,0,84,,861,49,,,0,45,,862,49,,,0,70,,863,49,,,0,100,,864,49,,,0,100,,865,49,,,0,100,,866,49,,,0,100,,867,49,,,0
700,'Sunday-01',847,,878,49,,,0,70,,879,49,,,0,30,,880,49,,,0,70,,881,49,,,0,30,,882,49,,,0,70,,883,49,,,0,30,,884,49,,,0,70,,885,49,,,0,30,,886,49,,,0,70,,887,49,,,0,30,,877,49,,,0,70,,873,49,,,0,30,,868,49,,,0,70,,869,49,,,0,30,,870,49,,,0,70,,871,49,,,0,30,,872,49,,,0,70,,874,49,,,0,30,,875,49,,,0,70,,876,49,,,0
700,'Weekday-01',616,,888,49,,,0,30,,889,49,,,0,55,,890,49,0,7,0,15,,891,49,,,0,15,,892,49,,,0,15,,893,49,,,0,56,,894,49,,,0,14,,895,49,,,0,15,,896,49,,,0,15,,897,49,,,0,55,,898,49,,,0,15,,899,49,,,0,30,,900,49,,,0,70,,901,49,,,0,30,,902,49,,,0,70,,903,49,,,0,30,,904,49,,,0,70,,905,49,,,0,30,,906,49,,,0,70,,907,49,,,0,30,,908,49,,,0,70,,909,49,,,0,30,,910,49,,,0,65,,911,49,,,0,30,,912,49,,,0,70,,913,49,,,0,30,,914,49,,,0,70,,915,49,,,0,30,,916,49,,,0,75,,917,49,,,0,85,,918,49,,,0,45,,919,49,,,0,70,,920,49,,,0,100,,921,49,,,0,100,,922,49,,,0,100,,923,49,,,0,100,,924,49,,,0
801,'Saturday-01',652,,1082,49,,,0,100,,1083,49,,,0,100,,1084,49,,,0,70,,1104,4,,,0,30,,1085,49,,,0,70,,1086,49,,,0,30,,1087,49,,,0,70,,1088,49,,,0,30,,1089,49,,,0,70,,1090,49,,,0,30,,1091,49,,,0,70,,1092,49,,,0,30,,1093,49,,,0,70,,1094,49,,,0,30,,1095,49,,,0,70,,1096,49,,,0,30,,1097,49,,,0,70,,1098,49,,,0,30,,1099,49,,,0,70,,1100,49,,,0,30,,1101,49,,,0,65,,1081,49,,,0,100,,1080,49,,,0,100,,1103,49,,,0,100,,1102,49,,,0
801,'Sunday-01',832,,1105,49,,,0,100,,1106,49,,,0,100,,1107,49,,,0,100,,1108,49,,,0,100,,1109,49,,,0,100,,1110,49,,,0,100,,1111,49,,,0,100,,1112,49,,,0,100,,1113,49,,,0,100,,1114,49,,,0,100,,1115,49,,,0
801,'Weekday-01',607,,1116,49,,,0,30,,1117,49,,,0,70,,1118,49,,,0,30,,1119,49,,,0,70,,1120,49,,,0,30,,1121,49,,,0,70,,1122,49,,,0,30,,1123,49,,,0,70,,1124,49,,,0,30,,1125,49,,,0,70,,1126,49,,,0,30,,1127,49,,,0,70,,1128,49,,,0,30,,1129,49,,,0,70,,1130,49,,,0,30,,1131,49,,,0,70,,1132,49,,,0,30,,1133,49,,,0,70,,1134,49,,,0,30,,1135,49,,,0,70,,1136,49,,,0,30,,1137,49,,,0,70,,1138,49,,,0,30,,1139,49,,,0,80,,1140,49,,,0,100,,1141,49,,,0,100,,1142,49,,,0,100,,1143,49,,,0
1500,'Saturday-01',811,,1616,4,,,0,45,,1604,26,,,0,85,,1605,26,,,0,85,,1606,26,,,0,85,,1607,26,,,0,45,,1608,26,,,0,85,,1609,26,,,0,85,,1610,26,,,0,85,,1611,26,,,0,45,,1612,26,,,0,85,,1613,26,,,0,85,,1614,26,,,0,85,,1615,26,,,0,45,,1617,26,,,0
1500,'Weekday-01',811,,1631,4,,,0,45,,1629,26,,,0,85,,1618,26,,,0,85,,1619,26,,,0,85,,1620,26,,,0,45,,1621,26,,,0,85,,1622,26,,,0,85,,1623,26,,,0,85,,1624,26,,,0,45,,1625,26,,,0,85,,1626,26,,,0,85,,1627,26,,,0,85,,1628,26,,,0,45,,1630,26,,,0
6000,'Saturday-01',700,,2382,4,,,0,40,,2383,4,,,0,80,,2384,4,,,0,80,,2385,4,,,0,40,,2386,4,,,0,80,,2387,4,,,0,80,,2388,4,,,0,40,,2389,4,,,0,80,,2390,4,,,0,80,,2391,4,,,0,40,,2392,4,,,0,80,,2393,4,,,0,80,,2394,4,,,0,40,,2395,4,,,0,80,,2396,4,,,0,80,,2397,4,,,0,40,,2398,4,,,0,80,,2399,4,,,0,80,,2400,4,,,0,40,,2401,4,,,0,80,,2402,4,,,0,80,,2403,4,,,0,40,,2404,4,,,0,80,,2405,4,,,0,80,,2406,4,,,0,38,,2407,4,,,0,80,,2408,4,,,0
6000,'Sunday-01',835,,2409,4,,,0,80,,2412,4,,,0,40,,2413,4,,,0,80,,2414,4,,,0,80,,2415,4,,,0,40,,2416,4,,,0,80,,2417,4,,,0,80,,2418,4,,,0,40,,2419,4,,,0,80,,2420,4,,,0,80,,2421,4,,,0,40,,2422,4,,,0,80,,2423,4,,,0,80,,2424,4,,,0,40,,2410,4,,,0,80,,2411,4,,,0
6000,'Weekday-01',635,,2458,4,,,0,65,,2425,4,,,0,25,,2426,4,,,0,25,,2427,4,,,0,65,,2428,4,,,0,35,,2429,4,,,0,80,,2430,4,,,0,75,,2431,4,,,0,40,,2432,4,,,0,80,,2433,4,,,0,80,,2434,4,,,0,40,,2435,4,,,0,80,,2436,4,,,0,80,,2437,4,,,0,25,,2438,4,,,0,25,,2439,4,,,0,65,,2440,4,,,0,25,,2441,4,,,0,65,,2442,4,,,0,25,,2443,4,,,0,65,,2444,4,,,0,25,,2445,4,,,0,25,,2446,4,,,0,65,,2447,4,,,0,25,,2448,4,,,0,65,,2449,4,,,0,25,,2450,4,,,0,25,,2451,4,,,0,75,,2452,4,,,0,80,,2453,4,,,0,40,,2454,4,,,0,80,,2455,4,,,0,80,,2456,4,,,0,38,,2457,4,,,0,70,,2459,4,,,0
