700,'Saturday-01',647,,838,51,,,0,100,,839,51,,,0,70,,840,51,,,0,30,,841,51,,,0,70,,842,51,,,0,30,,843,51,,,0,70,,844,51,,,0,30,,845,51,,,0,70,,846,51,,,0,30,,847,51,,,0,70,,848,51,,,0,30,,849,51,,,0,70,,850,51,,,0,30,,851,51,,,0,70,,852,51,,,0,30,,853,51,,,0,70,,854,51,,,0,30,,855,51,,,0,70,,856,51,,,0,30,,857,51,,,0,70,,858,51,,,0,30,,859,51,,,0,71,,860,51,,,0,84,,861,51,,,0,45,,862,51,,,0,70,,863,51,,,0,99,,864,51,,,0,100,,865,51,,,0,100,,866,51,,,0,100,,867,51,,,0
700,'Sunday-01',848,,878,51,,,0,70,,879,51,,,0,30,,880,51,,,0,70,,881,51,,,0,30,,882,51,,,0,70,,883,51,,,0,30,,884,51,,,0,70,,885,51,,,0,30,,886,51,,,0,70,,887,51,,,0,30,,877,51,,,0,70,,873,51,,,0,30,,868,51,,,0,70,,869,51,,,0,30,,870,51,,,0,70,,871,51,,,0,30,,872,51,,,0,70,,874,51,,,0,30,,875,51,,,0,70,,876,51,,,0
700,'Weekday-01',618,,888,51,,,0,30,,889,51,,,0,55,,890,51,0,7,0,15,,891,51,,,0,15,,892,51,,,0,15,,893,51,,,0,55,,894,51,,,0,15,,895,51,,,0,15,,896,51,,,0,15,,897,51,,,0,55,,898,51,,,0,15,,899,51,,,0,30,,900,51,,,0,70,,901,51,,,0,30,,902,51,,,0,70,,903,51,,,0,30,,904,51,,,0,70,,905,51,,,0,30,,906,51,,,0,70,,907,51,,,0,30,,908,51,,,0,70,,909,51,,,0,30,,910,51,,,0,65,,911,51,,,0,30,,912,51,,,0,70,,913,51,,,0,30,,914,51,,,0,70,,915,51,,,0,30,,916,51,,,0,75,,917,51,,,0,85,,918,51,,,0,45,,919,51,,,0,69,,920,51,,,0,100,,921,51,,,0,100,,922,51,,,0,100,,923,51,,,0,100,,924,51,,,0
801,'Saturday-01',653,,1082,51,,,0,100,,1083,51,,,0,100,,1084,51,,,0,70,,1104,6,,,0,30,,1085,51,,,0,70,,1086,51,,,0,30,,1087,51,,,0,70,,1088,51,,,0,30,,1089,51,,,0,70,,1090,51,,,0,30,,1091,51,,,0,70,,1092,51,,,0,30,,1093,51,,,0,70,,1094,51,,,0,30,,1095,51,,,0,70,,1096,51,,,0,30,,1097,51,,,0,70,,1098,51,,,0,30,,1099,51,,,0,70,,1100,51,,,0,30,,1101,51,,,0,65,,1081,51,,,0,100,,1080,51,,,0,100,,1103,51,,,0,100,,1102,51,,,0
801,'Sunday-01',833,,1105,51,,,0,100,,1106,51,,,0,100,,1107,51,,,0,100,,1108,51,,,0,100,,1109,51,,,0,100,,1110,51,,,0,100,,1111,51,,,0,100,,1112,51,,,0,100,,1113,51,,,0,100,,1114,51,,,0,100,,1115,51,,,0
801,'Weekday-01',609,,1116,51,,,0,30,,1117,51,,,0,70,,1118,51,,,0,30,,1119,51,,,0,70,,1120,51,,,0,30,,1121,51,,,0,70,,1122,51,,,0,30,,1123,51,,,0,70,,1124,51,,,0,30,,1125,51,,,0,70,,1126,51,,,0,30,,1127,51,,,0,70,,1128,51,,,0,30,,1129,51,,,0,70,,1130,51,,,0,30,,1131,51,,,0,70,,1132,51,,,0,30,,1133,51,,,0,70,,1134,51,,,0,30,,1135,51,,,0,70,,1136,51,,,0,30,,1137,51,,,0,70,,1138,51,,,0,30,,1139,51,,,0,79,,1140,51,,,0,100,,1141,51,,,0,100,,1142,51,,,0,100,,1143,51,,,0
1500,'Saturday-01',812,,1616,6,,,0,45,,1604,28,,,0,85,,1605,28,,,0,85,,1606,28,,,0,85,,1607,28,,,0,45,,1608,28,,,0,85,,1609,28,,,0,85,,1610,28,,,0,85,,1611,28,,,0,45,,1612,28,,,0,85,,1613,28,,,0,85,,1614,28,,,0,85,,1615,28,,,0,45,,1617,28,,,0
1500,'Weekday-01',812,,1631,6,,,0,45,,1629,28,,,0,85,,1618,28,,,0,85,,1619,28,,,0,85,,1620,28,,,0,45,,1621,28,,,0,85,,1622,28,,,0,85,,1623,28,,,0,85,,1624,28,,,0,45,,1625,28,,,0,85,,1626,28,,,0,85,,1627,28,,,0,85,,1628,28,,,0,45,,1630,28,,,0
6000,'Saturday-01',702,,2382,6,,,0,40,,2383,6,,,0,80,,2384,6,,,0,80,,2385,6,,,0,40,,2386,6,,,0,80,,2387,6,,,0,80,,2388,6,,,0,40,,2389,6,,,0,80,,2390,6,,,0,80,,2391,6,,,0,40,,2392,6,,,0,80,,2393,6,,,0,80,,2394,6,,,0,40,,2395,6,,,0,80,,2396,6,,,0,80,,2397,6,,,0,40,,2398,6,,,0,80,,2399,6,,,0,80,,2400,6,,,0,40,,2401,6,,,0,80,,2402,6,,,0,80,,2403,6,,,0,40,,2404,6,,,0,80,,2405,6,,,0,80,,2406,6,,,0,37,,2407,6,,,0,80,,2408,6,,,0
6000,'Sunday-01',837,,2409,6,,,0,80,,2412,6,,,0,40,,2413,6,,,0,80,,2414,6,,,0,80,,2415,6,,,0,40,,2416,6,,,0,80,,2417,6,,,0,80,,2418,6,,,0,40,,2419,6,,,0,80,,2420,6,,,0,80,,2421,6,,,0,40,,2422,6,,,0,80,,2423,6,,,0,80,,2424,6,,,0,40,,2410,6,,,0,80,,2411,6,,,0
6000,'Weekday-01',637,,2458,6,,,0,65,,2425,6,,,0,25,,2426,6,,,0,25,,2427,6,,,0,65,,2428,6,,,0,35,,2429,6,,,0,80,,2430,6,,,0,75,,2431,6,,,0,40,,2432,6,,,0,80,,2433,6,,,0,80,,2434,6,,,0,40,,2435,6,,,0,80,,2436,6,,,0,80,,2437,6,,,0,25,,2438,6,,,0,25,,2439,6,,,0,65,,2440,6,,,0,25,,2441,6,,,0,65,,2442,6,,,0,25,,2443,6,,,0,65,,2444,6,,,0,25,,2445,6,,,0,25,,2446,6,,,0,65,,2447,6,,,0,25,,2448,6,,,0,65,,2449,6,,,0,25,,2450,6,,,0,25,,2451,6,,,0,75,,2452,6,,,0,80,,2453,6,,,0,40,,2454,6,,,0,80,,2455,6,,,0,80,,2456,6,,,0,37,,2457,6,,,0,70,,2459,6,,,0
