100,'Saturday-01',619,,2545,29,0,5,0,30,,2546,29,0,5,0,100,,2551,29,0,5,0,70,,2552,29,0,5,0,30,,2553,29,0,5,0,70,,2554,29,0,5,0,30,,2555,29,0,5,0,70,,2556,29,0,5,0,30,,2557,29,0,5,0,70,,2558,29,0,5,0,30,,2559,29,0,5,0,55,,2564,4,0,5,0,15,,2547,29,0,5,0,30,,2548,29,0,5,0,70,,2569,29,0,5,0,30,,2570,29,0,5,0,60,,2549,29,0,5,0,30,,2550,29,0,5,0,70,,2565,29,0,5,0,30,,2566,29,0,5,0,70,,2567,29,0,5,0,30,,2568,29,0,5,0,70,,2571,29,0,5,0,30,,2572,29,0,5,0,70,,2573,29,0,5,0,109,,2560,58,0,5,0,30,,2561,58,0,5,0,70,,2574,58,0,5,0,83,,2575,58,0,5,0,30,,2562,58,0,5,0,95,,2576,58,0,5,0,85,,2577,58,0,5,0,18,,2578,58,0,5,0,105,,2563,58,0,5,0
100,'Sunday-01',816,,2582,58,0,5,0,100,,2583,58,0,5,0,100,,2584,58,0,5,0,100,,2585,58,0,5,0,100,,2587,58,0,5,0,100,,2588,58,0,5,0,105,,2589,58,0,5,0,100,,2590,58,0,5,0,105,,2591,58,0,5,0,100,,2586,58,0,5,0,108,,2580,58,0,5,0
100,'Weekday-01',604,,2592,4,0,5,0,15,,2604,29,0,8,0,10,,2630,29,0,8,0,5,,2605,29,0,8,0,15,,2606,29,0,8,0,55,,2607,29,0,8,0,20,,2593,29,0,5,0,15,,2610,29,0,8,0,15,,2594,29,0,5,0,60,,2595,29,0,5,0,20,,2596,29,0,5,0,70,,2597,29,0,5,0,20,,2598,29,0,5,0,20,,2599,29,0,5,0,75,,2615,31,0,5,0,30,,2616,31,0,5,0,70,,2617,31,0,5,0,30,,2618,31,0,5,0,70,,2611,31,0,8,0,30,,2612,31,0,8,0,70,,2608,29,0,8,0,30,,2609,29,0,8,0,70,,2613,31,0,8,0,30,,2614,31,0,8,0,70,,2637,31,0,8,0,10,,2631,29,0,8,0,20,,2619,31,0,5,0,10,,2632,29,0,8,0,60,,2620,31,0,5,0,10,,2633,29,0,8,0,15,,2600,29,0,5,0,15,,2634,29,0,8,0,55,,2601,29,0,5,0,15,,2635,29,0,8,0,15,,2602,29,0,5,0,70,,2636,29,0,8,0,20,,2603,29,0,5,0,70,,2621,58,0,5,0,30,,2622,58,0,5,0,75,,2638,58,0,8,0,10,,2625,58,0,8,0,35,,2626,58,0,8,0,70,,2627,58,0,8,0,100,,2628,58,0,8,0,20,,2629,58,0,8,0,100,,2623,58,0,5,0,87,,2624,58,0,5,0
201,'Saturday-01',647,,2829,39,,,0,70,,2830,39,,,0,30,,2831,39,,,0,70,,2832,39,,,0,30,,2833,39,,,0,70,,2834,39,,,0,30,,2835,39,,,0,70,,2836,39,,,0,30,,2837,39,,,0,70,,2838,39,,,0,30,,2839,39,,,0,70,,2840,39,,,0,30,,2841,39,,,0,70,,2842,39,,,0,30,,2843,39,,,0,70,,2844,39,,,0,30,,2845,39,,,0,70,,2846,39,,,0,30,,2847,39,,,0,70,,2848,39,,,0,30,,2849,39,,,0,70,,2850,39,,,0,30,,2851,39,,,0,70,,2852,39,,,0,30,,2853,39,,,0,70,,2854,39,,,0,30,,2855,39,,,0,70,,2856,39,,,0,30,,2857,39,,,0,70,,2858,39,,,0,100,,2859,39,,,0,100,,2860,39,,,0,100,,2861,39,,,0
201,'Sunday-01',833,,2862,39,,,0,70,,2863,39,,,0,30,,2864,39,,,0,70,,2865,39,,,0,30,,2866,39,,,0,70,,2867,39,,,0,30,,2868,39,,,0,70,,2869,39,,,0,30,,2870,39,,,0,70,,2871,39,,,0,30,,2872,39,,,0,70,,2873,39,,,0,30,,2874,39,,,0,70,,2875,39,,,0,30,,2876,39,,,0,70,,2877,39,,,0,30,,2878,39,,,0,70,,2879,39,,,0,30,,2880,39,,,0,70,,2881,39,,,0
201,'Weekday-01',617,,2884,39,,,0,30,,2885,39,,,0,55,,2886,39,,,0,15,,2887,39,,,0,15,,2888,39,,,0,15,,2889,39,,,0,55,,2890,39,,,0,15,,2925,39,,,0,15,,2891,39,,,0,15,,2892,39,,,0,70,,2924,39,,,0,30,,2893,39,,,0,70,,2894,39,,,0,30,,2895,39,,,0,70,,2896,39,,,0,30,,2897,39,,,0,70,,2898,39,,,0,30,,2899,39,,,0,70,,2900,39,,,0,25,,2901,39,,,0,70,,2902,39,,,0,35,,2903,39,,,0,70,,2904,39,,,0,15,,2905,39,,,0,15,,2906,39,,,0,55,,2907,39,,,0,15,,2908,39,,,0,15,,2909,39,,,0,15,,2910,39,,,0,55,,2911,39,,,0,15,,2912,39,,,0,30,,2913,39,,,0,70,,2914,39,,,0,30,,2915,39,,,0,70,,2916,39,,,0,30,,2917,39,,,0,70,,2918,39,,,0,30,,2919,39,,,0,70,,2920,39,,,0,100,,2921,39,,,0,100,,2922,39,,,0,100,,2923,39,,,0
301,'Saturday-01',707,,3045,17,,,0,30,,3022,17,,,0,70,,3023,17,,,0,30,,3024,17,,,0,70,,3025,17,,,0,30,,3026,17,,,0,70,,3027,17,,,0,30,,3028,17,,,0,70,,3029,17,,,0,30,,3046,17,,,0,70,,3030,17,,,0,30,,3047,17,,,0,70,,3048,17,,,0,30,,3049,17,,,0,70,,3050,17,,,0,30,,3031,17,,,0,70,,3032,17,,,0,30,,3051,17,,,0,70,,3033,17,,,0,30,,3034,17,,,0,70,,3035,17,,,0,30,,3036,17,,,0,70,,3052,17,,,0,30,,3053,17,,,0,80,,3037,16,,,0,30,,3038,16,,,0,70,,3039,16,,,0,30,,3040,16,,,0,70,,3041,16,,,0,100,,3042,16,,,0,100,,3043,16,,,0,100,,3044,16,,,0
301,'Sunday-01',832,,3054,17,,,0,70,,3065,17,,,0,30,,3066,17,,,0,70,,3067,17,,,0,30,,3068,17,,,0,70,,3069,17,,,0,30,,3070,17,,,0,70,,3071,17,,,0,30,,3072,17,,,0,70,,3073,17,,,0,30,,3074,17,,,0,70,,3055,17,,,0,30,,3056,17,,,0,70,,3057,17,,,0,30,,3058,17,,,0,70,,3059,17,,,0,30,,3060,17,,,0,70,,3061,17,,,0,30,,3062,17,,,0,70,,3063,17,,,0,30,,3064,17,,,0
301,'Weekday-01',602,,3075,17,,,0,30,,3076,17,,,0,70,,3077,17,,,0,15,,3078,17,,,0,15,,3079,17,,,0,15,,3080,17,,,0,55,,3081,17,,,0,15,,3082,17,,,0,15,,3083,17,,,0,70,,3084,17,,,0,30,,3085,17,,,0,70,,3086,17,,,0,30,,3087,17,,,0,70,,3088,17,,,0,30,,3089,17,,,0,70,,3090,17,,,0,30,,3091,17,,,0,70,,3092,17,,,0,30,,3093,17,,,0,70,,3094,17,,,0,30,,3095,17,,,0,70,,3096,17,,,0,15,,3097,17,,,0,15,,3098,17,,,0,15,,3099,17,,,0,55,,3100,17,,,0,30,,3101,17,,,0,15,,3102,17,,,0,55,,3103,17,,,0,15,,3104,17,,,0,30,,3105,17,,,0,70,,3106,16,,,0,30,,3107,16,,,0,70,,3108,16,,,0,30,,3109,16,,,0,70,,3110,16,,,0,30,,3111,16,,,0,70,,3112,16,,,0,30,,3116,16,,,0,70,,3115,17,,,0,100,,3113,16,,,0,100,,3114,16,,,0
500,'Saturday-01',702,,3293,4,,,0,100,,3294,4,,,0,100,,3295,4,,,0,100,,3296,4,,,0,100,,3297,4,,,0,100,,3298,4,,,0,100,,3299,4,,,0,100,,3300,4,,,0,100,,3301,4,,,0,100,,3302,4,,,0,100,,3303,4,,,0,100,,3304,4,,,0
500,'Weekday-01',612,,3305,4,,,0,30,,3306,4,,,0,70,,3307,4,,,0,30,,3308,4,,,0,70,,3309,4,,,0,90,,3310,4,,,0,100,,3311,4,,,0,100,,3312,4,,,0,100,,3313,4,,,0,100,,3314,4,,,0,100,,3315,4,,,0,100,,3316,4,,,0,110,,3317,4,,,0,30,,3318,4,,,0,70,,3319,4,,,0,35,,3320,4,,,0
