401,'Saturday-01',637,,693,26,,,0,70,,692,26,,,0,30,,661,26,,,0,70,,691,26,,,0,30,,662,26,,,0,70,,690,26,,,0,30,,689,26,,,0,70,,663,26,,,0,30,,688,26,,,0,70,,664,26,,,0,30,,687,26,,,0,70,,686,26,,,0,30,,685,26,,,0,70,,684,26,,,0,30,,665,26,,,0,70,,683,26,,,0,30,,666,26,,,0,70,,667,26,,,0,30,,682,26,,,0,70,,668,26,,,0,30,,669,26,,,0,70,,670,26,,,0,30,,671,26,,,0,70,,672,26,,,0,30,,681,26,,,0,70,,680,26,,,0,30,,679,26,,,0,70,,673,26,,,0,30,,674,26,,,0,75,,678,26,,,0,100,,677,26,,,0,100,,676,26,,,0,100,,675,26,,,0
401,'Sunday-01',827,,694,26,,,0,30,,705,26,,,0,70,,695,26,,,0,30,,706,26,,,0,70,,696,26,,,0,30,,707,26,,,0,70,,697,26,,,0,30,,708,26,,,0,70,,698,26,,,0,30,,709,26,,,0,70,,699,26,,,0,30,,710,26,,,0,70,,700,26,,,0,30,,711,26,,,0,70,,701,26,,,0,30,,712,26,,,0,70,,702,26,,,0,30,,713,26,,,0,70,,703,26,,,0,30,,714,26,,,0,70,,704,26,,,0
401,'Weekday-01',551,,715,26,,,0,70,,716,26,,,0,30,,717,26,,,0,70,,718,26,,,0,30,,719,26,,,0,70,,720,26,,,0,30,,721,26,,,0,70,,722,26,,,0,30,,723,26,,,0,70,,724,26,,,0,30,,725,26,,,0,70,,726,26,,,0,30,,727,26,,,0,70,,728,26,,,0,30,,729,26,,,0,70,,730,26,,,0,30,,731,26,,,0,70,,732,26,,,0,30,,733,26,,,0,70,,734,26,,,0,30,,735,26,,,0,70,,736,26,,,0,30,,737,26,,,0,70,,738,26,,,0,30,,739,26,,,0,69,,740,26,,,0,92,,741,26,,,0,25,,742,26,,,0,70,,743,26,,,0,30,,744,26,,,0,75,,745,26,,,0,100,,746,26,,,0,100,,747,26,,,0,100,,748,26,,,0
700,'Saturday-01',640,,838,43,,,0,100,,839,43,,,0,70,,840,43,,,0,30,,841,43,,,0,70,,842,43,,,0,30,,843,43,,,0,70,,844,43,,,0,30,,845,43,,,0,70,,846,43,,,0,30,,847,43,,,0,70,,848,43,,,0,30,,849,43,,,0,70,,850,43,,,0,30,,851,43,,,0,70,,852,43,,,0,30,,853,43,,,0,70,,854,43,,,0,30,,855,43,,,0,70,,856,43,,,0,30,,857,43,,,0,70,,858,43,,,0,30,,859,43,,,0,70,,860,43,,,0,45,,861,43,,,0,85,,862,43,,,0,70,,863,43,,,0,100,,864,43,,,0,100,,865,43,,,0,100,,866,43,,,0,100,,867,43,,,0
700,'Sunday-01',840,,878,43,,,0,70,,879,43,,,0,30,,880,43,,,0,70,,881,43,,,0,30,,882,43,,,0,70,,883,43,,,0,30,,884,43,,,0,70,,885,43,,,0,30,,886,43,,,0,70,,887,43,,,0,30,,877,43,,,0,70,,873,43,,,0,30,,868,43,,,0,70,,869,43,,,0,30,,870,43,,,0,70,,871,43,,,0,30,,872,43,,,0,70,,874,43,,,0,30,,875,43,,,0,70,,876,43,,,0
700,'Weekday-01',610,,888,43,,,0,30,,889,43,,,0,15,,890,43,0,7,0,55,,891,43,,,0,15,,892,43,,,0,15,,893,43,,,0,15,,894,43,,,0,55,,895,43,,,0,15,,896,43,,,0,15,,897,43,,,0,15,,898,43,,,0,55,,899,43,,,0,30,,900,43,,,0,70,,901,43,,,0,30,,902,43,,,0,70,,903,43,,,0,30,,904,43,,,0,70,,905,43,,,0,30,,906,43,,,0,70,,907,43,,,0,30,,908,43,,,0,70,,909,43,,,0,30,,910,43,,,0,65,,911,43,,,0,30,,912,43,,,0,70,,913,43,,,0,30,,914,43,,,0,70,,915,43,,,0,30,,916,43,,,0,75,,917,43,,,0,45,,918,43,,,0,85,,919,43,,,0,70,,920,43,,,0,100,,921,43,,,0,100,,922,43,,,0,100,,923,43,,,0,100,,924,43,,,0
900,'Saturday-01',627,,1144,42,,,0,30,,1145,42,,,0,70,,1146,42,,,0,30,,1147,42,,,0,70,,1148,42,,,0,30,,1149,42,,,0,70,,1150,42,,,0,30,,1151,42,,,0,70,,1152,42,,,0,30,,1153,42,,,0,70,,1154,42,,,0,30,,1155,42,,,0,70,,1156,42,,,0,30,,1157,42,,,0,70,,1158,42,,,0,30,,1159,42,,,0,70,,1160,42,,,0,30,,1161,42,,,0,70,,1162,42,,,0,30,,1163,42,,,0,70,,1164,42,,,0,30,,1165,42,,,0,85,,1166,42,,,0,70,,1167,42,,,0,30,,1168,42,,,0,85,,1169,42,,,0,30,,1171,42,,,0,85,,1172,42,,,0,100,,1173,42,,,0,100,,1174,42,,,0,100,,1170,42,,,0
900,'Sunday-01',757,,1194,42,,,0,70,,1196,42,,,0,30,,1184,42,,,0,70,,1183,42,,,0,30,,1185,42,,,0,70,,1178,42,,,0,30,,1186,42,,,0,70,,1179,42,,,0,30,,1187,42,,,0,70,,1180,42,,,0,30,,1188,42,,,0,70,,1181,42,,,0,30,,1189,42,,,0,70,,1182,42,,,0,30,,1190,42,,,0,70,,1175,42,,,0,30,,1191,42,,,0,70,,1176,42,,,0,30,,1192,42,,,0,70,,1177,42,,,0,30,,1193,42,,,0,70,,1195,42,,,0
900,'Weekday-01',557,,1197,42,,,0,70,,1198,42,,,0,25,,1199,42,,,0,70,,1200,42,,,0,30,,1201,42,,,0,70,,1202,42,,,0,30,,1203,42,,,0,75,,1204,42,,,0,30,,1205,42,,,0,70,,1206,42,,,0,30,,1207,42,,,0,70,,1208,42,,,0,30,,1209,42,,,0,70,,1210,42,,,0,30,,1211,42,,,0,70,,1212,42,,,0,30,,1213,42,,,0,70,,1214,42,,,0,30,,1215,42,,,0,55,,1216,42,,,0,15,,1217,42,,,0,15,,1218,42,,,0,15,,1219,42,,,0,70,,1220,42,,,0,15,,1221,42,,,0,15,,1222,42,,,0,55,,1223,42,,,0,29,,1224,42,,,0,70,,1225,42,,,0,30,,1226,42,,,0,85,,1227,42,,,0,31,,1228,42,,,0,85,,1229,42,,,0,100,,1230,42,,,0,100,,1231,42,,,0,100,,1232,42,,,0
1000,'Saturday-01',640,,1321,16,,,0,100,,1322,16,,,0,100,,1323,16,,,0,71,,1324,16,,,0,30,,1325,16,,,0,70,,1326,16,,,0,30,,1327,16,,,0,70,,1328,16,,,0,30,,1329,16,,,0,70,,1330,16,,,0,30,,1331,16,,,0,70,,1332,16,,,0,30,,1333,16,,,0,70,,1334,16,,,0,30,,1335,16,,,0,70,,1336,16,,,0,30,,1337,16,,,0,70,,1338,16,,,0,30,,1339,16,,,0,70,,1340,16,,,0,30,,1341,16,,,0,70,,1342,16,,,0,45,,1343,16,,,0,85,,1344,16,,,0,85,,1345,16,,,0,86,,1346,16,,,0,98,,1347,16,,,0
1000,'Sunday-01',825,,1348,16,,,0,100,,1349,16,,,0,100,,1350,16,,,0,100,,1351,16,,,0,100,,1352,16,,,0,100,,1353,16,,,0,100,,1354,16,,,0,100,,1355,16,,,0,100,,1356,16,,,0,100,,1357,16,,,0,100,,1358,16,,,0
1000,'Weekday-01',611,,1377,16,,,0,30,,1378,16,,,0,70,,1379,16,,,0,30,,1380,16,,,0,70,,1381,16,,,0,30,,1359,16,,,0,70,,1360,16,,,0,30,,1361,16,,,0,70,,1362,16,,,0,30,,1363,16,,,0,70,,1364,16,,,0,30,,1365,16,,,0,70,,1366,16,,,0,30,,1367,16,,,0,70,,1368,16,,,0,30,,1369,16,,,0,70,,1370,16,,,0,30,,1382,16,,,0,70,,1383,16,,,0,30,,1384,16,,,0,70,,1385,16,,,0,30,,1386,16,,,0,70,,1387,16,,,0,30,,1388,16,,,0,70,,1371,16,,,0,45,,1372,16,,,0,85,,1373,16,,,0,85,,1374,16,,,0,86,,1375,16,,,0,98,,1376,16,,,0
1500,'Saturday-01',848,,1604,20,,,0,85,,1605,20,,,0,85,,1606,20,,,0,85,,1607,20,,,0,45,,1608,20,,,0,85,,1609,20,,,0,85,,1610,20,,,0,85,,1611,20,,,0,45,,1612,20,,,0,85,,1613,20,,,0,85,,1614,20,,,0,85,,1615,20,,,0,45,,1617,20,,,0
1500,'Weekday-01',848,,1629,20,,,0,85,,1618,20,,,0,85,,1619,20,,,0,85,,1620,20,,,0,45,,1621,20,,,0,85,,1622,20,,,0,85,,1623,20,,,0,85,,1624,20,,,0,45,,1625,20,,,0,85,,1626,20,,,0,85,,1627,20,,,0,85,,1628,20,,,0,45,,1630,20,,,0
2401,'Weekday-01',614,,1964,16,,,0,20,,1965,16,,,0,20,,1966,16,,,0,60,,1967,16,,,0,20,,1968,16,,,0,20,,1969,16,,,0,60,,1970,16,,,0,20,,1971,16,,,0,20,,1972,16,,,0,60,,1973,16,,,0,720,,1974,16,,,0,80,,1975,16,,,0,40,,1976,16,,,0,80,,1977,16,,,0,80,,1978,16,,,0,40,,1979,16,,,0,80,,1980,16,,,0,80,,1981,16,,,0,20,,1982,16,,,0,20,,1983,16,,,0,60,,1984,16,,,0,20,,1985,16,,,0,20,,1986,16,,,0,60,,1987,16,,,0,20,,1988,16,,,0,20,,1963,16,,,0,60,,1989,16,,,0
4001,'Saturday-01',619,,2128,34,,,0,100,,2129,34,,,0,30,,2130,34,,,0,70,,2131,34,,,0,30,,2132,34,,,0,70,,2133,34,,,0,30,,2134,34,,,0,70,,2135,34,,,0,30,,2136,34,,,0,70,,2137,34,,,0,30,,2138,34,,,0,70,,2139,34,,,0,30,,2140,34,,,0,70,,2141,34,,,0,30,,2142,34,,,0,70,,2143,34,,,0,30,,2144,34,,,0,70,,2145,34,,,0,30,,2146,34,,,0,70,,2147,34,,,0,30,,2148,34,,,0,70,,2149,34,,,0,30,,2150,34,,,0,70,,2151,34,,,0,30,,2152,34,,,0,70,,2153,34,,,0,30,,2154,34,,,0,70,,2155,34,,,0,30,,2156,34,,,0,70,,2157,34,,,0,30,,2158,34,,,0,70,,2159,34,,,0,30,,2160,34,,,0,70,,2161,34,,,0,100,,2162,34,,,0
4001,'Sunday-01',819,,2164,34,,,0,30,,2165,34,,,0,70,,2166,34,,,0,30,,2167,34,,,0,70,,2168,34,,,0,30,,2169,34,,,0,70,,2170,34,,,0,30,,2171,34,,,0,70,,2172,34,,,0,30,,2173,34,,,0,70,,2174,34,,,0,30,,2175,34,,,0,70,,2176,34,,,0,30,,2177,34,,,0,70,,2178,34,,,0,30,,2179,34,,,0,70,,2180,34,,,0,30,,2181,34,,,0,70,,2182,34,,,0,30,,2183,34,,,0,70,,2184,34,,,0
4001,'Weekday-01',619,,2220,34,,,0,30,,2185,34,,,0,70,,2186,34,,,0,30,,2187,34,,,0,70,,2188,34,,,0,30,,2189,34,,,0,70,,2190,34,,,0,30,,2191,34,,,0,70,,2192,34,,,0,30,,2193,34,,,0,70,,2194,34,,,0,30,,2195,34,,,0,70,,2196,34,,,0,30,,2197,34,,,0,70,,2198,34,,,0,30,,2199,34,,,0,70,,2200,34,,,0,30,,2201,34,,,0,70,,2202,34,,,0,30,,2203,34,,,0,70,,2204,34,,,0,30,,2205,34,,,0,70,,2206,34,,,0,30,,2207,34,,,0,70,,2208,34,,,0,30,,2209,34,,,0,70,,2210,34,,,0,30,,2211,34,,,0,70,,2212,34,,,0,30,,2213,34,,,0,70,,2214,34,,,0,30,,2215,34,,,0,70,,2216,34,,,0,30,,2217,34,,,0,70,,2218,34,,,0,100,,2219,34,,,0
