700,'Saturday-01',603,,3382,1,,,0,100,,3383,1,,,0,30,,3384,1,,,0,70,,3385,1,,,0,30,,3386,1,,,0,70,,3387,1,,,0,30,,3388,1,,,0,70,,3389,1,,,0,30,,3390,1,,,0,70,,3391,1,,,0,30,,3392,1,,,0,70,,3393,1,,,0,30,,3394,1,,,0,70,,3395,1,,,0,30,,3396,1,,,0,70,,3397,1,,,0,30,,3398,1,,,0,70,,3399,1,,,0,30,,3400,1,,,0,70,,3401,1,,,0,30,,3402,1,,,0,70,,3403,1,,,0,30,,3404,1,,,0,85,,3405,1,,,0,85,,3406,1,,,0,30,,3407,1,,,0,107,,3408,1,,,0,100,,3409,1,,,0,100,,3410,1,,,0,100,,3411,1,,,0
700,'Sunday-01',805,,3422,1,,,0,30,,3423,1,,,0,70,,3424,1,,,0,30,,3425,1,,,0,70,,3426,1,,,0,30,,3427,1,,,0,70,,3428,1,,,0,30,,3429,1,,,0,70,,3430,1,,,0,30,,3431,1,,,0,70,,3421,1,,,0,30,,3417,1,,,0,70,,3412,1,,,0,30,,3413,1,,,0,70,,3414,1,,,0,30,,3415,1,,,0,70,,3416,1,,,0,30,,3418,1,,,0,70,,3419,1,,,0,30,,3420,1,,,0
700,'Weekday-01',535,,3432,1,,,0,70,,3433,1,,,0,15,,3434,1,0,7,0,15,,3435,1,,,0,15,,3436,1,,,0,55,,3437,1,,,0,15,,3438,1,,,0,15,,3439,1,,,0,15,,3440,1,,,0,55,,3441,1,,,0,15,,3442,1,,,0,15,,3443,1,,,0,70,,3444,1,,,0,30,,3445,1,,,0,70,,3446,1,,,0,30,,3447,1,,,0,70,,3448,1,,,0,30,,3449,1,,,0,70,,3450,1,,,0,30,,3451,1,,,0,70,,3452,1,,,0,30,,3453,1,,,0,70,,3454,1,,,0,25,,3455,1,,,0,70,,3456,1,,,0,30,,3457,1,,,0,70,,3458,1,,,0,30,,3459,1,,,0,70,,3460,1,,,0,33,,3461,1,,,0,85,,3462,1,,,0,85,,3463,1,,,0,30,,3464,1,,,0,107,,3465,1,,,0,100,,3466,1,,,0,100,,3467,1,,,0,100,,3468,1,,,0
701,'Saturday-01',658,,3469,91,4,,0,100,,3470,91,4,,0,70,,3471,91,4,,0,30,,3472,91,4,,0,70,,3473,91,4,,0,30,,3474,91,4,,0,70,,3475,91,4,,0,30,,3476,91,4,,0,70,,3477,91,4,,0,30,,3478,91,4,,0,70,,3479,91,4,,0,30,,3480,91,4,,0,70,,3481,91,4,,0,30,,3482,91,4,,0,70,,3483,91,4,,0,30,,3484,91,4,,0,70,,3485,91,4,,0,30,,3486,91,4,,0,70,,3487,91,4,,0,30,,3488,91,4,,0,70,,3489,91,4,,0,30,,3490,91,4,,0,70,,3491,91,4,,0,30,,3492,91,4,,0,70,,3493,91,4,,0,102,,3496,91,4,,0,78,,3497,91,4,,0,27,,3498,91,4,,0,100,,3499,91,4,,0,100,,3500,91,4,,0,100,,3495,91,4,,0
701,'Sunday-01',900,,3501,91,4,,0,30,,3502,91,4,,0,70,,3503,91,4,,0,30,,3504,91,4,,0,70,,3505,91,4,,0,30,,3506,91,4,,0,70,,3507,91,4,,0,30,,3508,91,4,,0,70,,3509,91,4,,0,30,,3510,91,4,,0,70,,3511,91,4,,0,30,,3512,91,4,,0,70,,3513,91,4,,0,30,,3514,91,4,,0,70,,3515,91,4,,0,30,,3516,91,4,,0,70,,3517,91,4,,0,30,,3518,91,4,,0,70,,3519,91,4,,0,30,,3520,91,4,,0,70,,3521,91,4,,0
701,'Weekday-01',630,,3522,91,4,,0,70,,3523,91,4,,0,30,,3524,91,4,,0,20,,3525,91,4,,0,50,,3526,91,4,,0,15,,3527,91,4,,0,15,,3528,91,4,,0,15,,3529,91,4,,0,55,,3530,91,4,,0,30,,3531,91,4,,0,70,,3532,91,4,,0,30,,3533,91,4,,0,70,,3534,91,4,,0,30,,3535,91,4,,0,70,,3536,91,4,,0,30,,3537,91,4,,0,70,,3538,91,4,,0,30,,3539,91,4,,0,70,,3540,91,4,,0,25,,3541,91,4,,0,30,,3542,91,4,,0,70,,3543,91,4,,0,30,,3544,91,4,,0,70,,3545,91,4,,0,30,,3546,91,4,,0,70,,3547,91,4,,0,75,,3548,91,4,,0,30,,3549,91,4,,0,28,,3550,91,4,,0,70,,3551,91,4,,0,102,,3552,91,4,,0,78,,3553,91,4,,0,27,,3554,91,4,,0,100,,3555,91,4,,0,100,,3556,91,4,,0,100,,3557,91,4,,0
800,'Saturday-01',715,,3559,103,4,,0,100,,3560,103,4,,0,100,,3561,103,4,,0,30,,3564,103,4,,0,70,,3565,103,4,,0,30,,3566,103,4,,0,70,,3567,103,4,,0,30,,3568,103,4,,0,70,,3569,103,4,,0,30,,3570,103,4,,0,70,,3571,103,4,,0,30,,3572,103,4,,0,70,,3573,103,4,,0,30,,3574,103,4,,0,70,,3563,103,4,,0,30,,3562,103,4,,0,70,,3581,103,4,,0,30,,3580,103,4,,0,70,,3579,103,4,,0,30,,3578,103,4,,0,70,,3577,103,4,,0,30,,3575,103,4,,0,100,,3576,103,4,,0,100,,3582,103,4,,0,100,,3583,103,4,,0
800,'Sunday-01',900,,3584,103,4,,0,100,,3585,103,4,,0,100,,3586,103,4,,0,100,,3587,103,4,,0,100,,3588,103,4,,0,100,,3589,103,4,,0,100,,3590,103,4,,0,100,,3591,103,4,,0,100,,3592,103,4,,0,100,,3593,103,4,,0,55,,3594,103,4,,0
800,'Weekday-01',616,,3619,103,4,,0,35,,3620,103,4,,0,75,,3618,103,4,,0,75,,3617,103,4,,0,35,,3595,103,4,,0,75,,3596,103,4,,0,35,,3597,103,4,,0,75,,3598,103,4,,0,35,,3599,103,4,,0,75,,3600,103,4,,0,75,,3601,103,4,,0,35,,3602,103,4,,0,75,,3603,103,4,,0,35,,3604,103,4,,0,75,,3605,103,4,,0,75,,3606,103,4,,0,35,,3607,103,4,,0,75,,3608,103,4,,0,35,,3609,103,4,,0,75,,3610,103,4,,0,35,,3611,103,4,,0,75,,3612,103,4,,0,75,,3613,103,4,,0,110,,3614,103,4,,0,110,,3615,103,4,,0,110,,3616,103,4,,0
801,'Saturday-01',617,,3623,1,,,0,100,,3624,1,,,0,100,,3625,1,,,0,100,,3626,1,,,0,30,,3627,1,,,0,70,,3628,1,,,0,30,,3629,1,,,0,70,,3630,1,,,0,30,,3631,1,,,0,70,,3632,1,,,0,30,,3633,1,,,0,70,,3634,1,,,0,30,,3635,1,,,0,70,,3636,1,,,0,30,,3637,1,,,0,70,,3638,1,,,0,30,,3639,1,,,0,70,,3640,1,,,0,30,,3641,1,,,0,70,,3642,1,,,0,28,,3622,1,,,0,100,,3621,1,,,0,100,,3644,1,,,0,100,,3643,1,,,0
801,'Sunday-01',800,,3646,1,,,0,100,,3647,1,,,0,100,,3648,1,,,0,100,,3649,1,,,0,100,,3650,1,,,0,100,,3651,1,,,0,100,,3652,1,,,0,100,,3653,1,,,0,100,,3654,1,,,0,100,,3655,1,,,0,100,,3656,1,,,0
801,'Weekday-01',514,,3657,1,,,0,35,,3658,1,,,0,75,,3659,1,,,0,35,,3660,1,,,0,75,,3661,1,,,0,75,,3662,1,,,0,35,,3663,1,,,0,75,,3664,1,,,0,35,,3665,1,,,0,75,,3666,1,,,0,75,,3667,1,,,0,35,,3668,1,,,0,75,,3669,1,,,0,35,,3670,1,,,0,75,,3671,1,,,0,35,,3672,1,,,0,75,,3673,1,,,0,75,,3674,1,,,0,35,,3675,1,,,0,75,,3676,1,,,0,35,,3677,1,,,0,150,,3678,1,,,0,110,,3679,1,,,0,110,,3680,1,,,0
900,'Saturday-01',557,,3681,1,,,0,70,,3682,1,,,0,30,,3683,1,,,0,70,,3684,1,,,0,30,,3685,1,,,0,70,,3686,1,,,0,30,,3687,1,,,0,70,,3688,1,,,0,30,,3689,1,,,0,70,,3690,1,,,0,30,,3691,1,,,0,70,,3692,1,,,0,30,,3693,1,,,0,70,,3694,1,,,0,30,,3695,1,,,0,70,,3696,1,,,0,30,,3697,1,,,0,70,,3698,1,,,0,30,,3699,1,,,0,70,,3700,1,,,0,30,,3701,1,,,0,70,,3702,1,,,0,90,,3703,1,,,0,30,,3704,1,,,0,70,,3705,1,,,0,85,,3706,1,,,0,30,,3708,1,,,0,85,,3709,1,,,0,100,,3710,1,,,0,100,,3711,1,,,0,100,,3707,1,,,0
900,'Sunday-01',727,,3731,1,,,0,30,,3733,1,,,0,70,,3721,1,,,0,30,,3720,1,,,0,70,,3722,1,,,0,30,,3715,1,,,0,70,,3723,1,,,0,30,,3716,1,,,0,70,,3724,1,,,0,30,,3717,1,,,0,70,,3725,1,,,0,30,,3718,1,,,0,70,,3726,1,,,0,30,,3719,1,,,0,70,,3727,1,,,0,30,,3712,1,,,0,70,,3728,1,,,0,30,,3713,1,,,0,70,,3729,1,,,0,30,,3714,1,,,0,70,,3730,1,,,0,30,,3732,1,,,0
900,'Weekday-01',527,,3734,1,,,0,30,,3735,1,,,0,65,,3736,1,,,0,30,,3737,1,,,0,70,,3738,1,,,0,30,,3739,1,,,0,70,,3740,1,,,0,35,,3741,1,,,0,70,,3742,1,,,0,30,,3743,1,,,0,70,,3744,1,,,0,30,,3745,1,,,0,70,,3746,1,,,0,30,,3747,1,,,0,70,,3748,1,,,0,30,,3749,1,,,0,70,,3750,1,,,0,30,,3751,1,,,0,70,,3752,1,,,0,15,,3753,1,,,0,15,,3754,1,,,0,55,,3755,1,,,0,15,,3756,1,,,0,30,,3757,1,,,0,55,,3758,1,,,0,15,,3759,1,,,0,15,,3760,1,,,0,70,,3761,1,,,0,30,,3762,1,,,0,70,,3763,1,,,0,45,,3764,1,,,0,75,,3765,1,,,0,85,,3766,1,,,0,100,,3767,1,,,0,100,,3768,1,,,0,100,,3769,1,,,0
901,'Saturday-01',722,,3770,88,4,,0,30,,3771,88,4,,0,70,,3772,88,4,,0,30,,3773,88,4,,0,70,,3774,88,4,,0,30,,3775,88,4,,0,70,,3776,88,4,,0,30,,3777,88,4,,0,70,,3778,88,4,,0,30,,3779,88,4,,0,70,,3780,88,4,,0,30,,3781,88,4,,0,70,,3782,88,4,,0,30,,3783,88,4,,0,70,,3784,88,4,,0,30,,3785,88,4,,0,70,,3786,88,4,,0,30,,3787,88,4,,0,70,,3788,88,4,,0,30,,3789,88,4,,0,70,,3790,88,4,,0,30,,3791,88,4,,0,70,,3792,88,4,,0,30,,3793,88,4,,0,75,,3794,88,4,,0,85,,3795,88,4,,0,90,,3796,88,4,,0,30,,3797,88,4,,0,80,,3798,88,4,,0,100,,3799,88,4,,0,100,,3800,88,4,,0
901,'Sunday-01',852,,3819,88,4,,0,70,,3809,88,4,,0,30,,3820,88,4,,0,70,,3810,88,4,,0,30,,3821,88,4,,0,70,,3811,88,4,,0,30,,3801,88,4,,0,70,,3812,88,4,,0,30,,3802,88,4,,0,70,,3813,88,4,,0,30,,3803,88,4,,0,70,,3814,88,4,,0,30,,3804,88,4,,0,70,,3815,88,4,,0,30,,3805,88,4,,0,70,,3816,88,4,,0,30,,3806,88,4,,0,70,,3817,88,4,,0,30,,3807,88,4,,0,70,,3818,88,4,,0,30,,3808,88,4,,0
901,'Weekday-01',647,,3822,88,4,,0,70,,3823,88,4,,0,30,,3824,88,4,,0,70,,3825,88,4,,0,30,,3826,88,4,,0,75,,3827,88,4,,0,30,,3828,88,4,,0,70,,3829,88,4,,0,30,,3830,88,4,,0,70,,3831,88,4,,0,30,,3832,88,4,,0,70,,3833,88,4,,0,30,,3834,88,4,,0,70,,3835,88,4,,0,30,,3836,88,4,,0,70,,3837,88,4,,0,30,,3838,88,4,,0,70,,3839,88,4,,0,30,,3840,88,4,,0,55,,3841,88,4,,0,15,,3842,88,4,,0,15,,3843,88,4,,0,15,,3844,88,4,,0,55,,3845,88,4,,0,15,,3846,88,4,,0,15,,3847,88,4,,0,20,,3848,88,4,,0,70,,3849,88,4,,0,25,,3850,88,4,,0,75,,3851,88,4,,0,85,,3852,88,4,,0,45,,3853,88,4,,0,70,,3854,88,4,,0,85,,3855,88,4,,0,100,,3856,88,4,,0,100,,3857,88,4,,0
