701,'Saturday-01',630,,925,55,,,0,100,,926,55,,,0,70,,927,55,,,0,30,,928,55,,,0,70,,929,55,,,0,30,,930,55,,,0,70,,931,55,,,0,30,,932,55,,,0,70,,933,55,,,0,30,,934,55,,,0,70,,935,55,,,0,30,,936,55,,,0,70,,937,55,,,0,30,,938,55,,,0,70,,939,55,,,0,30,,940,55,,,0,70,,941,55,,,0,30,,942,55,,,0,70,,943,55,,,0,30,,944,55,,,0,70,,945,55,,,0,30,,946,55,,,0,70,,947,55,,,0,30,,948,55,,,0,70,,949,55,,,0,100,,952,55,,,0,45,,953,55,,,0,70,,954,55,,,0,100,,955,55,,,0,100,,956,55,,,0,100,,951,55,,,0
701,'Sunday-01',830,,957,55,,,0,70,,958,55,,,0,30,,959,55,,,0,70,,960,55,,,0,30,,961,55,,,0,70,,962,55,,,0,30,,963,55,,,0,70,,964,55,,,0,30,,965,55,,,0,70,,966,55,,,0,30,,967,55,,,0,70,,968,55,,,0,30,,969,55,,,0,70,,970,55,,,0,30,,971,55,,,0,70,,972,55,,,0,30,,973,55,,,0,70,,974,55,,,0,30,,975,55,,,0,70,,976,55,,,0,30,,977,55,,,0
701,'Weekday-01',600,,978,55,,,0,30,,979,55,,,0,70,,980,55,,,0,20,,981,55,,,0,10,,982,55,,,0,15,,983,55,,,0,55,,984,55,,,0,15,,985,55,,,0,15,,986,55,,,0,70,,987,55,,,0,30,,988,55,,,0,70,,989,55,,,0,30,,990,55,,,0,70,,991,55,,,0,30,,992,55,,,0,70,,993,55,,,0,30,,994,55,,,0,70,,995,55,,,0,30,,996,55,,,0,70,,997,55,,,0,30,,998,55,,,0,70,,999,55,,,0,30,,1000,55,,,0,70,,1001,55,,,0,25,,1002,55,,,0,30,,1003,55,,,0,75,,1004,55,,,0,70,,1005,55,,,0,30,,1006,55,,,0,70,,1007,55,,,0,100,,1008,55,,,0,45,,1009,55,,,0,70,,1010,55,,,0,100,,1011,55,,,0,100,,1012,55,,,0,100,,1013,55,,,0
901,'Saturday-01',645,,1233,34,,,0,70,,1234,34,,,0,30,,1235,34,,,0,70,,1236,34,,,0,30,,1237,34,,,0,70,,1238,34,,,0,30,,1239,34,,,0,70,,1240,34,,,0,30,,1241,34,,,0,70,,1242,34,,,0,30,,1243,34,,,0,70,,1244,34,,,0,30,,1245,34,,,0,70,,1246,34,,,0,30,,1247,34,,,0,70,,1248,34,,,0,30,,1249,34,,,0,70,,1250,34,,,0,30,,1251,34,,,0,70,,1252,34,,,0,30,,1253,34,,,0,70,,1254,34,,,0,30,,1255,34,,,0,70,,1256,34,,,0,85,,1257,34,,,0,45,,1258,34,,,0,85,,1259,34,,,0,70,,1260,34,,,0,45,,1261,34,,,0,100,,1262,34,,,0,100,,1263,34,,,0
901,'Sunday-01',815,,1282,34,,,0,30,,1272,34,,,0,70,,1283,34,,,0,30,,1273,34,,,0,70,,1284,34,,,0,30,,1274,34,,,0,70,,1264,34,,,0,30,,1275,34,,,0,70,,1265,34,,,0,30,,1276,34,,,0,70,,1266,34,,,0,30,,1277,34,,,0,70,,1267,34,,,0,30,,1278,34,,,0,70,,1268,34,,,0,30,,1279,34,,,0,70,,1269,34,,,0,30,,1280,34,,,0,70,,1270,34,,,0,30,,1281,34,,,0,70,,1271,34,,,0
901,'Weekday-01',610,,1285,34,,,0,30,,1286,34,,,0,70,,1287,34,,,0,30,,1288,34,,,0,70,,1289,34,,,0,35,,1290,34,,,0,70,,1291,34,,,0,30,,1292,34,,,0,70,,1293,34,,,0,30,,1294,34,,,0,70,,1295,34,,,0,30,,1296,34,,,0,70,,1297,34,,,0,30,,1298,34,,,0,70,,1299,34,,,0,30,,1300,34,,,0,70,,1301,34,,,0,30,,1302,34,,,0,70,,1303,34,,,0,15,,1304,34,,,0,15,,1305,34,,,0,55,,1306,34,,,0,15,,1307,34,,,0,15,,1308,34,,,0,15,,1309,34,,,0,55,,1310,34,,,0,15,,1311,34,,,0,30,,1312,34,,,0,70,,1313,34,,,0,85,,1314,34,,,0,45,,1315,34,,,0,85,,1316,34,,,0,70,,1317,34,,,0,45,,1318,34,,,0,100,,1319,34,,,0,100,,1320,34,,,0
6000,'Saturday-01',655,,2382,1,,,0,80,,2383,1,,,0,80,,2384,1,,,0,40,,2385,1,,,0,80,,2386,1,,,0,80,,2387,1,,,0,40,,2388,1,,,0,80,,2389,1,,,0,80,,2390,1,,,0,40,,2391,1,,,0,80,,2392,1,,,0,80,,2393,1,,,0,40,,2394,1,,,0,80,,2395,1,,,0,80,,2396,1,,,0,40,,2397,1,,,0,80,,2398,1,,,0,80,,2399,1,,,0,40,,2400,1,,,0,80,,2401,1,,,0,80,,2402,1,,,0,40,,2403,1,,,0,80,,2404,1,,,0,80,,2405,1,,,0,40,,2406,1,,,0,80,,2407,1,,,0,80,,2408,1,,,0
6000,'Sunday-01',830,,2409,1,,,0,80,,2412,1,,,0,40,,2413,1,,,0,80,,2414,1,,,0,80,,2415,1,,,0,40,,2416,1,,,0,80,,2417,1,,,0,80,,2418,1,,,0,40,,2419,1,,,0,80,,2420,1,,,0,80,,2421,1,,,0,40,,2422,1,,,0,80,,2423,1,,,0,80,,2424,1,,,0,40,,2410,1,,,0,80,,2411,1,,,0
6000,'Weekday-01',630,,2458,1,,,0,25,,2425,1,,,0,65,,2426,1,,,0,25,,2427,1,,,0,65,,2428,1,,,0,35,,2429,1,,,0,80,,2430,1,,,0,75,,2431,1,,,0,40,,2432,1,,,0,80,,2433,1,,,0,80,,2434,1,,,0,40,,2435,1,,,0,80,,2436,1,,,0,80,,2437,1,,,0,25,,2438,1,,,0,25,,2439,1,,,0,65,,2440,1,,,0,25,,2441,1,,,0,65,,2442,1,,,0,25,,2443,1,,,0,25,,2444,1,,,0,65,,2445,1,,,0,25,,2446,1,,,0,65,,2447,1,,,0,25,,2448,1,,,0,65,,2449,1,,,0,25,,2450,1,,,0,25,,2451,1,,,0,75,,2452,1,,,0,80,,2453,1,,,0,40,,2454,1,,,0,80,,2455,1,,,0,80,,2456,1,,,0,40,,2457,1,,,0,70,,2459,1,,,0
6001,'Saturday-01',655,,2460,33,4,,0,80,,2463,33,4,,0,80,,2476,33,4,,0,40,,2475,33,4,,0,80,,2474,33,4,,0,80,,2477,33,4,,0,40,,2484,33,4,,0,80,,2482,33,4,,0,80,,2480,33,4,,0,40,,2471,33,4,,0,80,,2473,33,4,,0,80,,2470,33,4,,0,40,,2487,33,4,,0,80,,2488,33,4,,0,80,,2486,33,4,,0,40,,2483,33,4,,0,80,,2481,33,4,,0,80,,2472,33,4,,0,40,,2469,33,4,,0,80,,2485,33,4,,0,80,,2478,33,4,,0,40,,2479,33,4,,0,80,,2467,33,4,,0,80,,2468,33,4,,0,40,,2466,33,4,,0,80,,2465,33,4,,0,80,,2464,33,4,,0
6001,'Sunday-01',830,,2489,33,4,,0,80,,2493,33,4,,0,40,,2496,33,4,,0,80,,2494,33,4,,0,80,,2495,33,4,,0,40,,2497,33,4,,0,80,,2498,33,4,,0,80,,2499,33,4,,0,40,,2500,33,4,,0,80,,2502,33,4,,0,80,,2503,33,4,,0,40,,2501,33,4,,0,80,,2504,33,4,,0,80,,2505,33,4,,0,40,,2492,33,4,,0,80,,2491,33,4,,0
6001,'Weekday-01',630,,2543,33,4,,0,25,,2507,33,4,,0,65,,2508,33,4,,0,25,,2509,33,4,,0,65,,2510,33,4,,0,35,,2511,33,4,,0,55,,2512,33,4,,0,25,,2513,33,4,,0,75,,2514,33,4,,0,40,,2515,33,4,,0,80,,2516,33,4,,0,80,,2517,33,4,,0,40,,2518,33,4,,0,80,,2519,33,4,,0,80,,2520,33,4,,0,50,,2521,33,4,,0,65,,2522,33,4,,0,25,,2523,33,4,,0,65,,2524,33,4,,0,25,,2525,33,4,,0,25,,2526,33,4,,0,65,,2527,33,4,,0,25,,2528,33,4,,0,65,,2529,33,4,,0,25,,2530,33,4,,0,65,,2531,33,4,,0,25,,2532,33,4,,0,25,,2533,33,4,,0,75,,2534,33,4,,0,15,,2535,33,4,,0,65,,2536,33,4,,0,40,,2537,33,4,,0,80,,2538,33,4,,0,80,,2539,33,4,,0,40,,2540,33,4,,0,70,,2541,33,4,,0
