300,'Saturday-01',657,,2944,52,,,0,70,,2927,52,,,0,30,,2928,52,,,0,70,,2929,52,,,0,30,,2930,52,,,0,70,,2931,52,,,0,30,,2932,52,,,0,70,,2933,52,,,0,30,,2934,52,,,0,70,,2945,52,,,0,30,,2935,52,,,0,70,,2946,52,,,0,30,,2947,52,,,0,70,,2948,52,,,0,30,,2949,52,,,0,70,,2936,52,,,0,30,,2937,52,,,0,70,,2950,52,,,0,30,,2938,52,,,0,70,,2939,52,,,0,30,,2940,52,,,0,70,,2941,52,,,0,30,,2951,52,,,0,73,,2952,52,,,0,70,,2942,52,,,0,30,,2953,52,,,0,70,,2943,52,,,0,30,,2954,52,,,0,25,,2958,52,4,,0,75,,2955,52,,,0,100,,2956,52,,,0,100,,2957,52,,,0,95,,2959,52,4,,0
300,'Sunday-01',840,,2960,52,,,0,70,,2961,52,,,0,30,,2962,52,,,0,70,,2963,52,,,0,30,,2964,52,,,0,70,,2965,52,,,0,30,,2966,52,,,0,70,,2967,52,,,0,30,,2968,52,,,0,70,,2969,52,,,0,30,,2970,52,,,0,70,,2971,52,,,0,30,,2972,52,,,0,70,,2973,52,,,0,30,,2974,52,,,0,70,,2975,52,,,0,30,,2976,52,,,0,70,,2977,52,,,0,30,,2978,52,,,0,70,,2979,52,,,0,30,,2980,52,,,0
300,'Weekday-01',626,,2981,52,,,0,30,,2982,52,,,0,55,,2983,52,,,0,15,,2984,52,,,0,15,,2985,52,,,0,15,,2986,52,,,0,55,,2987,52,,,0,15,,2988,52,,,0,15,,2989,52,,,0,15,,2990,52,,,0,70,,2991,52,,,0,30,,2992,52,,,0,70,,2993,52,,,0,30,,2994,52,,,0,70,,2995,52,,,0,30,,2996,52,,,0,70,,2997,52,,,0,30,,2998,52,,,0,70,,2999,52,,,0,30,,3000,52,,,0,70,,3001,52,,,0,30,,3002,52,,,0,70,,3003,52,,,0,30,,3004,52,,,0,55,,3005,52,,,0,15,,3006,52,,,0,15,,3007,52,,,0,15,,3008,52,,,0,55,,3009,52,,,0,19,,3010,52,,,0,70,,3011,52,,,0,30,,3012,52,,,0,70,,3013,52,,,0,30,,3014,52,,,0,70,,3015,52,,,0,30,,3016,52,,,0,70,,3021,52,,,0,28,,3020,52,,,0,102,,3017,52,,,0,100,,3018,52,,,0,95,,3019,52,4,,0
400,'Saturday-01',659,,3149,67,,,0,70,,3117,67,,,0,30,,3148,67,,,0,70,,3147,67,,,0,30,,3118,67,,,0,70,,3146,67,,,0,30,,3119,67,,,0,70,,3145,67,,,0,30,,3144,67,,,0,70,,3120,67,,,0,30,,3143,67,,,0,70,,3121,67,,,0,30,,3122,67,,,0,70,,3142,67,,,0,30,,3141,67,,,0,70,,3123,67,,,0,30,,3140,67,,,0,70,,3139,67,,,0,30,,3124,67,,,0,70,,3125,67,,,0,30,,3126,67,,,0,70,,3138,67,,,0,30,,3137,67,,,0,70,,3136,67,,,0,30,,3127,67,,,0,70,,3128,67,,,0,30,,3135,67,,,0,73,,3134,67,,,0,70,,3133,67,,,0,30,,3129,67,,,0,100,,3132,67,,,0,100,,3131,67,,,0,100,,3130,67,,,0
400,'Sunday-01',847,,3150,67,,,0,70,,3161,67,,,0,30,,3151,67,,,0,70,,3162,67,,,0,30,,3152,67,,,0,70,,3163,67,,,0,30,,3153,67,,,0,70,,3164,67,,,0,30,,3154,67,,,0,70,,3165,67,,,0,30,,3155,67,,,0,70,,3166,67,,,0,30,,3156,67,,,0,70,,3167,67,,,0,30,,3157,67,,,0,70,,3168,67,,,0,30,,3158,67,,,0,70,,3169,67,,,0,30,,3159,67,,,0,70,,3170,67,,,0,30,,3160,67,,,0
400,'Weekday-01',636,,3171,67,,,0,70,,3172,67,,,0,30,,3173,67,,,0,70,,3174,67,,,0,30,,3175,67,,,0,70,,3176,67,,,0,30,,3177,67,,,0,70,,3178,67,,,0,30,,3179,67,,,0,70,,3180,67,,,0,30,,3181,67,,,0,70,,3182,67,,,0,30,,3183,67,,,0,70,,3184,67,,,0,30,,3185,67,,,0,70,,3186,67,,,0,30,,3187,67,,,0,70,,3188,67,,,0,30,,3189,67,,,0,70,,3190,67,,,0,30,,3191,67,,,0,70,,3192,67,,,0,30,,3193,67,,,0,70,,3194,67,,,0,31,,3195,67,,,0,65,,3196,67,,,0,30,,3197,67,,,0,70,,3198,67,,,0,30,,3199,67,,,0,70,,3200,67,,,0,30,,3201,67,,,0,100,,3202,67,,,0,100,,3203,67,,,0,100,,3204,67,,,0
2100,'Weekday-01',742,,4345,29,4,,0,70,,4346,29,4,,0,30,,4347,29,4,,0,70,,4348,29,4,,0,30,,4349,29,4,,0,70,,4350,29,4,,0,30,,4361,29,4,,0,100,,4362,29,4,,0,100,,4363,29,4,,0,100,,4364,29,4,,0,100,,4365,29,4,,0,70,,4351,29,4,,0,30,,4352,29,4,,0,70,,4353,29,4,,0,30,,4354,29,4,,0,70,,4355,29,4,,0,30,,4356,29,4,,0,70,,4357,29,4,,0,30,,4358,29,4,,0
2101,'Weekday-01',747,,4367,1,,,0,70,,4368,1,,,0,30,,4369,1,,,0,70,,4370,1,,,0,30,,4381,1,,,0,100,,4382,1,,,0,100,,4383,1,,,0,100,,4384,1,,,0,100,,4385,1,,,0,70,,4371,1,,,0,30,,4372,1,,,0,70,,4373,1,,,0,30,,4374,1,,,0,70,,4375,1,,,0,30,,4376,1,,,0,70,,4377,1,,,0,30,,4378,1,,,0,70,,4379,1,,,0,30,,4366,1,,,0,353,,4380,1,,,0
2201,'Weekday-01',738,,4412,15,,,0,70,,4413,15,,,0,30,,4423,15,,,0,70,,4425,15,,,0,30,,4426,15,,,0,70,,4429,15,,,0,30,,4430,15,,,0,100,,4431,15,,,0,100,,4432,15,,,0,100,,4433,15,,,0,70,,4427,15,,,0,30,,4428,15,,,0,70,,4424,15,,,0,36,,4414,15,,,0,60,,4415,15,,,0,35,,4416,15,,,0,70,,4417,15,,,0,30,,4418,15,,,0,70,,4419,15,,,0,35,,4420,15,,,0,70,,4422,15,,,0,30,,4434,15,,,0,70,,4435,15,,,0,30,,4436,15,,,0,169,,4421,15,,,0
3000,'Weekday-01',706,,4499,14,,,0,30,,4493,14,,,0,70,,4500,14,,,0,30,,4501,14,,,0,70,,4502,14,,,0,30,,4503,14,,,0,70,,4494,14,,,0,30,,4495,14,,,0,70,,4504,14,,,0,34,,4505,14,,,0,70,,4506,14,,,0,30,,4507,14,,,0,72,,4508,14,,,0,30,,4496,14,,,0,70,,4509,14,,,0,30,,4510,14,,,0,70,,4511,14,,,0,30,,4512,14,,,0,70,,4497,14,,,0,30,,4498,14,,,0,70,,4513,14,,,0
