400,'Saturday-01',648,,3149,50,,,0,70,,3117,50,,,0,30,,3148,50,,,0,70,,3147,50,,,0,30,,3118,50,,,0,70,,3146,50,,,0,30,,3119,50,,,0,70,,3145,50,,,0,30,,3144,50,,,0,70,,3120,50,,,0,30,,3143,50,,,0,70,,3121,50,,,0,30,,3122,50,,,0,70,,3142,50,,,0,30,,3141,50,,,0,70,,3123,50,,,0,30,,3140,50,,,0,70,,3139,50,,,0,30,,3124,50,,,0,70,,3125,50,,,0,30,,3126,50,,,0,70,,3138,50,,,0,30,,3137,50,,,0,70,,3136,50,,,0,30,,3127,50,,,0,70,,3128,50,,,0,30,,3135,50,,,0,70,,3134,50,,,0,30,,3133,50,,,0,70,,3129,50,,,0,100,,3132,50,,,0,100,,3131,50,,,0,100,,3130,50,,,0
400,'Sunday-01',833,,3150,50,,,0,70,,3161,50,,,0,30,,3151,50,,,0,70,,3162,50,,,0,30,,3152,50,,,0,70,,3163,50,,,0,30,,3153,50,,,0,70,,3164,50,,,0,30,,3154,50,,,0,70,,3165,50,,,0,30,,3155,50,,,0,70,,3166,50,,,0,30,,3156,50,,,0,70,,3167,50,,,0,30,,3157,50,,,0,70,,3168,50,,,0,30,,3158,50,,,0,70,,3169,50,,,0,30,,3159,50,,,0,70,,3170,50,,,0,30,,3160,50,,,0
400,'Weekday-01',620,,3171,50,,,0,30,,3172,50,,,0,70,,3173,50,,,0,30,,3174,50,,,0,70,,3175,50,,,0,30,,3176,50,,,0,70,,3177,50,,,0,30,,3178,50,,,0,70,,3179,50,,,0,30,,3180,50,,,0,70,,3181,50,,,0,30,,3182,50,,,0,70,,3183,50,,,0,30,,3184,50,,,0,70,,3185,50,,,0,30,,3186,50,,,0,70,,3187,50,,,0,30,,3188,50,,,0,70,,3189,50,,,0,30,,3190,50,,,0,70,,3191,50,,,0,30,,3192,50,,,0,70,,3193,50,,,0,30,,3194,50,,,0,70,,3195,50,,,0,28,,3196,50,,,0,70,,3197,50,,,0,30,,3198,50,,,0,70,,3199,50,,,0,30,,3200,50,,,0,70,,3201,50,,,0,100,,3202,50,,,0,100,,3203,50,,,0,100,,3204,50,,,0
701,'Saturday-01',634,,3469,61,,,0,100,,3470,61,,,0,70,,3471,61,,,0,30,,3472,61,,,0,70,,3473,61,,,0,30,,3474,61,,,0,70,,3475,61,,,0,30,,3476,61,,,0,70,,3477,61,,,0,30,,3478,61,,,0,70,,3479,61,,,0,30,,3480,61,,,0,70,,3481,61,,,0,30,,3482,61,,,0,70,,3483,61,,,0,30,,3484,61,,,0,70,,3485,61,,,0,30,,3486,61,,,0,70,,3487,61,,,0,30,,3488,61,,,0,70,,3489,61,,,0,30,,3490,61,,,0,70,,3491,61,,,0,30,,3492,61,,,0,70,,3493,61,,,0,100,,3496,61,,,0,44,,3497,61,,,0,70,,3498,61,,,0,100,,3499,61,,,0,100,,3500,61,,,0,100,,3495,61,,,0
701,'Sunday-01',834,,3501,61,,,0,70,,3502,61,,,0,30,,3503,61,,,0,70,,3504,61,,,0,30,,3505,61,,,0,70,,3506,61,,,0,30,,3507,61,,,0,70,,3508,61,,,0,30,,3509,61,,,0,70,,3510,61,,,0,30,,3511,61,,,0,70,,3512,61,,,0,30,,3513,61,,,0,70,,3514,61,,,0,30,,3515,61,,,0,70,,3516,61,,,0,30,,3517,61,,,0,70,,3518,61,,,0,30,,3519,61,,,0,70,,3520,61,,,0,30,,3521,61,,,0
701,'Weekday-01',604,,3522,61,,,0,30,,3523,61,,,0,70,,3524,61,,,0,20,,3525,61,,,0,10,,3526,61,,,0,15,,3527,61,,,0,55,,3528,61,,,0,15,,3529,61,,,0,15,,3530,61,,,0,70,,3531,61,,,0,30,,3532,61,,,0,70,,3533,61,,,0,30,,3534,61,,,0,70,,3535,61,,,0,30,,3536,61,,,0,70,,3537,61,,,0,30,,3538,61,,,0,70,,3539,61,,,0,30,,3540,61,,,0,69,,3541,61,,,0,30,,3542,61,,,0,70,,3543,61,,,0,30,,3544,61,,,0,70,,3545,61,,,0,26,,3546,61,,,0,30,,3547,61,,,0,75,,3548,61,,,0,70,,3549,61,,,0,30,,3550,61,,,0,70,,3551,61,,,0,100,,3552,61,,,0,44,,3553,61,,,0,70,,3554,61,,,0,100,,3555,61,,,0,100,,3556,61,,,0,100,,3557,61,,,0
801,'Saturday-01',643,,3623,41,,,0,100,,3624,41,,,0,100,,3625,41,,,0,100,,3626,41,,,0,70,,3627,41,,,0,30,,3628,41,,,0,70,,3629,41,,,0,30,,3630,41,,,0,70,,3631,41,,,0,30,,3632,41,,,0,70,,3633,41,,,0,30,,3634,41,,,0,70,,3635,41,,,0,30,,3636,41,,,0,70,,3637,41,,,0,30,,3638,41,,,0,70,,3639,41,,,0,30,,3640,41,,,0,70,,3641,41,,,0,30,,3642,41,,,0,66,,3622,41,,,0,100,,3621,41,,,0,100,,3644,41,,,0,100,,3643,41,,,0
801,'Sunday-01',824,,3646,41,,,0,100,,3647,41,,,0,100,,3648,41,,,0,100,,3649,41,,,0,100,,3650,41,,,0,100,,3651,41,,,0,100,,3652,41,,,0,100,,3653,41,,,0,100,,3654,41,,,0,100,,3655,41,,,0,100,,3656,41,,,0
801,'Weekday-01',547,,3657,41,,,0,75,,3658,41,,,0,35,,3659,41,,,0,75,,3660,41,,,0,75,,3661,41,,,0,35,,3662,41,,,0,75,,3663,41,,,0,35,,3664,41,,,0,75,,3665,41,,,0,75,,3666,41,,,0,35,,3667,41,,,0,75,,3668,41,,,0,35,,3669,41,,,0,75,,3670,41,,,0,35,,3671,41,,,0,75,,3672,41,,,0,75,,3673,41,,,0,35,,3674,41,,,0,75,,3675,41,,,0,35,,3676,41,,,0,75,,3677,41,,,0,110,,3678,41,,,0,110,,3679,41,,,0,110,,3680,41,,,0
4000,'Saturday-01',622,,4535,32,,,0,30,,4536,32,,,0,70,,4537,32,,,0,30,,4538,32,,,0,70,,4539,32,,,0,30,,4540,32,,,0,70,,4541,32,,,0,30,,4542,32,,,0,70,,4543,32,,,0,30,,4544,32,,,0,70,,4545,32,,,0,30,,4546,32,,,0,70,,4547,32,,,0,30,,4548,32,,,0,70,,4549,32,,,0,30,,4550,32,,,0,70,,4551,32,,,0,30,,4552,32,,,0,70,,4553,32,,,0,30,,4554,32,,,0,70,,4555,32,,,0,30,,4556,32,,,0,70,,4557,32,,,0,30,,4558,32,,,0,70,,4559,32,,,0,30,,4560,32,,,0,70,,4561,32,,,0,30,,4562,32,,,0,70,,4563,32,,,0,30,,4564,32,,,0,70,,4565,32,,,0,30,,4566,32,,,0,70,,4567,32,,,0,30,,4568,32,,,0,70,,4569,32,,,0,100,,4570,32,,,0
4000,'Sunday-01',822,,4571,32,,,0,30,,4572,32,,,0,70,,4573,32,,,0,30,,4574,32,,,0,70,,4575,32,,,0,30,,4576,32,,,0,70,,4577,32,,,0,30,,4578,32,,,0,70,,4579,32,,,0,30,,4580,32,,,0,70,,4581,32,,,0,30,,4582,32,,,0,70,,4583,32,,,0,30,,4584,32,,,0,70,,4585,32,,,0,30,,4586,32,,,0,70,,4587,32,,,0,30,,4588,32,,,0,70,,4589,32,,,0,30,,4590,32,,,0,70,,4591,32,,,0
4000,'Weekday-01',622,,4629,32,,,0,30,,4620,32,,,0,70,,4621,32,,,0,30,,4622,32,,,0,70,,4623,32,,,0,30,,4624,32,,,0,70,,4625,32,,,0,30,,4626,32,,,0,70,,4627,32,,,0,30,,4628,32,,,0,70,,4595,32,,,0,30,,4617,32,,,0,70,,4616,32,,,0,30,,4615,32,,,0,70,,4614,32,,,0,30,,4596,32,,,0,70,,4613,32,,,0,30,,4612,32,,,0,70,,4618,32,,,0,30,,4597,32,,,0,70,,4598,32,,,0,30,,4599,32,,,0,70,,4611,32,,,0,30,,4619,32,,,0,70,,4601,32,,,0,30,,4603,32,,,0,70,,4610,32,,,0,30,,4609,32,,,0,70,,4608,32,,,0,30,,4600,32,,,0,70,,4607,32,,,0,30,,4606,32,,,0,70,,4605,32,,,0,30,,4604,32,,,0,70,,4594,32,,,0,100,,4602,32,,,0
