100,'Saturday-01',1852,,16,29,0,5,0,70,,17,29,0,5,0,30,,30,29,0,5,0,83,,31,29,0,5,0,70,,18,29,0,5,0,95,,32,29,0,5,0,43,,33,29,0,5,0,60,,34,29,0,5,0,100,,19,29,0,5,0,45,,35,29,0,5,0
100,'Sunday-01',750,,38,29,0,5,0,100,,39,29,0,5,0,100,,40,29,0,5,0,100,,41,29,0,5,0,100,,43,29,0,5,0,100,,44,29,0,5,0,105,,45,29,0,5,0,100,,46,29,0,5,0,145,,47,29,0,5,0,100,,42,29,0,5,0,100,,36,29,0,5,0,109,,37,29,0,5,0
100,'Weekday-01',1833,,77,29,0,5,0,70,,78,29,0,5,0,40,,94,29,0,8,0,10,,81,29,0,8,0,70,,82,29,0,8,0,30,,83,29,0,8,0,100,,84,29,0,8,0,60,,85,29,0,8,0,100,,79,29,0,5,0,98,,80,29,0,5,0,14,,95,29,0,5,0,30,,96,29,0,5,0
101,'Saturday-01',712,,97,18,,,0,30,,98,57,,,0,70,,99,57,,,0,35,,129,53,0,6,0,70,,118,53,,,0,30,,119,53,,,0,70,,120,53,,,0,30,,121,53,,,0,70,,122,53,,,0,30,,123,53,,,0,70,,124,53,,,0,30,,125,53,,,0,70,,108,55,,,0,25,,100,57,,,0,70,,101,57,,,0,10,,109,55,,,0,35,,110,55,,,0,75,,102,57,,,0,80,,103,57,,,0,15,,114,55,,,0,80,,115,53,,,0,30,,116,53,,,0,80,,111,55,,,0,30,,112,55,,,0,70,,113,55,,,0,99,,126,53,,,0,30,,127,53,,,0,95,,104,57,,,0,83,,105,57,,,0,20,,117,53,,,0,100,,106,57,,,0,85,,107,57,,,0
101,'Sunday-01',828,,130,53,,,0,100,,131,55,,,0,100,,132,55,,,0,100,,133,55,,,0,100,,134,55,,,0,105,,137,57,,,0,100,,138,57,,,0,105,,139,57,,,0,100,,140,57,,,0,100,,135,55,,,0,109,,136,55,,,0
101,'Weekday-01',548,,141,8,,,0,55,,142,8,,,0,30,,189,53,,,0,16,,144,44,,,0,10,,172,53,,,0,64,,161,44,,,0,19,,145,57,,,0,15,,146,57,,,0,55,,147,57,,,0,7,,173,53,,,0,8,,148,57,,,0,22,,143,44,,,0,60,,175,53,,,0,20,,176,53,,,0,30,,188,53,,,0,80,,177,53,,,0,74,,178,53,,,0,30,,179,53,,,0,70,,180,53,,,0,30,,181,53,,,0,99,,149,57,,,0,70,,150,57,,,0,30,,151,57,,,0,70,,152,57,,,0,30,,153,57,,,0,70,,154,57,,,0,12,,162,55,,,0,10,,163,55,,,0,10,,182,53,,,0,60,,164,55,,,0,13,,183,53,,,0,17,,165,55,,,0,8,,184,53,,,0,61,,166,55,,,0,6,,185,53,,,0,25,,167,55,,,0,5,,186,53,,,0,80,,168,55,,,0,10,,187,53,,,0,30,,174,53,,,0,70,,170,53,,,0,90,,155,57,,,0,20,,156,57,,,0,75,,157,57,,,0,30,,158,57,,,0,100,,159,57,,,0,65,,160,57,,,0,30,,171,53,,,0
200,'Saturday-01',629,,190,15,,,0,30,,191,15,,,0,67,,192,15,,,0,30,,193,15,,,0,70,,194,15,,,0,30,,195,15,,,0,70,,196,15,,,0,30,,197,15,,,0,70,,198,15,,,0,30,,199,15,,,0,70,,200,15,,,0,30,,201,15,,,0,70,,202,15,,,0,30,,203,15,,,0,70,,204,15,,,0,30,,205,15,,,0,70,,206,15,,,0,30,,207,15,,,0,70,,208,15,,,0,30,,209,15,,,0,70,,210,15,,,0,30,,211,15,,,0,70,,212,15,,,0,30,,213,15,,,0,70,,214,15,,,0,30,,215,15,,,0,70,,217,15,,,0,30,,218,15,,,0,70,,219,15,,,0,30,,220,15,,,0,100,,221,15,,,0,100,,222,15,,,0,100,,223,15,,,0
200,'Sunday-01',816,,224,15,,,0,30,,225,15,,,0,70,,226,15,,,0,30,,227,15,,,0,70,,228,15,,,0,30,,229,15,,,0,70,,230,15,,,0,30,,231,15,,,0,70,,232,15,,,0,30,,233,15,,,0,70,,234,15,,,0,30,,235,15,,,0,70,,236,15,,,0,30,,237,15,,,0,70,,238,15,,,0,30,,239,15,,,0,70,,240,15,,,0,30,,241,15,,,0,70,,242,15,,,0
200,'Weekday-01',559,,244,15,,,0,70,,243,15,,,0,12,,284,15,,,0,15,,247,15,,,0,55,,248,15,,,0,15,,249,15,,,0,15,,250,15,,,0,15,,245,15,,,0,55,,246,15,,,0,30,,251,15,,,0,70,,252,15,,,0,20,,275,15,,,0,70,,256,15,,,0,30,,257,15,,,0,70,,258,15,,,0,30,,259,15,,,0,70,,260,15,,,0,30,,261,15,,,0,70,,262,15,,,0,30,,253,15,,,0,70,,254,15,,,0,25,,255,15,,,0,25,,263,15,,,0,60,,264,15,,,0,15,,265,15,,,0,15,,266,15,,,0,15,,267,15,,,0,55,,268,15,,,0,15,,269,15,,,0,15,,270,15,,,0,15,,271,15,,,0,70,,276,15,,,0,30,,277,15,,,0,70,,278,15,,,0,30,,279,15,,,0,70,,280,15,,,0,30,,272,15,,,0,70,,273,15,,,0,30,,274,15,,,0,100,,281,15,,,0,100,,282,15,,,0,100,,283,15,,,0
201,'Saturday-01',654,,285,48,,,0,70,,286,48,,,0,30,,287,48,,,0,70,,288,48,,,0,30,,289,48,,,0,70,,290,48,,,0,30,,291,48,,,0,70,,292,48,,,0,30,,293,48,,,0,70,,294,48,,,0,30,,295,48,,,0,70,,296,48,,,0,30,,297,48,,,0,70,,298,48,,,0,30,,299,48,,,0,70,,300,48,,,0,30,,301,48,,,0,70,,302,48,,,0,30,,303,48,,,0,70,,304,48,,,0,30,,305,48,,,0,70,,306,48,,,0,30,,307,48,,,0,70,,308,48,,,0,30,,309,48,,,0,70,,310,48,,,0,30,,311,48,,,0,70,,312,48,,,0,29,,313,48,,,0,71,,314,48,,,0,100,,315,48,,,0,100,,316,48,,,0,100,,317,48,,,0
201,'Sunday-01',841,,318,48,,,0,70,,319,48,,,0,30,,320,48,,,0,70,,321,48,,,0,30,,322,48,,,0,70,,323,48,,,0,30,,324,48,,,0,70,,325,48,,,0,30,,326,48,,,0,70,,327,48,,,0,30,,328,48,,,0,70,,329,48,,,0,30,,330,48,,,0,70,,331,48,,,0,30,,332,48,,,0,70,,333,48,,,0,30,,334,48,,,0,70,,335,48,,,0,30,,336,48,,,0,70,,337,48,,,0
201,'Weekday-01',624,,340,48,,,0,30,,341,48,,,0,55,,342,48,,,0,15,,343,48,,,0,15,,344,48,,,0,15,,345,48,,,0,55,,346,48,,,0,15,,381,48,,,0,15,,347,48,,,0,15,,348,48,,,0,70,,380,48,,,0,30,,349,48,,,0,70,,350,48,,,0,30,,351,48,,,0,70,,352,48,,,0,30,,353,48,,,0,70,,354,48,,,0,30,,355,48,,,0,70,,356,48,,,0,25,,357,48,,,0,70,,358,48,,,0,35,,359,48,,,0,70,,360,48,,,0,15,,361,48,,,0,15,,362,48,,,0,55,,363,48,,,0,15,,364,48,,,0,15,,365,48,,,0,15,,366,48,,,0,55,,367,48,,,0,15,,368,48,,,0,30,,369,48,,,0,70,,370,48,,,0,30,,371,48,,,0,70,,372,48,,,0,30,,373,48,,,0,70,,374,48,,,0,30,,375,48,,,0,70,,376,48,,,0,100,,377,48,,,0,100,,378,48,,,0,100,,379,48,,,0
500,'Saturday-01',711,,749,19,,,0,100,,750,19,,,0,100,,751,19,,,0,100,,752,19,,,0,100,,753,19,,,0,100,,754,19,,,0,100,,755,19,,,0,100,,756,19,,,0,100,,757,19,,,0,100,,758,19,,,0,100,,759,19,,,0,102,,760,19,,,0
500,'Weekday-01',623,,761,19,,,0,30,,762,19,,,0,70,,763,19,,,0,30,,764,19,,,0,70,,765,19,,,0,90,,766,19,,,0,100,,767,19,,,0,100,,768,19,,,0,100,,769,19,,,0,100,,770,19,,,0,100,,771,19,,,0,100,,772,19,,,0,34,,777,6,,,0,76,,773,19,,,0,30,,774,19,,,0,70,,775,19,,,0,35,,776,19,,,0
600,'Weekday-01',638,,810,26,,,0,70,,811,26,,,0,30,,812,26,,,0,70,,813,26,,,0,30,,814,26,,,0,70,,822,26,,,0,30,,823,26,,,0,500,,815,26,,,0,100,,816,26,,,0,70,,817,26,,,0,30,,818,26,,,0,70,,819,26,,,0,30,,820,26,,,0,70,,821,26,,,0
