101,'Saturday-01',721,,2642,38,,,0,30,,2643,38,,,0,75,,2673,34,0,6,0,30,,2662,34,,,0,70,,2663,34,,,0,30,,2664,34,,,0,70,,2665,34,,,0,30,,2666,34,,,0,70,,2667,34,,,0,30,,2668,34,,,0,70,,2669,34,,,0,30,,2652,36,,,0,65,,2644,38,,,0,30,,2645,38,,,0,50,,2653,36,,,0,35,,2654,36,,,0,75,,2646,38,,,0,40,,2647,38,,,0,55,,2658,36,,,0,40,,2659,34,,,0,70,,2660,34,,,0,40,,2655,36,,,0,70,,2656,36,,,0,30,,2657,36,,,0,99,,2670,34,,,0,70,,2671,34,,,0,95,,2648,38,,,0,83,,2649,38,,,0,20,,2661,34,,,0,100,,2650,38,,,0,85,,2651,38,,,0
101,'Sunday-01',807,,2674,34,,,0,100,,2675,36,,,0,100,,2676,36,,,0,100,,2677,36,,,0,100,,2678,36,,,0,105,,2681,38,,,0,100,,2682,38,,,0,105,,2683,38,,,0,100,,2684,38,,,0,100,,2679,36,,,0,107,,2680,36,,,0
101,'Weekday-01',615,,2733,34,,,0,16,,2688,25,,,0,10,,2716,34,,,0,65,,2705,25,,,0,15,,2689,38,,,0,15,,2690,38,,,0,15,,2691,38,,,0,50,,2717,34,,,0,5,,2692,38,,,0,25,,2687,25,,,0,20,,2719,34,,,0,60,,2720,34,,,0,30,,2732,34,,,0,80,,2721,34,,,0,34,,2722,34,,,0,70,,2723,34,,,0,30,,2724,34,,,0,70,,2725,34,,,0,96,,2693,38,,,0,30,,2694,38,,,0,70,,2695,38,,,0,30,,2696,38,,,0,70,,2697,38,,,0,30,,2698,38,,,0,55,,2706,36,,,0,10,,2707,36,,,0,10,,2726,34,,,0,20,,2708,36,,,0,10,,2727,34,,,0,60,,2709,36,,,0,5,,2728,34,,,0,25,,2710,36,,,0,5,,2729,34,,,0,65,,2711,36,,,0,5,,2730,34,,,0,80,,2712,36,,,0,10,,2731,34,,,0,30,,2718,34,,,0,70,,2714,34,,,0,90,,2699,38,,,0,20,,2700,38,,,0,35,,2701,38,,,0,70,,2702,38,,,0,100,,2703,38,,,0,25,,2704,38,,,0,70,,2715,34,,,0
200,'Saturday-01',643,,2734,28,,,0,70,,2735,28,,,0,29,,2736,28,,,0,70,,2737,28,,,0,30,,2738,28,,,0,70,,2739,28,,,0,30,,2740,28,,,0,70,,2741,28,,,0,30,,2742,28,,,0,70,,2743,28,,,0,30,,2744,28,,,0,70,,2745,28,,,0,30,,2746,28,,,0,70,,2747,28,,,0,30,,2748,28,,,0,70,,2749,28,,,0,30,,2750,28,,,0,70,,2751,28,,,0,30,,2752,28,,,0,70,,2753,28,,,0,30,,2754,28,,,0,70,,2755,28,,,0,30,,2756,28,,,0,70,,2757,28,,,0,30,,2758,28,,,0,70,,2759,28,,,0,30,,2761,28,,,0,70,,2762,28,,,0,30,,2763,28,,,0,70,,2764,28,,,0,100,,2765,28,,,0,100,,2766,28,,,0,100,,2767,28,,,0
200,'Sunday-01',828,,2768,28,,,0,30,,2769,28,,,0,70,,2770,28,,,0,30,,2771,28,,,0,70,,2772,28,,,0,30,,2773,28,,,0,70,,2774,28,,,0,30,,2775,28,,,0,70,,2776,28,,,0,30,,2777,28,,,0,70,,2778,28,,,0,30,,2779,28,,,0,70,,2780,28,,,0,30,,2781,28,,,0,70,,2782,28,,,0,30,,2783,28,,,0,70,,2784,28,,,0,30,,2785,28,,,0,70,,2786,28,,,0
200,'Weekday-01',613,,2788,28,,,0,30,,2787,28,,,0,14,,2828,28,,,0,55,,2791,28,,,0,15,,2792,28,,,0,15,,2793,28,,,0,15,,2794,28,,,0,55,,2789,28,,,0,15,,2790,28,,,0,30,,2795,28,,,0,70,,2796,28,,,0,20,,2819,28,,,0,70,,2800,28,,,0,30,,2801,28,,,0,70,,2802,28,,,0,30,,2803,28,,,0,70,,2804,28,,,0,30,,2805,28,,,0,70,,2806,28,,,0,30,,2797,28,,,0,70,,2798,28,,,0,25,,2799,28,,,0,65,,2807,28,,,0,20,,2808,28,,,0,15,,2809,28,,,0,15,,2810,28,,,0,55,,2811,28,,,0,15,,2812,28,,,0,15,,2813,28,,,0,15,,2814,28,,,0,55,,2815,28,,,0,30,,2820,28,,,0,70,,2821,28,,,0,30,,2822,28,,,0,70,,2823,28,,,0,30,,2824,28,,,0,70,,2816,28,,,0,30,,2817,28,,,0,70,,2818,28,,,0,100,,2825,28,,,0,100,,2826,28,,,0,100,,2827,28,,,0
300,'Saturday-01',642,,2944,38,,,0,70,,2927,38,,,0,30,,2928,38,,,0,70,,2929,38,,,0,30,,2930,38,,,0,70,,2931,38,,,0,30,,2932,38,,,0,70,,2933,38,,,0,30,,2934,38,,,0,70,,2945,38,,,0,30,,2935,38,,,0,70,,2946,38,,,0,30,,2947,38,,,0,70,,2948,38,,,0,30,,2949,38,,,0,70,,2936,38,,,0,30,,2937,38,,,0,70,,2950,38,,,0,30,,2938,38,,,0,70,,2939,38,,,0,30,,2940,38,,,0,70,,2941,38,,,0,30,,2951,38,,,0,71,,2952,38,,,0,30,,2942,38,,,0,70,,2953,38,,,0,30,,2943,38,,,0,70,,2954,38,,,0,30,,2958,38,,,0,70,,2955,38,,,0,100,,2956,38,,,0,100,,2957,38,,,0,100,,2959,38,,,0
300,'Sunday-01',827,,2960,38,,,0,30,,2961,38,,,0,70,,2962,38,,,0,30,,2963,38,,,0,70,,2964,38,,,0,30,,2965,38,,,0,70,,2966,38,,,0,30,,2967,38,,,0,70,,2968,38,,,0,30,,2969,38,,,0,70,,2970,38,,,0,30,,2971,38,,,0,70,,2972,38,,,0,30,,2973,38,,,0,70,,2974,38,,,0,30,,2975,38,,,0,70,,2976,38,,,0,30,,2977,38,,,0,70,,2978,38,,,0,30,,2979,38,,,0,70,,2980,38,,,0
300,'Weekday-01',612,,2981,38,,,0,30,,2982,38,,,0,15,,2983,38,,,0,55,,2984,38,,,0,15,,2985,38,,,0,15,,2986,38,,,0,15,,2987,38,,,0,55,,2988,38,,,0,15,,2989,38,,,0,15,,2990,38,,,0,70,,2991,38,,,0,30,,2992,38,,,0,70,,2993,38,,,0,30,,2994,38,,,0,70,,2995,38,,,0,30,,2996,38,,,0,70,,2997,38,,,0,30,,2998,38,,,0,70,,2999,38,,,0,30,,3000,38,,,0,70,,3001,38,,,0,30,,3002,38,,,0,70,,3003,38,,,0,30,,3004,38,,,0,16,,3005,38,,,0,54,,3006,38,,,0,15,,3007,38,,,0,15,,3008,38,,,0,15,,3009,38,,,0,55,,3010,38,,,0,30,,3011,38,,,0,70,,3012,38,,,0,31,,3013,38,,,0,70,,3014,38,,,0,30,,3015,38,,,0,70,,3016,38,,,0,30,,3021,38,,,0,70,,3020,38,,,0,100,,3017,38,,,0,100,,3018,38,,,0,100,,3019,38,,,0
1200,'Saturday-01',642,,3998,34,,,0,100,,3999,34,,,0,100,,4000,34,,,0,70,,4001,34,,,0,30,,4002,34,,,0,70,,4003,34,,,0,30,,4004,34,,,0,70,,4005,34,,,0,30,,4006,34,,,0,70,,4007,34,,,0,30,,4008,34,,,0,70,,4009,34,,,0,30,,4010,34,,,0,70,,4011,34,,,0,30,,4012,34,,,0,70,,4013,34,,,0,30,,4014,34,,,0,70,,4015,34,,,0,30,,4016,34,,,0,70,,4021,34,,,0,30,,4022,34,,,0,70,,4017,34,,,0,100,,4018,34,,,0,100,,4023,34,,,0,100,,4024,34,,,0,100,,4025,34,,,0,100,,4026,34,,,0,100,,4027,34,,,0
1200,'Sunday-01',827,,4028,34,,,0,100,,4029,34,,,0,100,,4030,34,,,0,100,,4031,34,,,0,100,,4032,34,,,0,100,,4033,34,,,0,100,,4034,34,,,0,100,,4035,34,,,0,100,,4036,34,,,0,100,,4037,34,,,0,100,,4038,34,,,0
1200,'Weekday-01',612,,4066,34,,,0,30,,4067,34,,,0,70,,4068,34,,,0,30,,4069,34,,,0,70,,4055,34,,,0,30,,4056,34,,,0,70,,4047,34,,,0,30,,4048,34,,,0,70,,4046,34,,,0,30,,4045,34,,,0,70,,4044,34,,,0,30,,4043,34,,,0,70,,4042,34,,,0,30,,4041,34,,,0,70,,4040,34,,,0,30,,4039,34,,,0,70,,4064,34,,,0,30,,4063,34,,,0,70,,4062,34,,,0,30,,4061,34,,,0,70,,4057,34,,,0,30,,4058,34,,,0,70,,4059,34,,,0,30,,4060,34,,,0,70,,4065,34,,,0,100,,4049,34,,,0,100,,4050,34,,,0,100,,4051,34,,,0,100,,4052,34,,,0,100,,4053,34,,,0,100,,4054,34,,,0
3000,'Weekday-01',650,,4499,6,,,0,70,,4493,6,,,0,30,,4500,6,,,0,70,,4501,6,,,0,30,,4502,6,,,0,70,,4503,6,,,0,30,,4494,6,,,0,70,,4495,6,,,0,30,,4504,6,,,0,72,,4505,6,,,0,30,,4506,6,,,0,70,,4507,6,,,0,33,,4508,6,,,0,70,,4496,6,,,0,30,,4509,6,,,0,70,,4510,6,,,0,30,,4511,6,,,0,70,,4512,6,,,0,30,,4497,6,,,0,70,,4498,6,,,0,30,,4513,6,,,0
4000,'Saturday-01',620,,4535,27,,,0,30,,4536,27,,,0,70,,4537,27,,,0,30,,4538,27,,,0,70,,4539,27,,,0,30,,4540,27,,,0,70,,4541,27,,,0,30,,4542,27,,,0,70,,4543,27,,,0,30,,4544,27,,,0,70,,4545,27,,,0,30,,4546,27,,,0,70,,4547,27,,,0,30,,4548,27,,,0,70,,4549,27,,,0,30,,4550,27,,,0,70,,4551,27,,,0,30,,4552,27,,,0,70,,4553,27,,,0,30,,4554,27,,,0,70,,4555,27,,,0,30,,4556,27,,,0,70,,4557,27,,,0,30,,4558,27,,,0,70,,4559,27,,,0,30,,4560,27,,,0,70,,4561,27,,,0,30,,4562,27,,,0,70,,4563,27,,,0,30,,4564,27,,,0,70,,4565,27,,,0,30,,4566,27,,,0,70,,4567,27,,,0,30,,4568,27,,,0,70,,4569,27,,,0,100,,4570,27,,,0
4000,'Sunday-01',820,,4571,27,,,0,30,,4572,27,,,0,70,,4573,27,,,0,30,,4574,27,,,0,70,,4575,27,,,0,30,,4576,27,,,0,70,,4577,27,,,0,30,,4578,27,,,0,70,,4579,27,,,0,30,,4580,27,,,0,70,,4581,27,,,0,30,,4582,27,,,0,70,,4583,27,,,0,30,,4584,27,,,0,70,,4585,27,,,0,30,,4586,27,,,0,70,,4587,27,,,0,30,,4588,27,,,0,70,,4589,27,,,0,30,,4590,27,,,0,70,,4591,27,,,0
4000,'Weekday-01',620,,4629,27,,,0,30,,4620,27,,,0,70,,4621,27,,,0,30,,4622,27,,,0,70,,4623,27,,,0,30,,4624,27,,,0,70,,4625,27,,,0,30,,4626,27,,,0,70,,4627,27,,,0,30,,4628,27,,,0,70,,4595,27,,,0,30,,4617,27,,,0,70,,4616,27,,,0,30,,4615,27,,,0,70,,4614,27,,,0,30,,4596,27,,,0,70,,4613,27,,,0,30,,4612,27,,,0,70,,4618,27,,,0,30,,4597,27,,,0,70,,4598,27,,,0,30,,4599,27,,,0,70,,4611,27,,,0,30,,4619,27,,,0,70,,4601,27,,,0,30,,4603,27,,,0,70,,4610,27,,,0,30,,4609,27,,,0,70,,4608,27,,,0,30,,4600,27,,,0,70,,4607,27,,,0,30,,4606,27,,,0,70,,4605,27,,,0,30,,4604,27,,,0,70,,4594,27,,,0,100,,4602,27,,,0
