700,'Saturday-01',647,,838,50,,,0,100,,839,50,,,0,70,,840,50,,,0,30,,841,50,,,0,70,,842,50,,,0,30,,843,50,,,0,70,,844,50,,,0,30,,845,50,,,0,70,,846,50,,,0,30,,847,50,,,0,70,,848,50,,,0,30,,849,50,,,0,70,,850,50,,,0,30,,851,50,,,0,70,,852,50,,,0,30,,853,50,,,0,70,,854,50,,,0,30,,855,50,,,0,70,,856,50,,,0,30,,857,50,,,0,70,,858,50,,,0,30,,859,50,,,0,70,,860,50,,,0,85,,861,50,,,0,45,,862,50,,,0,70,,863,50,,,0,99,,864,50,,,0,100,,865,50,,,0,100,,866,50,,,0,100,,867,50,,,0
700,'Sunday-01',847,,878,50,,,0,70,,879,50,,,0,30,,880,50,,,0,70,,881,50,,,0,30,,882,50,,,0,70,,883,50,,,0,30,,884,50,,,0,70,,885,50,,,0,30,,886,50,,,0,70,,887,50,,,0,30,,877,50,,,0,70,,873,50,,,0,30,,868,50,,,0,70,,869,50,,,0,30,,870,50,,,0,70,,871,50,,,0,30,,872,50,,,0,70,,874,50,,,0,30,,875,50,,,0,70,,876,50,,,0
700,'Weekday-01',617,,888,50,,,0,30,,889,50,,,0,55,,890,50,0,7,0,15,,891,50,,,0,15,,892,50,,,0,15,,893,50,,,0,56,,894,50,,,0,14,,895,50,,,0,15,,896,50,,,0,15,,897,50,,,0,55,,898,50,,,0,15,,899,50,,,0,30,,900,50,,,0,70,,901,50,,,0,30,,902,50,,,0,70,,903,50,,,0,30,,904,50,,,0,70,,905,50,,,0,30,,906,50,,,0,70,,907,50,,,0,30,,908,50,,,0,70,,909,50,,,0,30,,910,50,,,0,65,,911,50,,,0,30,,912,50,,,0,70,,913,50,,,0,30,,914,50,,,0,70,,915,50,,,0,30,,916,50,,,0,75,,917,50,,,0,85,,918,50,,,0,45,,919,50,,,0,69,,920,50,,,0,100,,921,50,,,0,100,,922,50,,,0,100,,923,50,,,0,100,,924,50,,,0
801,'Saturday-01',653,,1082,50,,,0,100,,1083,50,,,0,100,,1084,50,,,0,70,,1104,5,,,0,30,,1085,50,,,0,70,,1086,50,,,0,30,,1087,50,,,0,70,,1088,50,,,0,30,,1089,50,,,0,70,,1090,50,,,0,30,,1091,50,,,0,70,,1092,50,,,0,30,,1093,50,,,0,70,,1094,50,,,0,30,,1095,50,,,0,70,,1096,50,,,0,30,,1097,50,,,0,70,,1098,50,,,0,30,,1099,50,,,0,70,,1100,50,,,0,30,,1101,50,,,0,65,,1081,50,,,0,100,,1080,50,,,0,100,,1103,50,,,0,100,,1102,50,,,0
801,'Sunday-01',833,,1105,50,,,0,100,,1106,50,,,0,100,,1107,50,,,0,100,,1108,50,,,0,100,,1109,50,,,0,100,,1110,50,,,0,100,,1111,50,,,0,100,,1112,50,,,0,100,,1113,50,,,0,100,,1114,50,,,0,100,,1115,50,,,0
801,'Weekday-01',608,,1116,50,,,0,30,,1117,50,,,0,70,,1118,50,,,0,30,,1119,50,,,0,70,,1120,50,,,0,30,,1121,50,,,0,70,,1122,50,,,0,30,,1123,50,,,0,70,,1124,50,,,0,30,,1125,50,,,0,70,,1126,50,,,0,30,,1127,50,,,0,70,,1128,50,,,0,30,,1129,50,,,0,70,,1130,50,,,0,30,,1131,50,,,0,70,,1132,50,,,0,30,,1133,50,,,0,70,,1134,50,,,0,30,,1135,50,,,0,70,,1136,50,,,0,30,,1137,50,,,0,70,,1138,50,,,0,30,,1139,50,,,0,80,,1140,50,,,0,100,,1141,50,,,0,100,,1142,50,,,0,100,,1143,50,,,0
1500,'Saturday-01',812,,1616,5,,,0,45,,1604,27,,,0,85,,1605,27,,,0,85,,1606,27,,,0,85,,1607,27,,,0,45,,1608,27,,,0,85,,1609,27,,,0,85,,1610,27,,,0,85,,1611,27,,,0,45,,1612,27,,,0,85,,1613,27,,,0,85,,1614,27,,,0,85,,1615,27,,,0,45,,1617,27,,,0
1500,'Weekday-01',812,,1631,5,,,0,45,,1629,27,,,0,85,,1618,27,,,0,85,,1619,27,,,0,85,,1620,27,,,0,45,,1621,27,,,0,85,,1622,27,,,0,85,,1623,27,,,0,85,,1624,27,,,0,45,,1625,27,,,0,85,,1626,27,,,0,85,,1627,27,,,0,85,,1628,27,,,0,45,,1630,27,,,0
6000,'Saturday-01',701,,2382,5,,,0,40,,2383,5,,,0,80,,2384,5,,,0,80,,2385,5,,,0,40,,2386,5,,,0,80,,2387,5,,,0,80,,2388,5,,,0,40,,2389,5,,,0,80,,2390,5,,,0,80,,2391,5,,,0,40,,2392,5,,,0,80,,2393,5,,,0,80,,2394,5,,,0,40,,2395,5,,,0,80,,2396,5,,,0,80,,2397,5,,,0,40,,2398,5,,,0,80,,2399,5,,,0,80,,2400,5,,,0,40,,2401,5,,,0,80,,2402,5,,,0,80,,2403,5,,,0,40,,2404,5,,,0,80,,2405,5,,,0,80,,2406,5,,,0,37,,2407,5,,,0,80,,2408,5,,,0
6000,'Sunday-01',836,,2409,5,,,0,80,,2412,5,,,0,40,,2413,5,,,0,80,,2414,5,,,0,80,,2415,5,,,0,40,,2416,5,,,0,80,,2417,5,,,0,80,,2418,5,,,0,40,,2419,5,,,0,80,,2420,5,,,0,80,,2421,5,,,0,40,,2422,5,,,0,80,,2423,5,,,0,80,,2424,5,,,0,40,,2410,5,,,0,80,,2411,5,,,0
6000,'Weekday-01',636,,2458,5,,,0,65,,2425,5,,,0,25,,2426,5,,,0,25,,2427,5,,,0,65,,2428,5,,,0,35,,2429,5,,,0,80,,2430,5,,,0,75,,2431,5,,,0,40,,2432,5,,,0,80,,2433,5,,,0,80,,2434,5,,,0,40,,2435,5,,,0,80,,2436,5,,,0,80,,2437,5,,,0,25,,2438,5,,,0,25,,2439,5,,,0,65,,2440,5,,,0,25,,2441,5,,,0,65,,2442,5,,,0,25,,2443,5,,,0,65,,2444,5,,,0,25,,2445,5,,,0,25,,2446,5,,,0,65,,2447,5,,,0,25,,2448,5,,,0,65,,2449,5,,,0,25,,2450,5,,,0,25,,2451,5,,,0,75,,2452,5,,,0,80,,2453,5,,,0,40,,2454,5,,,0,80,,2455,5,,,0,80,,2456,5,,,0,37,,2457,5,,,0,70,,2459,5,,,0
