101,'Saturday-01',723,,2642,39,,,0,30,,2643,39,,,0,75,,2673,35,0,6,0,30,,2662,35,,,0,70,,2663,35,,,0,30,,2664,35,,,0,70,,2665,35,,,0,30,,2666,35,,,0,70,,2667,35,,,0,30,,2668,35,,,0,70,,2669,35,,,0,30,,2652,37,,,0,65,,2644,39,,,0,30,,2645,39,,,0,50,,2653,37,,,0,35,,2654,37,,,0,75,,2646,39,,,0,40,,2647,39,,,0,55,,2658,37,,,0,40,,2659,35,,,0,70,,2660,35,,,0,40,,2655,37,,,0,70,,2656,37,,,0,30,,2657,37,,,0,99,,2670,35,,,0,70,,2671,35,,,0,95,,2648,39,,,0,83,,2649,39,,,0,20,,2661,35,,,0,100,,2650,39,,,0,85,,2651,39,,,0
101,'Sunday-01',809,,2674,35,,,0,100,,2675,37,,,0,100,,2676,37,,,0,100,,2677,37,,,0,100,,2678,37,,,0,105,,2681,39,,,0,100,,2682,39,,,0,105,,2683,39,,,0,100,,2684,39,,,0,100,,2679,37,,,0,108,,2680,37,,,0
101,'Weekday-01',617,,2733,35,,,0,16,,2688,26,,,0,10,,2716,35,,,0,64,,2705,26,,,0,16,,2689,39,,,0,15,,2690,39,,,0,15,,2691,39,,,0,50,,2717,35,,,0,5,,2692,39,,,0,25,,2687,26,,,0,20,,2719,35,,,0,60,,2720,35,,,0,30,,2732,35,,,0,80,,2721,35,,,0,34,,2722,35,,,0,70,,2723,35,,,0,30,,2724,35,,,0,70,,2725,35,,,0,96,,2693,39,,,0,30,,2694,39,,,0,70,,2695,39,,,0,30,,2696,39,,,0,70,,2697,39,,,0,30,,2698,39,,,0,55,,2706,37,,,0,10,,2707,37,,,0,10,,2726,35,,,0,20,,2708,37,,,0,10,,2727,35,,,0,60,,2709,37,,,0,5,,2728,35,,,0,24,,2710,37,,,0,6,,2729,35,,,0,65,,2711,37,,,0,5,,2730,35,,,0,80,,2712,37,,,0,10,,2731,35,,,0,30,,2718,35,,,0,70,,2714,35,,,0,90,,2699,39,,,0,20,,2700,39,,,0,35,,2701,39,,,0,70,,2702,39,,,0,100,,2703,39,,,0,25,,2704,39,,,0,70,,2715,35,,,0
200,'Saturday-01',644,,2734,29,,,0,70,,2735,29,,,0,29,,2736,29,,,0,70,,2737,29,,,0,30,,2738,29,,,0,70,,2739,29,,,0,30,,2740,29,,,0,70,,2741,29,,,0,30,,2742,29,,,0,70,,2743,29,,,0,30,,2744,29,,,0,70,,2745,29,,,0,30,,2746,29,,,0,70,,2747,29,,,0,30,,2748,29,,,0,70,,2749,29,,,0,30,,2750,29,,,0,70,,2751,29,,,0,30,,2752,29,,,0,70,,2753,29,,,0,30,,2754,29,,,0,70,,2755,29,,,0,30,,2756,29,,,0,70,,2757,29,,,0,30,,2758,29,,,0,70,,2759,29,,,0,30,,2761,29,,,0,70,,2762,29,,,0,30,,2763,29,,,0,70,,2764,29,,,0,100,,2765,29,,,0,100,,2766,29,,,0,100,,2767,29,,,0
200,'Sunday-01',829,,2768,29,,,0,30,,2769,29,,,0,70,,2770,29,,,0,30,,2771,29,,,0,70,,2772,29,,,0,30,,2773,29,,,0,70,,2774,29,,,0,30,,2775,29,,,0,70,,2776,29,,,0,30,,2777,29,,,0,70,,2778,29,,,0,30,,2779,29,,,0,70,,2780,29,,,0,30,,2781,29,,,0,70,,2782,29,,,0,30,,2783,29,,,0,70,,2784,29,,,0,30,,2785,29,,,0,70,,2786,29,,,0
200,'Weekday-01',614,,2788,29,,,0,30,,2787,29,,,0,14,,2828,29,,,0,55,,2791,29,,,0,15,,2792,29,,,0,15,,2793,29,,,0,15,,2794,29,,,0,55,,2789,29,,,0,15,,2790,29,,,0,30,,2795,29,,,0,70,,2796,29,,,0,20,,2819,29,,,0,70,,2800,29,,,0,30,,2801,29,,,0,70,,2802,29,,,0,30,,2803,29,,,0,70,,2804,29,,,0,30,,2805,29,,,0,70,,2806,29,,,0,30,,2797,29,,,0,70,,2798,29,,,0,25,,2799,29,,,0,65,,2807,29,,,0,20,,2808,29,,,0,15,,2809,29,,,0,15,,2810,29,,,0,55,,2811,29,,,0,15,,2812,29,,,0,15,,2813,29,,,0,15,,2814,29,,,0,55,,2815,29,,,0,30,,2820,29,,,0,70,,2821,29,,,0,30,,2822,29,,,0,70,,2823,29,,,0,30,,2824,29,,,0,70,,2816,29,,,0,30,,2817,29,,,0,70,,2818,29,,,0,100,,2825,29,,,0,100,,2826,29,,,0,100,,2827,29,,,0
300,'Saturday-01',643,,2944,39,,,0,70,,2927,39,,,0,30,,2928,39,,,0,70,,2929,39,,,0,30,,2930,39,,,0,70,,2931,39,,,0,30,,2932,39,,,0,70,,2933,39,,,0,30,,2934,39,,,0,70,,2945,39,,,0,30,,2935,39,,,0,70,,2946,39,,,0,30,,2947,39,,,0,70,,2948,39,,,0,30,,2949,39,,,0,70,,2936,39,,,0,30,,2937,39,,,0,70,,2950,39,,,0,30,,2938,39,,,0,70,,2939,39,,,0,30,,2940,39,,,0,70,,2941,39,,,0,30,,2951,39,,,0,71,,2952,39,,,0,30,,2942,39,,,0,70,,2953,39,,,0,30,,2943,39,,,0,70,,2954,39,,,0,30,,2958,39,,,0,70,,2955,39,,,0,100,,2956,39,,,0,100,,2957,39,,,0,100,,2959,39,,,0
300,'Sunday-01',829,,2960,39,,,0,30,,2961,39,,,0,70,,2962,39,,,0,30,,2963,39,,,0,70,,2964,39,,,0,30,,2965,39,,,0,70,,2966,39,,,0,30,,2967,39,,,0,70,,2968,39,,,0,30,,2969,39,,,0,70,,2970,39,,,0,30,,2971,39,,,0,70,,2972,39,,,0,30,,2973,39,,,0,70,,2974,39,,,0,30,,2975,39,,,0,70,,2976,39,,,0,30,,2977,39,,,0,70,,2978,39,,,0,30,,2979,39,,,0,70,,2980,39,,,0
300,'Weekday-01',613,,2981,39,,,0,30,,2982,39,,,0,15,,2983,39,,,0,55,,2984,39,,,0,15,,2985,39,,,0,15,,2986,39,,,0,15,,2987,39,,,0,55,,2988,39,,,0,15,,2989,39,,,0,15,,2990,39,,,0,70,,2991,39,,,0,30,,2992,39,,,0,70,,2993,39,,,0,30,,2994,39,,,0,70,,2995,39,,,0,30,,2996,39,,,0,70,,2997,39,,,0,30,,2998,39,,,0,70,,2999,39,,,0,30,,3000,39,,,0,70,,3001,39,,,0,30,,3002,39,,,0,70,,3003,39,,,0,30,,3004,39,,,0,16,,3005,39,,,0,54,,3006,39,,,0,15,,3007,39,,,0,15,,3008,39,,,0,15,,3009,39,,,0,55,,3010,39,,,0,30,,3011,39,,,0,70,,3012,39,,,0,31,,3013,39,,,0,70,,3014,39,,,0,30,,3015,39,,,0,70,,3016,39,,,0,30,,3021,39,,,0,70,,3020,39,,,0,100,,3017,39,,,0,100,,3018,39,,,0,100,,3019,39,,,0
401,'Saturday-01',639,,3237,28,,,0,70,,3236,28,,,0,30,,3205,28,,,0,70,,3235,28,,,0,30,,3206,28,,,0,70,,3234,28,,,0,30,,3233,28,,,0,70,,3207,28,,,0,30,,3232,28,,,0,70,,3208,28,,,0,30,,3231,28,,,0,70,,3230,28,,,0,30,,3229,28,,,0,70,,3228,28,,,0,30,,3209,28,,,0,70,,3227,28,,,0,30,,3210,28,,,0,70,,3211,28,,,0,30,,3226,28,,,0,70,,3212,28,,,0,30,,3213,28,,,0,70,,3214,28,,,0,30,,3215,28,,,0,70,,3216,28,,,0,30,,3225,28,,,0,70,,3224,28,,,0,30,,3223,28,,,0,70,,3217,28,,,0,30,,3218,28,,,0,75,,3222,28,,,0,100,,3221,28,,,0,100,,3220,28,,,0,100,,3219,28,,,0
401,'Sunday-01',829,,3238,28,,,0,30,,3249,28,,,0,70,,3239,28,,,0,30,,3250,28,,,0,70,,3240,28,,,0,30,,3251,28,,,0,70,,3241,28,,,0,30,,3252,28,,,0,70,,3242,28,,,0,30,,3253,28,,,0,70,,3243,28,,,0,30,,3254,28,,,0,70,,3244,28,,,0,30,,3255,28,,,0,70,,3245,28,,,0,30,,3256,28,,,0,70,,3246,28,,,0,30,,3257,28,,,0,70,,3247,28,,,0,30,,3258,28,,,0,70,,3248,28,,,0
401,'Weekday-01',553,,3259,28,,,0,70,,3260,28,,,0,30,,3261,28,,,0,70,,3262,28,,,0,30,,3263,28,,,0,70,,3264,28,,,0,30,,3265,28,,,0,70,,3266,28,,,0,30,,3267,28,,,0,70,,3268,28,,,0,30,,3269,28,,,0,70,,3270,28,,,0,30,,3271,28,,,0,70,,3272,28,,,0,30,,3273,28,,,0,70,,3274,28,,,0,30,,3275,28,,,0,70,,3276,28,,,0,30,,3277,28,,,0,70,,3278,28,,,0,30,,3279,28,,,0,70,,3280,28,,,0,30,,3281,28,,,0,70,,3282,28,,,0,30,,3283,28,,,0,69,,3284,28,,,0,92,,3285,28,,,0,25,,3286,28,,,0,70,,3287,28,,,0,30,,3288,28,,,0,75,,3289,28,,,0,100,,3290,28,,,0,100,,3291,28,,,0,100,,3292,28,,,0
700,'Saturday-01',643,,3382,45,,,0,100,,3383,45,,,0,70,,3384,45,,,0,30,,3385,45,,,0,70,,3386,45,,,0,30,,3387,45,,,0,70,,3388,45,,,0,30,,3389,45,,,0,70,,3390,45,,,0,30,,3391,45,,,0,70,,3392,45,,,0,30,,3393,45,,,0,70,,3394,45,,,0,30,,3395,45,,,0,70,,3396,45,,,0,30,,3397,45,,,0,70,,3398,45,,,0,30,,3399,45,,,0,70,,3400,45,,,0,30,,3401,45,,,0,70,,3402,45,,,0,30,,3403,45,,,0,70,,3404,45,,,0,45,,3405,45,,,0,85,,3406,45,,,0,70,,3407,45,,,0,100,,3408,45,,,0,100,,3409,45,,,0,100,,3410,45,,,0,100,,3411,45,,,0
700,'Sunday-01',843,,3422,45,,,0,70,,3423,45,,,0,30,,3424,45,,,0,70,,3425,45,,,0,30,,3426,45,,,0,70,,3427,45,,,0,30,,3428,45,,,0,70,,3429,45,,,0,30,,3430,45,,,0,70,,3431,45,,,0,30,,3421,45,,,0,70,,3417,45,,,0,30,,3412,45,,,0,70,,3413,45,,,0,30,,3414,45,,,0,70,,3415,45,,,0,30,,3416,45,,,0,70,,3418,45,,,0,30,,3419,45,,,0,70,,3420,45,,,0
700,'Weekday-01',613,,3432,45,,,0,30,,3433,45,,,0,15,,3434,45,0,7,0,55,,3435,45,,,0,15,,3436,45,,,0,15,,3437,45,,,0,15,,3438,45,,,0,55,,3439,45,,,0,15,,3440,45,,,0,15,,3441,45,,,0,15,,3442,45,,,0,55,,3443,45,,,0,30,,3444,45,,,0,70,,3445,45,,,0,30,,3446,45,,,0,70,,3447,45,,,0,30,,3448,45,,,0,70,,3449,45,,,0,30,,3450,45,,,0,70,,3451,45,,,0,30,,3452,45,,,0,70,,3453,45,,,0,30,,3454,45,,,0,65,,3455,45,,,0,30,,3456,45,,,0,70,,3457,45,,,0,30,,3458,45,,,0,70,,3459,45,,,0,30,,3460,45,,,0,75,,3461,45,,,0,45,,3462,45,,,0,85,,3463,45,,,0,70,,3464,45,,,0,100,,3465,45,,,0,100,,3466,45,,,0,100,,3467,45,,,0,100,,3468,45,,,0
900,'Saturday-01',628,,3681,44,,,0,30,,3682,44,,,0,70,,3683,44,,,0,30,,3684,44,,,0,70,,3685,44,,,0,30,,3686,44,,,0,70,,3687,44,,,0,30,,3688,44,,,0,70,,3689,44,,,0,30,,3690,44,,,0,70,,3691,44,,,0,30,,3692,44,,,0,70,,3693,44,,,0,30,,3694,44,,,0,70,,3695,44,,,0,30,,3696,44,,,0,70,,3697,44,,,0,30,,3698,44,,,0,70,,3699,44,,,0,30,,3700,44,,,0,70,,3701,44,,,0,30,,3702,44,,,0,86,,3703,44,,,0,70,,3704,44,,,0,30,,3705,44,,,0,85,,3706,44,,,0,30,,3708,44,,,0,85,,3709,44,,,0,100,,3710,44,,,0,100,,3711,44,,,0,100,,3707,44,,,0
900,'Sunday-01',758,,3731,44,,,0,70,,3733,44,,,0,30,,3721,44,,,0,70,,3720,44,,,0,30,,3722,44,,,0,70,,3715,44,,,0,30,,3723,44,,,0,70,,3716,44,,,0,30,,3724,44,,,0,70,,3717,44,,,0,30,,3725,44,,,0,70,,3718,44,,,0,30,,3726,44,,,0,70,,3719,44,,,0,30,,3727,44,,,0,70,,3712,44,,,0,30,,3728,44,,,0,70,,3713,44,,,0,30,,3729,44,,,0,70,,3714,44,,,0,30,,3730,44,,,0,70,,3732,44,,,0
900,'Weekday-01',558,,3734,44,,,0,70,,3735,44,,,0,25,,3736,44,,,0,70,,3737,44,,,0,30,,3738,44,,,0,70,,3739,44,,,0,30,,3740,44,,,0,75,,3741,44,,,0,30,,3742,44,,,0,70,,3743,44,,,0,30,,3744,44,,,0,70,,3745,44,,,0,30,,3746,44,,,0,70,,3747,44,,,0,30,,3748,44,,,0,70,,3749,44,,,0,30,,3750,44,,,0,70,,3751,44,,,0,30,,3752,44,,,0,55,,3753,44,,,0,15,,3754,44,,,0,15,,3755,44,,,0,15,,3756,44,,,0,70,,3757,44,,,0,15,,3758,44,,,0,15,,3759,44,,,0,55,,3760,44,,,0,30,,3761,44,,,0,70,,3762,44,,,0,30,,3763,44,,,0,85,,3764,44,,,0,30,,3765,44,,,0,85,,3766,44,,,0,100,,3767,44,,,0,100,,3768,44,,,0,100,,3769,44,,,0
1000,'Saturday-01',643,,3858,18,,,0,100,,3859,18,,,0,100,,3860,18,,,0,70,,3861,18,,,0,30,,3862,18,,,0,70,,3863,18,,,0,30,,3864,18,,,0,70,,3865,18,,,0,30,,3866,18,,,0,70,,3867,18,,,0,30,,3868,18,,,0,70,,3869,18,,,0,30,,3870,18,,,0,70,,3871,18,,,0,30,,3872,18,,,0,70,,3873,18,,,0,30,,3874,18,,,0,70,,3875,18,,,0,30,,3876,18,,,0,70,,3877,18,,,0,30,,3878,18,,,0,70,,3879,18,,,0,45,,3880,18,,,0,85,,3881,18,,,0,85,,3882,18,,,0,86,,3883,18,,,0,99,,3884,18,,,0
1000,'Sunday-01',828,,3885,18,,,0,100,,3886,18,,,0,100,,3887,18,,,0,100,,3888,18,,,0,100,,3889,18,,,0,100,,3890,18,,,0,100,,3891,18,,,0,100,,3892,18,,,0,100,,3893,18,,,0,100,,3894,18,,,0,100,,3895,18,,,0
1000,'Weekday-01',613,,3914,18,,,0,30,,3915,18,,,0,70,,3916,18,,,0,30,,3917,18,,,0,70,,3918,18,,,0,30,,3896,18,,,0,70,,3897,18,,,0,30,,3898,18,,,0,70,,3899,18,,,0,30,,3900,18,,,0,70,,3901,18,,,0,30,,3902,18,,,0,70,,3903,18,,,0,30,,3904,18,,,0,70,,3905,18,,,0,30,,3906,18,,,0,70,,3907,18,,,0,30,,3919,18,,,0,70,,3920,18,,,0,30,,3921,18,,,0,70,,3922,18,,,0,30,,3923,18,,,0,70,,3924,18,,,0,30,,3925,18,,,0,70,,3908,18,,,0,45,,3909,18,,,0,85,,3910,18,,,0,85,,3911,18,,,0,86,,3912,18,,,0,99,,3913,18,,,0
1200,'Saturday-01',643,,3998,35,,,0,100,,3999,35,,,0,100,,4000,35,,,0,70,,4001,35,,,0,30,,4002,35,,,0,70,,4003,35,,,0,30,,4004,35,,,0,70,,4005,35,,,0,30,,4006,35,,,0,70,,4007,35,,,0,30,,4008,35,,,0,70,,4009,35,,,0,30,,4010,35,,,0,70,,4011,35,,,0,30,,4012,35,,,0,70,,4013,35,,,0,30,,4014,35,,,0,70,,4015,35,,,0,30,,4016,35,,,0,70,,4021,35,,,0,30,,4022,35,,,0,70,,4017,35,,,0,100,,4018,35,,,0,100,,4023,35,,,0,100,,4024,35,,,0,100,,4025,35,,,0,100,,4026,35,,,0,100,,4027,35,,,0
1200,'Sunday-01',828,,4028,35,,,0,100,,4029,35,,,0,100,,4030,35,,,0,100,,4031,35,,,0,100,,4032,35,,,0,100,,4033,35,,,0,100,,4034,35,,,0,100,,4035,35,,,0,100,,4036,35,,,0,100,,4037,35,,,0,100,,4038,35,,,0
1200,'Weekday-01',613,,4066,35,,,0,30,,4067,35,,,0,70,,4068,35,,,0,30,,4069,35,,,0,70,,4055,35,,,0,30,,4056,35,,,0,70,,4047,35,,,0,30,,4048,35,,,0,70,,4046,35,,,0,30,,4045,35,,,0,70,,4044,35,,,0,30,,4043,35,,,0,70,,4042,35,,,0,30,,4041,35,,,0,70,,4040,35,,,0,30,,4039,35,,,0,70,,4064,35,,,0,30,,4063,35,,,0,70,,4062,35,,,0,30,,4061,35,,,0,70,,4057,35,,,0,30,,4058,35,,,0,70,,4059,35,,,0,30,,4060,35,,,0,70,,4065,35,,,0,100,,4049,35,,,0,100,,4050,35,,,0,100,,4051,35,,,0,100,,4052,35,,,0,100,,4053,35,,,0,100,,4054,35,,,0
1500,'Saturday-01',857,,4143,22,,,0,90,,4144,22,,,0,90,,4145,22,,,0,90,,4146,22,,,0,90,,4147,22,,,0,90,,4148,22,,,0,50,,4149,22,,,0,90,,4150,22,,,0,90,,4151,22,,,0,90,,4152,22,,,0,90,,4153,22,,,0,90,,4142,22,,,0
1500,'Weekday-01',857,,4154,22,,,0,90,,4156,22,,,0,90,,4157,22,,,0,90,,4158,22,,,0,90,,4159,22,,,0,90,,4160,22,,,0,50,,4161,22,,,0,90,,4162,22,,,0,90,,4163,22,,,0,90,,4164,22,,,0,90,,4165,22,,,0,90,,4155,22,,,0
3000,'Weekday-01',651,,4499,7,,,0,70,,4493,7,,,0,30,,4500,7,,,0,70,,4501,7,,,0,30,,4502,7,,,0,70,,4503,7,,,0,30,,4494,7,,,0,70,,4495,7,,,0,30,,4504,7,,,0,72,,4505,7,,,0,30,,4506,7,,,0,70,,4507,7,,,0,33,,4508,7,,,0,70,,4496,7,,,0,30,,4509,7,,,0,70,,4510,7,,,0,30,,4511,7,,,0,70,,4512,7,,,0,30,,4497,7,,,0,70,,4498,7,,,0,30,,4513,7,,,0
