101,'Saturday-01',718,,98,36,,,0,30,,99,36,,,0,75,,129,32,0,6,0,30,,118,32,,,0,70,,119,32,,,0,30,,120,32,,,0,70,,121,32,,,0,30,,122,32,,,0,70,,123,32,,,0,30,,124,32,,,0,70,,125,32,,,0,30,,108,34,,,0,65,,100,36,,,0,30,,101,36,,,0,10,,109,34,,,0,75,,110,34,,,0,75,,102,36,,,0,40,,103,36,,,0,55,,114,34,,,0,40,,115,32,,,0,70,,116,32,,,0,40,,111,34,,,0,70,,112,34,,,0,30,,113,34,,,0,99,,126,32,,,0,70,,127,32,,,0,95,,104,36,,,0,83,,105,36,,,0,20,,117,32,,,0,100,,106,36,,,0,85,,107,36,,,0
101,'Sunday-01',804,,130,32,,,0,100,,131,34,,,0,100,,132,34,,,0,100,,133,34,,,0,100,,134,34,,,0,105,,137,36,,,0,100,,138,36,,,0,105,,139,36,,,0,100,,140,36,,,0,100,,135,34,,,0,106,,136,34,,,0
101,'Weekday-01',612,,189,32,,,0,16,,144,23,,,0,10,,172,32,,,0,65,,161,23,,,0,15,,145,36,,,0,15,,146,36,,,0,15,,147,36,,,0,10,,173,32,,,0,45,,148,36,,,0,25,,143,23,,,0,20,,175,32,,,0,60,,176,32,,,0,30,,188,32,,,0,80,,177,32,,,0,34,,178,32,,,0,70,,179,32,,,0,30,,180,32,,,0,70,,181,32,,,0,96,,149,36,,,0,30,,150,36,,,0,70,,151,36,,,0,30,,152,36,,,0,70,,153,36,,,0,30,,154,36,,,0,55,,162,34,,,0,10,,163,34,,,0,10,,182,32,,,0,20,,164,34,,,0,10,,183,32,,,0,60,,165,34,,,0,5,,184,32,,,0,25,,166,34,,,0,5,,185,32,,,0,65,,167,34,,,0,5,,186,32,,,0,40,,168,34,,,0,50,,187,32,,,0,30,,174,32,,,0,70,,170,32,,,0,50,,155,36,,,0,60,,156,36,,,0,35,,157,36,,,0,70,,158,36,,,0,100,,159,36,,,0,25,,160,36,,,0,70,,171,32,,,0
200,'Saturday-01',641,,190,26,,,0,70,,191,26,,,0,29,,192,26,,,0,70,,193,26,,,0,30,,194,26,,,0,70,,195,26,,,0,30,,196,26,,,0,70,,197,26,,,0,30,,198,26,,,0,70,,199,26,,,0,30,,200,26,,,0,70,,201,26,,,0,30,,202,26,,,0,70,,203,26,,,0,30,,204,26,,,0,70,,205,26,,,0,30,,206,26,,,0,70,,207,26,,,0,30,,208,26,,,0,70,,209,26,,,0,30,,210,26,,,0,70,,211,26,,,0,30,,212,26,,,0,70,,213,26,,,0,30,,214,26,,,0,70,,215,26,,,0,30,,217,26,,,0,70,,218,26,,,0,30,,219,26,,,0,70,,220,26,,,0,100,,221,26,,,0,100,,222,26,,,0,100,,223,26,,,0
200,'Sunday-01',826,,224,26,,,0,30,,225,26,,,0,70,,226,26,,,0,30,,227,26,,,0,70,,228,26,,,0,30,,229,26,,,0,70,,230,26,,,0,30,,231,26,,,0,70,,232,26,,,0,30,,233,26,,,0,70,,234,26,,,0,30,,235,26,,,0,70,,236,26,,,0,30,,237,26,,,0,70,,238,26,,,0,30,,239,26,,,0,70,,240,26,,,0,30,,241,26,,,0,70,,242,26,,,0
200,'Weekday-01',611,,244,26,,,0,30,,243,26,,,0,14,,284,26,,,0,55,,247,26,,,0,15,,248,26,,,0,15,,249,26,,,0,15,,250,26,,,0,55,,245,26,,,0,15,,246,26,,,0,30,,251,26,,,0,70,,252,26,,,0,20,,275,26,,,0,70,,256,26,,,0,30,,257,26,,,0,70,,258,26,,,0,30,,259,26,,,0,70,,260,26,,,0,30,,261,26,,,0,70,,262,26,,,0,30,,253,26,,,0,70,,254,26,,,0,25,,255,26,,,0,65,,263,26,,,0,20,,264,26,,,0,15,,265,26,,,0,15,,266,26,,,0,55,,267,26,,,0,15,,268,26,,,0,15,,269,26,,,0,15,,270,26,,,0,55,,271,26,,,0,30,,276,26,,,0,70,,277,26,,,0,30,,278,26,,,0,70,,279,26,,,0,30,,280,26,,,0,70,,272,26,,,0,30,,273,26,,,0,70,,274,26,,,0,100,,281,26,,,0,100,,282,26,,,0,100,,283,26,,,0
300,'Saturday-01',640,,400,36,,,0,70,,383,36,,,0,30,,384,36,,,0,70,,385,36,,,0,30,,386,36,,,0,70,,387,36,,,0,30,,388,36,,,0,70,,389,36,,,0,30,,390,36,,,0,70,,401,36,,,0,30,,391,36,,,0,70,,402,36,,,0,30,,403,36,,,0,70,,404,36,,,0,30,,405,36,,,0,70,,392,36,,,0,30,,393,36,,,0,70,,406,36,,,0,30,,394,36,,,0,70,,395,36,,,0,30,,396,36,,,0,70,,397,36,,,0,30,,407,36,,,0,71,,408,36,,,0,30,,398,36,,,0,70,,409,36,,,0,30,,399,36,,,0,70,,410,36,,,0,30,,414,36,,,0,70,,411,36,,,0,100,,412,36,,,0,100,,413,36,,,0,100,,415,36,,,0
300,'Sunday-01',825,,416,36,,,0,30,,417,36,,,0,70,,418,36,,,0,30,,419,36,,,0,70,,420,36,,,0,30,,421,36,,,0,70,,422,36,,,0,30,,423,36,,,0,70,,424,36,,,0,30,,425,36,,,0,70,,426,36,,,0,30,,427,36,,,0,70,,428,36,,,0,30,,429,36,,,0,70,,430,36,,,0,30,,431,36,,,0,70,,432,36,,,0,30,,433,36,,,0,70,,434,36,,,0,30,,435,36,,,0,70,,436,36,,,0
300,'Weekday-01',610,,437,36,,,0,30,,438,36,,,0,15,,439,36,,,0,55,,440,36,,,0,15,,441,36,,,0,15,,442,36,,,0,15,,443,36,,,0,55,,444,36,,,0,15,,445,36,,,0,15,,446,36,,,0,70,,447,36,,,0,30,,448,36,,,0,70,,449,36,,,0,30,,450,36,,,0,70,,451,36,,,0,30,,452,36,,,0,70,,453,36,,,0,30,,454,36,,,0,70,,455,36,,,0,30,,456,36,,,0,70,,457,36,,,0,30,,458,36,,,0,70,,459,36,,,0,30,,460,36,,,0,16,,461,36,,,0,54,,462,36,,,0,15,,463,36,,,0,15,,464,36,,,0,15,,465,36,,,0,55,,466,36,,,0,30,,467,36,,,0,70,,468,36,,,0,31,,469,36,,,0,70,,470,36,,,0,30,,471,36,,,0,70,,472,36,,,0,30,,477,36,,,0,70,,476,36,,,0,100,,473,36,,,0,100,,474,36,,,0,100,,475,36,,,0
4000,'Saturday-01',618,,2032,26,,,0,30,,2033,26,,,0,70,,2034,26,,,0,30,,2035,26,,,0,70,,2036,26,,,0,30,,2037,26,,,0,70,,2038,26,,,0,30,,2039,26,,,0,70,,2040,26,,,0,30,,2041,26,,,0,70,,2042,26,,,0,30,,2043,26,,,0,70,,2044,26,,,0,30,,2045,26,,,0,70,,2046,26,,,0,30,,2047,26,,,0,70,,2048,26,,,0,30,,2049,26,,,0,70,,2050,26,,,0,30,,2051,26,,,0,70,,2052,26,,,0,30,,2053,26,,,0,70,,2054,26,,,0,30,,2055,26,,,0,70,,2056,26,,,0,30,,2057,26,,,0,70,,2058,26,,,0,30,,2059,26,,,0,70,,2060,26,,,0,30,,2061,26,,,0,70,,2062,26,,,0,30,,2063,26,,,0,70,,2064,26,,,0,30,,2065,26,,,0,70,,2066,26,,,0,100,,2067,26,,,0
4000,'Sunday-01',818,,2068,26,,,0,30,,2069,26,,,0,70,,2070,26,,,0,30,,2071,26,,,0,70,,2072,26,,,0,30,,2073,26,,,0,70,,2074,26,,,0,30,,2075,26,,,0,70,,2076,26,,,0,30,,2077,26,,,0,70,,2078,26,,,0,30,,2079,26,,,0,70,,2080,26,,,0,30,,2081,26,,,0,70,,2082,26,,,0,30,,2083,26,,,0,70,,2084,26,,,0,30,,2085,26,,,0,70,,2086,26,,,0,30,,2087,26,,,0,70,,2088,26,,,0
4000,'Weekday-01',618,,2126,26,,,0,30,,2117,26,,,0,70,,2118,26,,,0,30,,2119,26,,,0,70,,2120,26,,,0,30,,2121,26,,,0,70,,2122,26,,,0,30,,2123,26,,,0,70,,2124,26,,,0,30,,2125,26,,,0,70,,2092,26,,,0,30,,2114,26,,,0,70,,2113,26,,,0,30,,2112,26,,,0,70,,2111,26,,,0,30,,2093,26,,,0,70,,2110,26,,,0,30,,2109,26,,,0,70,,2115,26,,,0,30,,2094,26,,,0,70,,2095,26,,,0,30,,2096,26,,,0,70,,2108,26,,,0,30,,2116,26,,,0,70,,2098,26,,,0,30,,2100,26,,,0,70,,2107,26,,,0,30,,2106,26,,,0,70,,2105,26,,,0,30,,2097,26,,,0,70,,2104,26,,,0,30,,2103,26,,,0,70,,2102,26,,,0,30,,2101,26,,,0,70,,2091,26,,,0,100,,2099,26,,,0
