100,'Saturday-01',616,,1,27,0,5,0,30,,2,27,0,5,0,100,,7,27,0,5,0,70,,8,27,0,5,0,30,,9,27,0,5,0,70,,10,27,0,5,0,30,,11,27,0,5,0,70,,12,27,0,5,0,30,,13,27,0,5,0,70,,14,27,0,5,0,30,,15,27,0,5,0,55,,20,2,0,5,0,15,,3,27,0,5,0,30,,4,27,0,5,0,70,,25,27,0,5,0,30,,26,27,0,5,0,60,,5,27,0,5,0,30,,6,27,0,5,0,70,,21,27,0,5,0,30,,22,27,0,5,0,70,,23,27,0,5,0,30,,24,27,0,5,0,70,,27,27,0,5,0,30,,28,27,0,5,0,70,,29,27,0,5,0,109,,16,56,0,5,0,30,,17,56,0,5,0,70,,30,56,0,5,0,43,,31,56,0,5,0,70,,18,56,0,5,0,95,,32,56,0,5,0,85,,33,56,0,5,0,18,,34,56,0,5,0,105,,19,56,0,5,0
100,'Sunday-01',813,,38,56,0,5,0,100,,39,56,0,5,0,100,,40,56,0,5,0,100,,41,56,0,5,0,100,,43,56,0,5,0,100,,44,56,0,5,0,105,,45,56,0,5,0,100,,46,56,0,5,0,105,,47,56,0,5,0,100,,42,56,0,5,0,108,,36,56,0,5,0
100,'Weekday-01',601,,48,2,0,5,0,15,,60,27,0,8,0,10,,86,27,0,8,0,5,,61,27,0,8,0,15,,62,27,0,8,0,55,,63,27,0,8,0,20,,49,27,0,5,0,15,,66,27,0,8,0,15,,50,27,0,5,0,60,,51,27,0,5,0,20,,52,27,0,5,0,70,,53,27,0,5,0,20,,54,27,0,5,0,20,,55,27,0,5,0,75,,71,29,0,5,0,30,,72,29,0,5,0,70,,73,29,0,5,0,30,,74,29,0,5,0,70,,67,29,0,8,0,30,,68,29,0,8,0,70,,64,27,0,8,0,30,,65,27,0,8,0,70,,69,29,0,8,0,30,,70,29,0,8,0,70,,93,29,0,8,0,10,,87,27,0,8,0,20,,75,29,0,5,0,10,,88,27,0,8,0,60,,76,29,0,5,0,10,,89,27,0,8,0,15,,56,27,0,5,0,15,,90,27,0,8,0,55,,57,27,0,5,0,15,,91,27,0,8,0,15,,58,27,0,5,0,70,,92,27,0,8,0,20,,59,27,0,5,0,70,,77,56,0,5,0,30,,78,56,0,5,0,75,,94,56,0,8,0,10,,81,56,0,8,0,35,,82,56,0,8,0,70,,83,56,0,8,0,100,,84,56,0,8,0,20,,85,56,0,8,0,100,,79,56,0,5,0,88,,80,56,0,5,0
201,'Saturday-01',646,,285,37,,,0,70,,286,37,,,0,30,,287,37,,,0,70,,288,37,,,0,30,,289,37,,,0,70,,290,37,,,0,30,,291,37,,,0,70,,292,37,,,0,30,,293,37,,,0,70,,294,37,,,0,30,,295,37,,,0,70,,296,37,,,0,30,,297,37,,,0,70,,298,37,,,0,30,,299,37,,,0,70,,300,37,,,0,30,,301,37,,,0,70,,302,37,,,0,30,,303,37,,,0,70,,304,37,,,0,30,,305,37,,,0,70,,306,37,,,0,30,,307,37,,,0,70,,308,37,,,0,30,,309,37,,,0,70,,310,37,,,0,30,,311,37,,,0,70,,312,37,,,0,30,,313,37,,,0,70,,314,37,,,0,100,,315,37,,,0,100,,316,37,,,0,100,,317,37,,,0
201,'Sunday-01',831,,318,37,,,0,70,,319,37,,,0,30,,320,37,,,0,70,,321,37,,,0,30,,322,37,,,0,70,,323,37,,,0,30,,324,37,,,0,70,,325,37,,,0,30,,326,37,,,0,70,,327,37,,,0,30,,328,37,,,0,70,,329,37,,,0,30,,330,37,,,0,70,,331,37,,,0,30,,332,37,,,0,70,,333,37,,,0,30,,334,37,,,0,70,,335,37,,,0,30,,336,37,,,0,70,,337,37,,,0
201,'Weekday-01',616,,340,37,,,0,30,,341,37,,,0,55,,342,37,,,0,15,,343,37,,,0,15,,344,37,,,0,15,,345,37,,,0,55,,346,37,,,0,15,,381,37,,,0,15,,347,37,,,0,15,,348,37,,,0,70,,380,37,,,0,30,,349,37,,,0,70,,350,37,,,0,30,,351,37,,,0,70,,352,37,,,0,30,,353,37,,,0,70,,354,37,,,0,30,,355,37,,,0,70,,356,37,,,0,25,,357,37,,,0,70,,358,37,,,0,35,,359,37,,,0,70,,360,37,,,0,15,,361,37,,,0,15,,362,37,,,0,55,,363,37,,,0,15,,364,37,,,0,15,,365,37,,,0,15,,366,37,,,0,55,,367,37,,,0,15,,368,37,,,0,30,,369,37,,,0,70,,370,37,,,0,30,,371,37,,,0,70,,372,37,,,0,30,,373,37,,,0,70,,374,37,,,0,30,,375,37,,,0,70,,376,37,,,0,100,,377,37,,,0,100,,378,37,,,0,100,,379,37,,,0
301,'Saturday-01',706,,501,15,,,0,30,,478,15,,,0,70,,479,15,,,0,30,,480,15,,,0,70,,481,15,,,0,30,,482,15,,,0,70,,483,15,,,0,30,,484,15,,,0,70,,485,15,,,0,30,,502,15,,,0,70,,486,15,,,0,30,,503,15,,,0,70,,504,15,,,0,30,,505,15,,,0,70,,506,15,,,0,30,,487,15,,,0,70,,488,15,,,0,30,,507,15,,,0,70,,489,15,,,0,30,,490,15,,,0,70,,491,15,,,0,30,,492,15,,,0,70,,508,15,,,0,30,,509,15,,,0,80,,493,14,,,0,30,,494,14,,,0,70,,495,14,,,0,30,,496,14,,,0,70,,497,14,,,0,100,,498,14,,,0,100,,499,14,,,0,100,,500,14,,,0
301,'Sunday-01',831,,510,15,,,0,70,,521,15,,,0,30,,522,15,,,0,70,,523,15,,,0,30,,524,15,,,0,70,,525,15,,,0,30,,526,15,,,0,70,,527,15,,,0,30,,528,15,,,0,70,,529,15,,,0,30,,530,15,,,0,70,,511,15,,,0,30,,512,15,,,0,70,,513,15,,,0,30,,514,15,,,0,70,,515,15,,,0,30,,516,15,,,0,70,,517,15,,,0,30,,518,15,,,0,70,,519,15,,,0,30,,520,15,,,0
301,'Weekday-01',601,,531,15,,,0,30,,532,15,,,0,70,,533,15,,,0,15,,534,15,,,0,15,,535,15,,,0,15,,536,15,,,0,55,,537,15,,,0,15,,538,15,,,0,15,,539,15,,,0,70,,540,15,,,0,30,,541,15,,,0,70,,542,15,,,0,30,,543,15,,,0,70,,544,15,,,0,30,,545,15,,,0,70,,546,15,,,0,30,,547,15,,,0,70,,548,15,,,0,30,,549,15,,,0,70,,550,15,,,0,30,,551,15,,,0,70,,552,15,,,0,15,,553,15,,,0,15,,554,15,,,0,15,,555,15,,,0,55,,556,15,,,0,30,,557,15,,,0,15,,558,15,,,0,55,,559,15,,,0,15,,560,15,,,0,30,,561,15,,,0,70,,562,14,,,0,30,,563,14,,,0,70,,564,14,,,0,30,,565,14,,,0,70,,566,14,,,0,30,,567,14,,,0,70,,568,14,,,0,30,,572,14,,,0,70,,571,15,,,0,100,,569,14,,,0,100,,570,14,,,0
400,'Saturday-01',646,,605,46,,,0,70,,573,46,,,0,30,,604,46,,,0,70,,603,46,,,0,30,,574,46,,,0,70,,602,46,,,0,30,,575,46,,,0,70,,601,46,,,0,30,,600,46,,,0,70,,576,46,,,0,30,,599,46,,,0,70,,577,46,,,0,30,,578,46,,,0,70,,598,46,,,0,30,,597,46,,,0,70,,579,46,,,0,30,,596,46,,,0,70,,595,46,,,0,30,,580,46,,,0,70,,581,46,,,0,30,,582,46,,,0,70,,594,46,,,0,30,,593,46,,,0,70,,592,46,,,0,30,,583,46,,,0,70,,584,46,,,0,30,,591,46,,,0,70,,590,46,,,0,30,,589,46,,,0,70,,585,46,,,0,100,,588,46,,,0,100,,587,46,,,0,100,,586,46,,,0
400,'Sunday-01',831,,606,46,,,0,70,,617,46,,,0,30,,607,46,,,0,70,,618,46,,,0,30,,608,46,,,0,70,,619,46,,,0,30,,609,46,,,0,70,,620,46,,,0,30,,610,46,,,0,70,,621,46,,,0,30,,611,46,,,0,70,,622,46,,,0,30,,612,46,,,0,70,,623,46,,,0,30,,613,46,,,0,70,,624,46,,,0,30,,614,46,,,0,70,,625,46,,,0,30,,615,46,,,0,70,,626,46,,,0,30,,616,46,,,0
400,'Weekday-01',616,,627,46,,,0,30,,628,46,,,0,70,,629,46,,,0,30,,630,46,,,0,70,,631,46,,,0,30,,632,46,,,0,70,,633,46,,,0,30,,634,46,,,0,70,,635,46,,,0,30,,636,46,,,0,70,,637,46,,,0,30,,638,46,,,0,70,,639,46,,,0,30,,640,46,,,0,70,,641,46,,,0,30,,642,46,,,0,70,,643,46,,,0,30,,644,46,,,0,70,,645,46,,,0,30,,646,46,,,0,70,,647,46,,,0,30,,648,46,,,0,70,,649,46,,,0,30,,650,46,,,0,70,,651,46,,,0,30,,652,46,,,0,70,,653,46,,,0,30,,654,46,,,0,70,,655,46,,,0,30,,656,46,,,0,70,,657,46,,,0,100,,658,46,,,0,100,,659,46,,,0,100,,660,46,,,0
500,'Saturday-01',701,,749,2,,,0,100,,750,2,,,0,100,,751,2,,,0,100,,752,2,,,0,100,,753,2,,,0,100,,754,2,,,0,100,,755,2,,,0,100,,756,2,,,0,100,,757,2,,,0,100,,758,2,,,0,100,,759,2,,,0,100,,760,2,,,0
500,'Weekday-01',611,,761,2,,,0,30,,762,2,,,0,70,,763,2,,,0,30,,764,2,,,0,70,,765,2,,,0,90,,766,2,,,0,100,,767,2,,,0,100,,768,2,,,0,100,,769,2,,,0,100,,770,2,,,0,100,,771,2,,,0,100,,772,2,,,0,110,,773,2,,,0,30,,774,2,,,0,70,,775,2,,,0,35,,776,2,,,0
701,'Saturday-01',631,,925,56,,,0,100,,926,56,,,0,70,,927,56,,,0,30,,928,56,,,0,70,,929,56,,,0,30,,930,56,,,0,70,,931,56,,,0,30,,932,56,,,0,70,,933,56,,,0,30,,934,56,,,0,70,,935,56,,,0,30,,936,56,,,0,70,,937,56,,,0,30,,938,56,,,0,70,,939,56,,,0,30,,940,56,,,0,70,,941,56,,,0,30,,942,56,,,0,70,,943,56,,,0,30,,944,56,,,0,70,,945,56,,,0,30,,946,56,,,0,70,,947,56,,,0,30,,948,56,,,0,70,,949,56,,,0,100,,952,56,,,0,45,,953,56,,,0,70,,954,56,,,0,100,,955,56,,,0,100,,956,56,,,0,100,,951,56,,,0
701,'Sunday-01',831,,957,56,,,0,70,,958,56,,,0,30,,959,56,,,0,70,,960,56,,,0,30,,961,56,,,0,70,,962,56,,,0,30,,963,56,,,0,70,,964,56,,,0,30,,965,56,,,0,70,,966,56,,,0,30,,967,56,,,0,70,,968,56,,,0,30,,969,56,,,0,70,,970,56,,,0,30,,971,56,,,0,70,,972,56,,,0,30,,973,56,,,0,70,,974,56,,,0,30,,975,56,,,0,70,,976,56,,,0,30,,977,56,,,0
701,'Weekday-01',601,,978,56,,,0,30,,979,56,,,0,70,,980,56,,,0,20,,981,56,,,0,10,,982,56,,,0,15,,983,56,,,0,55,,984,56,,,0,15,,985,56,,,0,15,,986,56,,,0,70,,987,56,,,0,30,,988,56,,,0,70,,989,56,,,0,30,,990,56,,,0,70,,991,56,,,0,30,,992,56,,,0,70,,993,56,,,0,30,,994,56,,,0,70,,995,56,,,0,30,,996,56,,,0,70,,997,56,,,0,30,,998,56,,,0,70,,999,56,,,0,30,,1000,56,,,0,70,,1001,56,,,0,25,,1002,56,,,0,30,,1003,56,,,0,75,,1004,56,,,0,70,,1005,56,,,0,30,,1006,56,,,0,70,,1007,56,,,0,100,,1008,56,,,0,45,,1009,56,,,0,70,,1010,56,,,0,100,,1011,56,,,0,100,,1012,56,,,0,100,,1013,56,,,0
901,'Saturday-01',646,,1233,35,,,0,70,,1234,35,,,0,30,,1235,35,,,0,70,,1236,35,,,0,30,,1237,35,,,0,70,,1238,35,,,0,30,,1239,35,,,0,70,,1240,35,,,0,30,,1241,35,,,0,70,,1242,35,,,0,30,,1243,35,,,0,70,,1244,35,,,0,30,,1245,35,,,0,70,,1246,35,,,0,30,,1247,35,,,0,70,,1248,35,,,0,30,,1249,35,,,0,70,,1250,35,,,0,30,,1251,35,,,0,70,,1252,35,,,0,30,,1253,35,,,0,70,,1254,35,,,0,30,,1255,35,,,0,70,,1256,35,,,0,85,,1257,35,,,0,45,,1258,35,,,0,86,,1259,35,,,0,70,,1260,35,,,0,44,,1261,35,,,0,100,,1262,35,,,0,100,,1263,35,,,0
901,'Sunday-01',816,,1282,35,,,0,30,,1272,35,,,0,70,,1283,35,,,0,30,,1273,35,,,0,70,,1284,35,,,0,30,,1274,35,,,0,70,,1264,35,,,0,30,,1275,35,,,0,70,,1265,35,,,0,30,,1276,35,,,0,70,,1266,35,,,0,30,,1277,35,,,0,70,,1267,35,,,0,30,,1278,35,,,0,70,,1268,35,,,0,30,,1279,35,,,0,70,,1269,35,,,0,30,,1280,35,,,0,70,,1270,35,,,0,30,,1281,35,,,0,70,,1271,35,,,0
901,'Weekday-01',611,,1285,35,,,0,30,,1286,35,,,0,70,,1287,35,,,0,30,,1288,35,,,0,70,,1289,35,,,0,35,,1290,35,,,0,70,,1291,35,,,0,30,,1292,35,,,0,70,,1293,35,,,0,30,,1294,35,,,0,70,,1295,35,,,0,30,,1296,35,,,0,70,,1297,35,,,0,30,,1298,35,,,0,70,,1299,35,,,0,30,,1300,35,,,0,70,,1301,35,,,0,30,,1302,35,,,0,70,,1303,35,,,0,15,,1304,35,,,0,15,,1305,35,,,0,55,,1306,35,,,0,15,,1307,35,,,0,15,,1308,35,,,0,15,,1309,35,,,0,55,,1310,35,,,0,15,,1311,35,,,0,30,,1312,35,,,0,70,,1313,35,,,0,85,,1314,35,,,0,45,,1315,35,,,0,85,,1316,35,,,0,70,,1317,35,,,0,45,,1318,35,,,0,100,,1319,35,,,0,100,,1320,35,,,0
1001,'Saturday-01',641,,1389,38,,,0,100,,1390,38,,,0,100,,1391,38,,,0,70,,1392,38,,,0,30,,1393,38,,,0,70,,1394,38,,,0,30,,1395,38,,,0,70,,1396,38,,,0,30,,1397,38,,,0,70,,1398,38,,,0,30,,1399,38,,,0,70,,1400,38,,,0,30,,1401,38,,,0,70,,1402,38,,,0,30,,1403,38,,,0,70,,1404,38,,,0,30,,1405,38,,,0,70,,1406,38,,,0,30,,1407,38,,,0,70,,1408,38,,,0,30,,1409,38,,,0,71,,1410,38,,,0,104,,1412,38,,,0,85,,1413,38,,,0,45,,1414,38,,,0,70,,1415,38,,,0,100,,1416,38,,,0
1001,'Sunday-01',831,,1417,38,,,0,100,,1418,38,,,0,100,,1419,38,,,0,100,,1420,38,,,0,100,,1421,38,,,0,100,,1422,38,,,0,100,,1423,38,,,0,100,,1424,38,,,0,100,,1425,38,,,0,100,,1426,38,,,0,100,,1427,38,,,0
1001,'Weekday-01',611,,1460,7,,,0,30,,1446,49,,,0,70,,1447,49,,,0,30,,1448,49,,,0,70,,1449,49,,,0,30,,1450,49,,,0,70,,1451,49,,,0,30,,1428,38,,,0,70,,1429,38,,,0,30,,1430,38,,,0,70,,1431,38,,,0,30,,1432,38,,,0,70,,1433,38,,,0,30,,1434,38,,,0,70,,1435,38,,,0,30,,1436,38,,,0,70,,1437,38,,,0,30,,1438,38,,,0,70,,1439,38,,,0,30,,1440,38,,,0,70,,1452,49,,,0,30,,1453,49,,,0,70,,1454,49,,,0,30,,1455,49,,,0,70,,1456,49,,,0,20,,1457,49,,,0,85,,1441,38,,,0,85,,1442,38,,,0,45,,1443,38,,,0,70,,1444,38,,,0,100,,1445,38,,,0
1201,'Saturday-01',646,,1533,40,,,0,100,,1534,40,,,0,100,,1535,40,,,0,70,,1539,50,,,0,30,,1540,50,,,0,70,,1541,50,,,0,30,,1542,50,,,0,70,,1543,50,,,0,30,,1544,50,,,0,70,,1545,50,,,0,30,,1546,50,,,0,70,,1547,50,,,0,30,,1548,50,,,0,70,,1549,50,,,0,30,,1550,50,,,0,70,,1551,50,,,0,30,,1552,50,,,0,70,,1553,50,,,0,30,,1554,50,,,0,70,,1555,50,,,0,30,,1538,50,,,0,70,,1537,50,,,0,100,,1536,37,,,0,100,,1559,37,,,0,100,,1560,37,,,0,100,,1556,37,,,0,100,,1557,37,,,0,100,,1558,37,,,0
1201,'Sunday-01',831,,1561,40,,,0,100,,1562,40,,,0,100,,1563,40,,,0,100,,1564,40,,,0,100,,1565,40,,,0,100,,1566,40,,,0,100,,1567,40,,,0,100,,1568,40,,,0,100,,1569,40,,,0,100,,1570,40,,,0,100,,1571,40,,,0
1201,'Weekday-01',616,,1598,2,,,0,30,,1599,47,,,0,70,,1600,47,,,0,30,,1601,47,,,0,70,,1602,47,,,0,30,,1603,47,,,0,70,,1578,50,,,0,30,,1589,50,,,0,70,,1590,50,,,0,30,,1591,50,,,0,70,,1592,50,,,0,30,,1593,50,,,0,70,,1594,50,,,0,30,,1595,50,,,0,70,,1596,50,,,0,30,,1579,50,,,0,70,,1580,50,,,0,30,,1581,50,,,0,70,,1582,50,,,0,30,,1588,50,,,0,70,,1583,50,,,0,30,,1584,50,,,0,70,,1585,50,,,0,30,,1586,50,,,0,70,,1587,50,,,0,100,,1572,37,,,0,100,,1573,37,,,0,100,,1574,37,,,0,100,,1575,37,,,0,100,,1576,37,,,0,100,,1577,37,,,0
3001,'Weekday-01',733,,2017,9,,,0,70,,2011,9,,,0,30,,2018,9,,,0,70,,2019,9,,,0,30,,2020,9,,,0,70,,2021,9,,,0,30,,2012,9,,,0,70,,2013,9,,,0,30,,2022,9,,,0,78,,2023,9,,,0,30,,2024,9,,,0,70,,2025,9,,,0,30,,2026,9,,,0,70,,2014,9,,,0,30,,2027,9,,,0,70,,2028,9,,,0,30,,2029,9,,,0,70,,2030,9,,,0,30,,2015,9,,,0,70,,2016,9,,,0,30,,2031,9,,,0
