700,'Saturday-01',613,,838,9,,,0,100,,839,9,,,0,30,,840,9,,,0,70,,841,9,,,0,30,,842,9,,,0,70,,843,9,,,0,30,,844,9,,,0,70,,845,9,,,0,30,,846,9,,,0,70,,847,9,,,0,30,,848,9,,,0,70,,849,9,,,0,30,,850,9,,,0,70,,851,9,,,0,30,,852,9,,,0,70,,853,9,,,0,30,,854,9,,,0,70,,855,9,,,0,30,,856,9,,,0,70,,857,9,,,0,30,,858,9,,,0,70,,859,9,,,0,30,,860,9,,,0,85,,861,9,,,0,85,,862,9,,,0,30,,863,9,,,0,104,,864,9,,,0,100,,865,9,,,0,100,,866,9,,,0,100,,867,9,,,0
700,'Sunday-01',811,,878,9,,,0,30,,879,9,,,0,70,,880,9,,,0,30,,881,9,,,0,70,,882,9,,,0,30,,883,9,,,0,70,,884,9,,,0,30,,885,9,,,0,70,,886,9,,,0,30,,887,9,,,0,70,,877,9,,,0,30,,873,9,,,0,70,,868,9,,,0,30,,869,9,,,0,70,,870,9,,,0,30,,871,9,,,0,70,,872,9,,,0,30,,874,9,,,0,70,,875,9,,,0,30,,876,9,,,0
700,'Weekday-01',541,,888,9,,,0,70,,889,9,,,0,15,,890,9,0,7,0,15,,891,9,,,0,15,,892,9,,,0,55,,893,9,,,0,15,,894,9,,,0,15,,895,9,,,0,15,,896,9,,,0,55,,897,9,,,0,15,,898,9,,,0,15,,899,9,,,0,70,,900,9,,,0,30,,901,9,,,0,70,,902,9,,,0,30,,903,9,,,0,70,,904,9,,,0,30,,905,9,,,0,70,,906,9,,,0,30,,907,9,,,0,70,,908,9,,,0,30,,909,9,,,0,70,,910,9,,,0,25,,911,9,,,0,70,,912,9,,,0,30,,913,9,,,0,70,,914,9,,,0,30,,915,9,,,0,70,,916,9,,,0,33,,917,9,,,0,85,,918,9,,,0,85,,919,9,,,0,30,,920,9,,,0,108,,921,9,,,0,100,,922,9,,,0,100,,923,9,,,0,100,,924,9,,,0
901,'Saturday-01',707,,1233,73,,,0,30,,1234,73,,,0,70,,1235,73,,,0,30,,1236,73,,,0,70,,1237,73,,,0,30,,1238,73,,,0,70,,1239,73,,,0,30,,1240,73,,,0,70,,1241,73,,,0,30,,1242,73,,,0,70,,1243,73,,,0,30,,1244,73,,,0,70,,1245,73,,,0,30,,1246,73,,,0,70,,1247,73,,,0,30,,1248,73,,,0,70,,1249,73,,,0,30,,1250,73,,,0,70,,1251,73,,,0,30,,1252,73,,,0,70,,1253,73,,,0,30,,1254,73,,,0,70,,1255,73,,,0,30,,1256,73,,,0,83,,1257,73,,,0,85,,1258,73,,,0,49,,1259,73,,,0,70,,1260,73,,,0,81,,1261,73,,,0,100,,1262,73,,,0,100,,1263,73,,,0
901,'Sunday-01',837,,1282,73,,,0,70,,1272,73,,,0,30,,1283,73,,,0,70,,1273,73,,,0,30,,1284,73,,,0,70,,1274,73,,,0,30,,1264,73,,,0,70,,1275,73,,,0,30,,1265,73,,,0,70,,1276,73,,,0,30,,1266,73,,,0,70,,1277,73,,,0,30,,1267,73,,,0,70,,1278,73,,,0,30,,1268,73,,,0,70,,1279,73,,,0,30,,1269,73,,,0,70,,1280,73,,,0,30,,1270,73,,,0,70,,1281,73,,,0,30,,1271,73,,,0
901,'Weekday-01',636,,1285,73,,,0,70,,1286,73,,,0,30,,1287,73,,,0,70,,1288,73,,,0,30,,1289,73,,,0,72,,1290,73,,,0,30,,1291,73,,,0,70,,1292,73,,,0,30,,1293,73,,,0,70,,1294,73,,,0,30,,1295,73,,,0,70,,1296,73,,,0,30,,1297,73,,,0,70,,1298,73,,,0,30,,1299,73,,,0,70,,1300,73,,,0,30,,1301,73,,,0,70,,1302,73,,,0,30,,1303,73,,,0,15,,1304,73,,,0,55,,1305,73,,,0,15,,1306,73,,,0,15,,1307,73,,,0,15,,1308,73,,,0,55,,1309,73,,,0,15,,1310,73,,,0,22,,1311,73,,,0,70,,1312,73,,,0,27,,1313,73,,,0,79,,1314,73,,,0,82,,1315,73,,,0,45,,1316,73,,,0,70,,1317,73,,,0,85,,1318,73,,,0,100,,1319,73,,,0,100,,1320,73,,,0
1800,'Saturday-01',610,,1674,1,,,0,30,,1675,1,,,0,70,,1676,1,,,0,30,,1677,1,,,0,70,,1678,1,,,0,30,,1679,1,,,0,70,,1680,1,,,0,30,,1681,1,,,0,70,,1682,1,,,0,30,,1683,1,,,0,70,,1684,1,,,0,30,,1685,1,,,0,70,,1686,1,,,0,30,,1687,1,,,0,70,,1688,1,,,0,30,,1689,1,,,0,70,,1690,1,,,0,30,,1691,1,,,0,70,,1692,1,,,0,30,,1693,1,,,0,70,,1694,1,,,0,30,,1695,1,,,0,70,,1696,1,,,0,30,,1697,1,,,0,70,,1698,1,,,0
1800,'Sunday-01',810,,1699,1,,,0,100,,1700,1,,,0,100,,1701,1,,,0,100,,1702,1,,,0,100,,1703,1,,,0,100,,1704,1,,,0,100,,1705,1,,,0,100,,1706,1,,,0,100,,1707,1,,,0,100,,1708,1,,,0,100,,1709,1,,,0
1800,'Weekday-01',610,,1710,1,,,0,30,,1711,1,,,0,70,,1712,1,,,0,15,,1739,1,,,0,15,,1713,1,,,0,15,,1740,1,,,0,55,,1714,1,,,0,15,,1741,1,,,0,15,,1715,1,,,0,15,,1742,1,,,0,55,,1716,1,,,0,15,,1743,1,,,0,15,,1717,1,,,0,15,,1744,1,,,0,55,,1718,1,,,0,30,,1719,1,,,0,70,,1720,1,,,0,30,,1721,1,,,0,70,,1722,1,,,0,30,,1723,1,,,0,70,,1724,1,,,0,30,,1725,1,,,0,70,,1726,1,,,0,15,,1745,1,,,0,15,,1727,1,,,0,15,,1746,1,,,0,55,,1728,1,,,0,15,,1747,1,,,0,15,,1729,1,,,0,15,,1748,1,,,0,55,,1730,1,,,0,15,,1749,1,,,0,15,,1731,1,,,0,15,,1750,1,,,0,55,,1732,1,,,0,30,,1733,1,,,0,70,,1734,1,,,0,30,,1735,1,,,0,100,,1736,1,,,0,100,,1737,1,,,0,100,,1738,1,,,0
1801,'Saturday-01',610,,1776,23,4,,0,30,,1777,23,4,,0,70,,1751,36,4,,0,30,,1752,36,4,,0,70,,1753,36,4,,0,30,,1754,36,4,,0,70,,1755,36,4,,0,30,,1756,36,4,,0,70,,1757,36,4,,0,30,,1758,36,4,,0,70,,1759,36,4,,0,30,,1760,36,4,,0,70,,1761,36,4,,0,30,,1762,36,4,,0,70,,1763,36,4,,0,30,,1764,36,4,,0,70,,1765,36,4,,0,30,,1766,36,4,,0,70,,1767,36,4,,0,30,,1768,36,4,,0,70,,1769,36,4,,0,30,,1770,36,4,,0,70,,1771,36,4,,0,30,,1772,36,4,,0,70,,1773,36,4,,0,30,,1774,36,4,,0,70,,1775,36,4,,0
1801,'Sunday-01',810,,1778,23,4,,0,100,,1780,36,4,,0,100,,1781,36,4,,0,100,,1782,36,4,,0,100,,1783,36,4,,0,100,,1784,36,4,,0,100,,1785,36,4,,0,100,,1786,36,4,,0,100,,1787,36,4,,0,100,,1788,36,4,,0,100,,1779,36,4,,0,100,,1789,36,4,,0
1801,'Weekday-01',610,,1790,23,4,,0,30,,1791,23,4,,0,70,,1792,36,4,,0,30,,1793,36,4,,0,70,,1794,36,4,,0,15,,1821,36,4,,0,15,,1795,36,4,,0,15,,1822,36,4,,0,55,,1796,36,4,,0,15,,1823,36,4,,0,15,,1797,36,4,,0,15,,1824,36,4,,0,55,,1798,36,4,,0,15,,1825,36,4,,0,15,,1799,36,4,,0,15,,1826,36,4,,0,55,,1800,36,4,,0,30,,1801,36,4,,0,70,,1802,36,4,,0,30,,1803,36,4,,0,70,,1804,36,4,,0,30,,1805,36,4,,0,70,,1806,36,4,,0,30,,1807,36,4,,0,70,,1808,36,4,,0,15,,1827,36,4,,0,15,,1809,36,4,,0,15,,1828,36,4,,0,55,,1810,36,4,,0,15,,1829,36,4,,0,15,,1811,36,4,,0,15,,1830,36,4,,0,55,,1812,36,4,,0,15,,1831,36,4,,0,15,,1813,36,4,,0,15,,1832,36,4,,0,55,,1814,36,4,,0,30,,1815,36,4,,0,70,,1816,36,4,,0,30,,1817,36,4,,0,100,,1818,36,4,,0,100,,1819,36,4,,0,88,,1820,36,4,,0
4000,'Saturday-01',643,,2032,49,4,,0,70,,2033,49,4,,0,30,,2034,49,4,,0,70,,2035,49,4,,0,30,,2036,49,4,,0,70,,2037,49,4,,0,30,,2038,49,4,,0,70,,2039,49,4,,0,30,,2040,49,4,,0,70,,2041,49,4,,0,30,,2042,49,4,,0,70,,2043,49,4,,0,30,,2044,49,4,,0,70,,2045,49,4,,0,30,,2046,49,4,,0,70,,2047,49,4,,0,30,,2048,49,4,,0,70,,2049,49,4,,0,30,,2050,49,4,,0,70,,2051,49,4,,0,30,,2052,49,4,,0,70,,2053,49,4,,0,30,,2054,49,4,,0,70,,2055,49,4,,0,30,,2056,49,4,,0,70,,2057,49,4,,0,30,,2058,49,4,,0,70,,2059,49,4,,0,30,,2060,49,4,,0,70,,2061,49,4,,0,30,,2062,49,4,,0,70,,2063,49,4,,0,30,,2064,49,4,,0,70,,2065,49,4,,0,30,,2066,49,4,,0,100,,2067,49,4,,0
4000,'Sunday-01',843,,2068,49,4,,0,70,,2069,49,4,,0,30,,2070,49,4,,0,70,,2071,49,4,,0,30,,2072,49,4,,0,70,,2073,49,4,,0,30,,2074,49,4,,0,70,,2075,49,4,,0,30,,2076,49,4,,0,70,,2077,49,4,,0,30,,2078,49,4,,0,70,,2079,49,4,,0,30,,2080,49,4,,0,70,,2081,49,4,,0,30,,2082,49,4,,0,70,,2083,49,4,,0,30,,2084,49,4,,0,70,,2085,49,4,,0,30,,2086,49,4,,0,70,,2087,49,4,,0,30,,2088,49,4,,0
4000,'Weekday-01',643,,2126,49,4,,0,70,,2117,49,4,,0,30,,2118,49,4,,0,70,,2119,49,4,,0,30,,2120,49,4,,0,70,,2121,49,4,,0,30,,2122,49,4,,0,70,,2123,49,4,,0,30,,2124,49,4,,0,70,,2125,49,4,,0,30,,2092,49,4,,0,70,,2114,49,4,,0,30,,2113,49,4,,0,70,,2112,49,4,,0,30,,2111,49,4,,0,70,,2093,49,4,,0,30,,2110,49,4,,0,70,,2109,49,4,,0,30,,2115,49,4,,0,70,,2094,49,4,,0,30,,2095,49,4,,0,70,,2096,49,4,,0,30,,2108,49,4,,0,70,,2116,49,4,,0,30,,2098,49,4,,0,70,,2100,49,4,,0,30,,2107,49,4,,0,70,,2106,49,4,,0,30,,2105,49,4,,0,70,,2097,49,4,,0,30,,2104,49,4,,0,70,,2103,49,4,,0,30,,2102,49,4,,0,70,,2101,49,4,,0,30,,2091,49,4,,0,100,,2099,49,4,,0
4001,'Saturday-01',543,,2128,1,,,0,100,,2129,1,,,0,70,,2130,1,,,0,30,,2131,1,,,0,70,,2132,1,,,0,30,,2133,1,,,0,70,,2134,1,,,0,30,,2135,1,,,0,70,,2136,1,,,0,30,,2137,1,,,0,70,,2138,1,,,0,30,,2139,1,,,0,70,,2140,1,,,0,30,,2141,1,,,0,70,,2142,1,,,0,30,,2143,1,,,0,70,,2144,1,,,0,30,,2145,1,,,0,70,,2146,1,,,0,30,,2147,1,,,0,70,,2148,1,,,0,30,,2149,1,,,0,70,,2150,1,,,0,30,,2151,1,,,0,70,,2152,1,,,0,30,,2153,1,,,0,70,,2154,1,,,0,30,,2155,1,,,0,70,,2156,1,,,0,30,,2157,1,,,0,70,,2158,1,,,0,30,,2159,1,,,0,70,,2160,1,,,0,30,,2161,1,,,0,70,,2163,1,,,0,30,,2162,1,,,0
4001,'Sunday-01',743,,2164,1,,,0,70,,2165,1,,,0,30,,2166,1,,,0,70,,2167,1,,,0,30,,2168,1,,,0,70,,2169,1,,,0,30,,2170,1,,,0,70,,2171,1,,,0,30,,2172,1,,,0,70,,2173,1,,,0,30,,2174,1,,,0,70,,2175,1,,,0,30,,2176,1,,,0,70,,2177,1,,,0,30,,2178,1,,,0,70,,2179,1,,,0,30,,2180,1,,,0,70,,2181,1,,,0,30,,2182,1,,,0,70,,2183,1,,,0,30,,2184,1,,,0
4001,'Weekday-01',543,,2220,1,,,0,70,,2185,1,,,0,30,,2186,1,,,0,70,,2187,1,,,0,30,,2188,1,,,0,70,,2189,1,,,0,30,,2190,1,,,0,70,,2191,1,,,0,30,,2192,1,,,0,70,,2193,1,,,0,30,,2194,1,,,0,70,,2195,1,,,0,30,,2196,1,,,0,70,,2197,1,,,0,30,,2198,1,,,0,70,,2199,1,,,0,30,,2200,1,,,0,70,,2201,1,,,0,30,,2202,1,,,0,70,,2203,1,,,0,30,,2204,1,,,0,70,,2205,1,,,0,30,,2206,1,,,0,70,,2207,1,,,0,30,,2208,1,,,0,70,,2209,1,,,0,30,,2210,1,,,0,70,,2211,1,,,0,30,,2212,1,,,0,70,,2213,1,,,0,30,,2214,1,,,0,70,,2215,1,,,0,30,,2216,1,,,0,70,,2217,1,,,0,30,,2218,1,,,0,70,,2221,1,,,0,30,,2219,1,,,0
191600800,'Weekday-01-1111100',755,,2556,1,,,0
191600801,'Weekday-01-1111100',1555,,2558,21,4,,0
