201,'Saturday-01',640,,285,34,,,0,70,,286,34,,,0,30,,287,34,,,0,70,,288,34,,,0,30,,289,34,,,0,70,,290,34,,,0,30,,291,34,,,0,70,,292,34,,,0,30,,293,34,,,0,70,,294,34,,,0,30,,295,34,,,0,70,,296,34,,,0,30,,297,34,,,0,70,,298,34,,,0,30,,299,34,,,0,70,,300,34,,,0,30,,301,34,,,0,70,,302,34,,,0,30,,303,34,,,0,70,,304,34,,,0,30,,305,34,,,0,70,,306,34,,,0,30,,307,34,,,0,70,,308,34,,,0,30,,309,34,,,0,70,,310,34,,,0,30,,311,34,,,0,70,,312,34,,,0,30,,313,34,,,0,70,,314,34,,,0,100,,315,34,,,0,100,,316,34,,,0,100,,317,34,,,0
201,'Sunday-01',826,,318,34,,,0,30,,319,34,,,0,70,,320,34,,,0,30,,321,34,,,0,70,,322,34,,,0,30,,323,34,,,0,70,,324,34,,,0,30,,325,34,,,0,70,,326,34,,,0,30,,327,34,,,0,70,,328,34,,,0,30,,329,34,,,0,70,,330,34,,,0,30,,331,34,,,0,70,,332,34,,,0,30,,333,34,,,0,70,,334,34,,,0,30,,335,34,,,0,70,,336,34,,,0,30,,337,34,,,0
201,'Weekday-01',610,,340,34,,,0,30,,341,34,,,0,15,,342,34,,,0,55,,343,34,,,0,15,,344,34,,,0,15,,345,34,,,0,15,,346,34,,,0,55,,381,34,,,0,15,,347,34,,,0,15,,348,34,,,0,16,,382,34,,,0,54,,380,34,,,0,30,,349,34,,,0,70,,350,34,,,0,30,,351,34,,,0,70,,352,34,,,0,30,,353,34,,,0,70,,354,34,,,0,30,,355,34,,,0,70,,356,34,,,0,25,,357,34,,,0,70,,358,34,,,0,35,,359,34,,,0,70,,360,34,,,0,15,,361,34,,,0,15,,362,34,,,0,13,,363,34,,,0,57,,364,34,,,0,15,,365,34,,,0,15,,366,34,,,0,15,,367,34,,,0,55,,368,34,,,0,30,,369,34,,,0,70,,370,34,,,0,30,,371,34,,,0,70,,372,34,,,0,30,,373,34,,,0,70,,374,34,,,0,30,,375,34,,,0,70,,376,34,,,0,100,,377,34,,,0,100,,378,34,,,0,100,,379,34,,,0
301,'Saturday-01',703,,501,12,,,0,30,,478,12,,,0,70,,479,12,,,0,30,,480,12,,,0,70,,481,12,,,0,30,,482,12,,,0,70,,483,12,,,0,30,,484,12,,,0,70,,485,12,,,0,30,,502,12,,,0,70,,486,12,,,0,30,,503,12,,,0,70,,504,12,,,0,30,,505,12,,,0,70,,506,12,,,0,30,,487,12,,,0,70,,488,12,,,0,30,,507,12,,,0,70,,489,12,,,0,30,,490,12,,,0,70,,491,12,,,0,30,,492,12,,,0,70,,508,12,,,0,31,,509,12,,,0,79,,493,11,,,0,30,,494,11,,,0,70,,495,11,,,0,30,,496,11,,,0,70,,497,11,,,0,100,,498,11,,,0,100,,499,11,,,0,100,,500,11,,,0
301,'Sunday-01',827,,510,12,,,0,30,,521,12,,,0,70,,522,12,,,0,30,,523,12,,,0,70,,524,12,,,0,30,,525,12,,,0,70,,526,12,,,0,30,,527,12,,,0,70,,528,12,,,0,30,,529,12,,,0,70,,530,12,,,0,30,,511,12,,,0,70,,512,12,,,0,30,,513,12,,,0,70,,514,12,,,0,30,,515,12,,,0,70,,516,12,,,0,30,,517,12,,,0,70,,518,12,,,0,30,,519,12,,,0,70,,520,12,,,0
301,'Weekday-01',558,,531,12,,,0,70,,532,12,,,0,30,,533,12,,,0,55,,534,12,,,0,15,,535,12,,,0,15,,536,12,,,0,15,,537,12,,,0,55,,538,12,,,0,15,,539,12,,,0,30,,540,12,,,0,70,,541,12,,,0,30,,542,12,,,0,70,,543,12,,,0,30,,544,12,,,0,70,,545,12,,,0,30,,546,12,,,0,70,,547,12,,,0,30,,548,12,,,0,70,,549,12,,,0,30,,550,12,,,0,70,,551,12,,,0,30,,552,12,,,0,55,,553,12,,,0,15,,554,12,,,0,15,,555,12,,,0,15,,556,12,,,0,70,,557,12,,,0,15,,558,12,,,0,15,,559,12,,,0,55,,560,12,,,0,30,,561,12,,,0,70,,562,11,,,0,30,,563,11,,,0,70,,564,11,,,0,30,,565,11,,,0,70,,566,11,,,0,30,,567,11,,,0,70,,568,11,,,0,30,,572,11,,,0,70,,571,12,,,0,100,,569,11,,,0,100,,570,11,,,0
701,'Saturday-01',627,,925,53,,,0,100,,926,53,,,0,30,,927,53,,,0,70,,928,53,,,0,30,,929,53,,,0,70,,930,53,,,0,30,,931,53,,,0,70,,932,53,,,0,30,,933,53,,,0,70,,934,53,,,0,30,,935,53,,,0,70,,936,53,,,0,30,,937,53,,,0,70,,938,53,,,0,30,,939,53,,,0,70,,940,53,,,0,30,,941,53,,,0,70,,942,53,,,0,30,,943,53,,,0,70,,944,53,,,0,30,,945,53,,,0,70,,946,53,,,0,30,,947,53,,,0,70,,948,53,,,0,30,,949,53,,,0,101,,952,53,,,0,85,,953,53,,,0,70,,954,53,,,0,100,,955,53,,,0,100,,956,53,,,0,100,,951,53,,,0
701,'Sunday-01',827,,957,53,,,0,30,,958,53,,,0,70,,959,53,,,0,30,,960,53,,,0,70,,961,53,,,0,30,,962,53,,,0,70,,963,53,,,0,30,,964,53,,,0,70,,965,53,,,0,30,,966,53,,,0,70,,967,53,,,0,30,,968,53,,,0,70,,969,53,,,0,30,,970,53,,,0,70,,971,53,,,0,30,,972,53,,,0,70,,973,53,,,0,30,,974,53,,,0,70,,975,53,,,0,30,,976,53,,,0,70,,977,53,,,0
701,'Weekday-01',557,,978,53,,,0,70,,979,53,,,0,30,,980,53,,,0,60,,981,53,,,0,10,,982,53,,,0,15,,983,53,,,0,15,,984,53,,,0,55,,985,53,,,0,15,,986,53,,,0,30,,987,53,,,0,70,,988,53,,,0,30,,989,53,,,0,70,,990,53,,,0,30,,991,53,,,0,70,,992,53,,,0,30,,993,53,,,0,70,,994,53,,,0,30,,995,53,,,0,70,,996,53,,,0,30,,997,53,,,0,70,,998,53,,,0,30,,999,53,,,0,70,,1000,53,,,0,30,,1001,53,,,0,65,,1002,53,,,0,30,,1003,53,,,0,75,,1004,53,,,0,30,,1005,53,,,0,70,,1006,53,,,0,30,,1007,53,,,0,101,,1008,53,,,0,85,,1009,53,,,0,70,,1010,53,,,0,100,,1011,53,,,0,100,,1012,53,,,0,100,,1013,53,,,0
1201,'Saturday-01',641,,1533,37,,,0,100,,1534,37,,,0,100,,1535,37,,,0,70,,1539,47,,,0,30,,1540,47,,,0,70,,1541,47,,,0,30,,1542,47,,,0,70,,1543,47,,,0,30,,1544,47,,,0,70,,1545,47,,,0,30,,1546,47,,,0,70,,1547,47,,,0,30,,1548,47,,,0,70,,1549,47,,,0,30,,1550,47,,,0,70,,1551,47,,,0,30,,1552,47,,,0,70,,1553,47,,,0,30,,1554,47,,,0,70,,1555,47,,,0,30,,1538,47,,,0,70,,1537,47,,,0,100,,1536,34,,,0,100,,1559,34,,,0,100,,1560,34,,,0,100,,1556,34,,,0,100,,1557,34,,,0,100,,1558,34,,,0
1201,'Sunday-01',827,,1561,37,,,0,100,,1562,37,,,0,100,,1563,37,,,0,100,,1564,37,,,0,100,,1565,37,,,0,100,,1566,37,,,0,100,,1567,37,,,0,100,,1568,37,,,0,100,,1569,37,,,0,100,,1570,37,,,0,100,,1571,37,,,0
1201,'Weekday-01',641,,1599,44,,,0,70,,1600,44,,,0,30,,1601,44,,,0,70,,1602,44,,,0,30,,1603,44,,,0,70,,1578,47,,,0,30,,1589,47,,,0,70,,1590,47,,,0,30,,1591,47,,,0,70,,1592,47,,,0,30,,1593,47,,,0,70,,1594,47,,,0,30,,1595,47,,,0,70,,1596,47,,,0,30,,1579,47,,,0,70,,1580,47,,,0,30,,1581,47,,,0,70,,1582,47,,,0,30,,1588,47,,,0,70,,1583,47,,,0,30,,1584,47,,,0,70,,1585,47,,,0,30,,1586,47,,,0,70,,1587,47,,,0,30,,1597,47,,,0,70,,1572,34,,,0,100,,1573,34,,,0,100,,1574,34,,,0,100,,1575,34,,,0,100,,1576,34,,,0,100,,1577,34,,,0
3001,'Weekday-01',730,,2017,6,,,0,70,,2011,6,,,0,30,,2018,6,,,0,70,,2019,6,,,0,30,,2020,6,,,0,70,,2021,6,,,0,30,,2012,6,,,0,70,,2013,6,,,0,30,,2022,6,,,0,78,,2023,6,,,0,30,,2024,6,,,0,70,,2025,6,,,0,30,,2026,6,,,0,70,,2014,6,,,0,30,,2027,6,,,0,70,,2028,6,,,0,30,,2029,6,,,0,70,,2030,6,,,0,30,,2015,6,,,0,70,,2016,6,,,0,30,,2031,6,,,0
