400,'Saturday-01',705,,3149,79,4,,0,30,,3117,79,4,,0,70,,3148,79,4,,0,30,,3147,79,4,,0,70,,3118,79,4,,0,30,,3146,79,4,,0,70,,3119,79,4,,0,30,,3145,79,4,,0,70,,3144,79,4,,0,30,,3120,79,4,,0,70,,3143,79,4,,0,30,,3121,79,4,,0,70,,3122,79,4,,0,30,,3142,79,4,,0,70,,3141,79,4,,0,30,,3123,79,4,,0,70,,3140,79,4,,0,30,,3139,79,4,,0,70,,3124,79,4,,0,30,,3125,79,4,,0,70,,3126,79,4,,0,30,,3138,79,4,,0,70,,3137,79,4,,0,30,,3136,79,4,,0,70,,3127,79,4,,0,30,,3128,79,4,,0,70,,3135,79,4,,0,35,,3134,79,4,,0,70,,3133,79,4,,0,30,,3129,79,4,,0,100,,3132,79,4,,0,100,,3131,79,4,,0,100,,3130,79,4,,0
400,'Sunday-01',855,,3150,79,4,,0,70,,3161,79,4,,0,30,,3151,79,4,,0,70,,3162,79,4,,0,30,,3152,79,4,,0,70,,3163,79,4,,0,30,,3153,79,4,,0,70,,3164,79,4,,0,30,,3154,79,4,,0,70,,3165,79,4,,0,30,,3155,79,4,,0,70,,3166,79,4,,0,30,,3156,79,4,,0,70,,3167,79,4,,0,30,,3157,79,4,,0,70,,3168,79,4,,0,30,,3158,79,4,,0,70,,3169,79,4,,0,30,,3159,79,4,,0,70,,3170,79,4,,0,30,,3160,79,4,,0
400,'Weekday-01',642,,3171,79,4,,0,70,,3172,79,4,,0,30,,3173,79,4,,0,70,,3174,79,4,,0,30,,3175,79,4,,0,70,,3176,79,4,,0,30,,3177,79,4,,0,70,,3178,79,4,,0,30,,3179,79,4,,0,70,,3180,79,4,,0,30,,3181,79,4,,0,70,,3182,79,4,,0,30,,3183,79,4,,0,70,,3184,79,4,,0,30,,3185,79,4,,0,70,,3186,79,4,,0,30,,3187,79,4,,0,70,,3188,79,4,,0,30,,3189,79,4,,0,70,,3190,79,4,,0,30,,3191,79,4,,0,70,,3192,79,4,,0,30,,3193,79,4,,0,70,,3194,79,4,,0,33,,3195,79,4,,0,65,,3196,79,4,,0,30,,3197,79,4,,0,70,,3198,79,4,,0,30,,3199,79,4,,0,70,,3200,79,4,,0,30,,3201,79,4,,0,100,,3202,79,4,,0,100,,3203,79,4,,0,100,,3204,79,4,,0
401,'Saturday-01',610,,3237,1,,,0,30,,3236,1,,,0,70,,3205,1,,,0,30,,3235,1,,,0,70,,3206,1,,,0,30,,3234,1,,,0,70,,3233,1,,,0,30,,3207,1,,,0,70,,3232,1,,,0,30,,3208,1,,,0,70,,3231,1,,,0,30,,3230,1,,,0,70,,3229,1,,,0,30,,3228,1,,,0,70,,3209,1,,,0,30,,3227,1,,,0,70,,3210,1,,,0,30,,3211,1,,,0,70,,3226,1,,,0,30,,3212,1,,,0,70,,3213,1,,,0,30,,3214,1,,,0,70,,3215,1,,,0,30,,3216,1,,,0,70,,3225,1,,,0,30,,3224,1,,,0,70,,3223,1,,,0,30,,3217,1,,,0,70,,3218,1,,,0,35,,3222,1,,,0,100,,3221,1,,,0,100,,3220,1,,,0,100,,3219,1,,,0
401,'Sunday-01',800,,3238,1,,,0,30,,3249,1,,,0,70,,3239,1,,,0,30,,3250,1,,,0,70,,3240,1,,,0,30,,3251,1,,,0,70,,3241,1,,,0,30,,3252,1,,,0,70,,3242,1,,,0,30,,3253,1,,,0,70,,3243,1,,,0,30,,3254,1,,,0,70,,3244,1,,,0,30,,3255,1,,,0,70,,3245,1,,,0,30,,3256,1,,,0,70,,3246,1,,,0,30,,3257,1,,,0,70,,3247,1,,,0,30,,3258,1,,,0,70,,3248,1,,,0
401,'Weekday-01',517,,3259,1,,,0,30,,3260,1,,,0,70,,3261,1,,,0,30,,3262,1,,,0,70,,3263,1,,,0,30,,3264,1,,,0,70,,3265,1,,,0,30,,3266,1,,,0,70,,3267,1,,,0,30,,3268,1,,,0,70,,3269,1,,,0,30,,3270,1,,,0,70,,3271,1,,,0,30,,3272,1,,,0,70,,3273,1,,,0,30,,3274,1,,,0,70,,3275,1,,,0,30,,3276,1,,,0,70,,3277,1,,,0,30,,3278,1,,,0,70,,3279,1,,,0,30,,3280,1,,,0,70,,3281,1,,,0,30,,3282,1,,,0,70,,3283,1,,,0,29,,3284,1,,,0,99,,3285,1,,,0,65,,3286,1,,,0,30,,3287,1,,,0,70,,3288,1,,,0,35,,3289,1,,,0,100,,3290,1,,,0,100,,3291,1,,,0,100,,3292,1,,,0
700,'Saturday-01',625,,3382,22,,,0,100,,3383,22,,,0,30,,3384,22,,,0,70,,3385,22,,,0,30,,3386,22,,,0,70,,3387,22,,,0,30,,3388,22,,,0,70,,3389,22,,,0,30,,3390,22,,,0,70,,3391,22,,,0,30,,3392,22,,,0,70,,3393,22,,,0,30,,3394,22,,,0,70,,3395,22,,,0,30,,3396,22,,,0,70,,3397,22,,,0,30,,3398,22,,,0,70,,3399,22,,,0,30,,3400,22,,,0,70,,3401,22,,,0,30,,3402,22,,,0,70,,3403,22,,,0,30,,3404,22,,,0,85,,3405,22,,,0,85,,3406,22,,,0,30,,3407,22,,,0,101,,3408,22,,,0,100,,3409,22,,,0,100,,3410,22,,,0,100,,3411,22,,,0
700,'Sunday-01',825,,3422,22,,,0,30,,3423,22,,,0,70,,3424,22,,,0,30,,3425,22,,,0,70,,3426,22,,,0,30,,3427,22,,,0,70,,3428,22,,,0,30,,3429,22,,,0,70,,3430,22,,,0,30,,3431,22,,,0,70,,3421,22,,,0,30,,3417,22,,,0,70,,3412,22,,,0,30,,3413,22,,,0,70,,3414,22,,,0,30,,3415,22,,,0,70,,3416,22,,,0,30,,3418,22,,,0,70,,3419,22,,,0,30,,3420,22,,,0
700,'Weekday-01',555,,3432,22,,,0,70,,3433,22,,,0,15,,3434,22,0,7,0,15,,3435,22,,,0,55,,3436,22,,,0,15,,3437,22,,,0,15,,3438,22,,,0,15,,3439,22,,,0,55,,3440,22,,,0,15,,3441,22,,,0,15,,3442,22,,,0,15,,3443,22,,,0,70,,3444,22,,,0,30,,3445,22,,,0,70,,3446,22,,,0,30,,3447,22,,,0,70,,3448,22,,,0,30,,3449,22,,,0,70,,3450,22,,,0,30,,3451,22,,,0,70,,3452,22,,,0,30,,3453,22,,,0,70,,3454,22,,,0,25,,3455,22,,,0,70,,3456,22,,,0,30,,3457,22,,,0,70,,3458,22,,,0,30,,3459,22,,,0,70,,3460,22,,,0,35,,3461,22,,,0,85,,3462,22,,,0,85,,3463,22,,,0,30,,3464,22,,,0,101,,3465,22,,,0,100,,3466,22,,,0,100,,3467,22,,,0,100,,3468,22,,,0
801,'Saturday-01',623,,3623,12,,,0,100,,3624,12,,,0,100,,3625,12,,,0,100,,3626,12,,,0,30,,3627,12,,,0,70,,3628,12,,,0,30,,3629,12,,,0,70,,3630,12,,,0,30,,3631,12,,,0,70,,3632,12,,,0,30,,3633,12,,,0,70,,3634,12,,,0,30,,3635,12,,,0,70,,3636,12,,,0,30,,3637,12,,,0,70,,3638,12,,,0,30,,3639,12,,,0,70,,3640,12,,,0,30,,3641,12,,,0,70,,3642,12,,,0,28,,3622,12,,,0,100,,3621,12,,,0,100,,3644,12,,,0,100,,3643,12,,,0
801,'Sunday-01',806,,3646,12,,,0,100,,3647,12,,,0,100,,3648,12,,,0,100,,3649,12,,,0,100,,3650,12,,,0,100,,3651,12,,,0,100,,3652,12,,,0,100,,3653,12,,,0,100,,3654,12,,,0,100,,3655,12,,,0,100,,3656,12,,,0
801,'Weekday-01',522,,3657,12,,,0,35,,3658,12,,,0,75,,3659,12,,,0,75,,3660,12,,,0,35,,3661,12,,,0,75,,3662,12,,,0,35,,3663,12,,,0,75,,3664,12,,,0,75,,3665,12,,,0,35,,3666,12,,,0,75,,3667,12,,,0,35,,3668,12,,,0,75,,3669,12,,,0,35,,3670,12,,,0,75,,3671,12,,,0,75,,3672,12,,,0,35,,3673,12,,,0,75,,3674,12,,,0,35,,3675,12,,,0,75,,3676,12,,,0,75,,3677,12,,,0,110,,3678,12,,,0,110,,3679,12,,,0,110,,3680,12,,,0
900,'Saturday-01',615,,3681,31,,,0,30,,3682,31,,,0,70,,3683,31,,,0,30,,3684,31,,,0,70,,3685,31,,,0,30,,3686,31,,,0,70,,3687,31,,,0,30,,3688,31,,,0,70,,3689,31,,,0,30,,3690,31,,,0,70,,3691,31,,,0,30,,3692,31,,,0,70,,3693,31,,,0,30,,3694,31,,,0,70,,3695,31,,,0,30,,3696,31,,,0,70,,3697,31,,,0,30,,3698,31,,,0,70,,3699,31,,,0,30,,3700,31,,,0,70,,3701,31,,,0,30,,3702,31,,,0,88,,3703,31,,,0,70,,3704,31,,,0,30,,3705,31,,,0,85,,3706,31,,,0,30,,3708,31,,,0,85,,3709,31,,,0,100,,3710,31,,,0,100,,3711,31,,,0,100,,3707,31,,,0
900,'Sunday-01',745,,3731,31,,,0,70,,3733,31,,,0,30,,3721,31,,,0,70,,3720,31,,,0,30,,3722,31,,,0,70,,3715,31,,,0,30,,3723,31,,,0,70,,3716,31,,,0,30,,3724,31,,,0,70,,3717,31,,,0,30,,3725,31,,,0,70,,3718,31,,,0,30,,3726,31,,,0,70,,3719,31,,,0,30,,3727,31,,,0,70,,3712,31,,,0,30,,3728,31,,,0,70,,3713,31,,,0,30,,3729,31,,,0,70,,3714,31,,,0,30,,3730,31,,,0,70,,3732,31,,,0
900,'Weekday-01',545,,3734,31,,,0,70,,3735,31,,,0,25,,3736,31,,,0,70,,3737,31,,,0,30,,3738,31,,,0,70,,3739,31,,,0,30,,3740,31,,,0,75,,3741,31,,,0,30,,3742,31,,,0,70,,3743,31,,,0,30,,3744,31,,,0,70,,3745,31,,,0,30,,3746,31,,,0,70,,3747,31,,,0,30,,3748,31,,,0,70,,3749,31,,,0,30,,3750,31,,,0,70,,3751,31,,,0,30,,3752,31,,,0,55,,3753,31,,,0,15,,3754,31,,,0,15,,3755,31,,,0,15,,3756,31,,,0,70,,3757,31,,,0,15,,3758,31,,,0,15,,3759,31,,,0,55,,3760,31,,,0,28,,3761,31,,,0,30,,3762,31,,,0,70,,3763,31,,,0,85,,3764,31,,,0,32,,3765,31,,,0,85,,3766,31,,,0,100,,3767,31,,,0,100,,3768,31,,,0,100,,3769,31,,,0
1800,'Saturday-01',625,,4209,16,,,0,30,,4210,16,,,0,70,,4211,16,,,0,30,,4212,16,,,0,70,,4213,16,,,0,30,,4214,16,,,0,70,,4215,16,,,0,30,,4216,16,,,0,70,,4217,16,,,0,30,,4218,16,,,0,70,,4219,16,,,0,30,,4220,16,,,0,70,,4221,16,,,0,30,,4222,16,,,0,70,,4223,16,,,0,30,,4224,16,,,0,70,,4225,16,,,0,30,,4226,16,,,0,70,,4227,16,,,0,30,,4228,16,,,0,70,,4229,16,,,0,30,,4230,16,,,0,70,,4231,16,,,0,30,,4232,16,,,0,70,,4233,16,,,0
1800,'Sunday-01',825,,4234,16,,,0,100,,4235,16,,,0,100,,4236,16,,,0,100,,4237,16,,,0,100,,4238,16,,,0,100,,4239,16,,,0,100,,4240,16,,,0,100,,4241,16,,,0,100,,4242,16,,,0,100,,4243,16,,,0,100,,4244,16,,,0
1800,'Weekday-01',625,,4245,16,,,0,30,,4246,16,,,0,70,,4247,16,,,0,30,,4248,16,,,0,70,,4249,16,,,0,30,,4250,16,,,0,70,,4251,16,,,0,30,,4252,16,,,0,70,,4253,16,,,0,30,,4254,16,,,0,70,,4255,16,,,0,30,,4256,16,,,0,70,,4257,16,,,0,30,,4258,16,,,0,70,,4259,16,,,0,30,,4260,16,,,0,70,,4261,16,,,0,30,,4262,16,,,0,70,,4263,16,,,0,30,,4264,16,,,0,70,,4265,16,,,0,30,,4266,16,,,0,70,,4267,16,,,0,30,,4268,16,,,0,70,,4269,16,,,0,30,,4270,16,,,0,100,,4271,16,,,0,100,,4272,16,,,0,95,,4273,16,,,0
4001,'Saturday-01',607,,4631,28,,,0,100,,4632,28,,,0,30,,4633,28,,,0,70,,4634,28,,,0,30,,4635,28,,,0,70,,4636,28,,,0,30,,4637,28,,,0,70,,4638,28,,,0,30,,4639,28,,,0,70,,4640,28,,,0,30,,4641,28,,,0,70,,4642,28,,,0,30,,4643,28,,,0,70,,4644,28,,,0,30,,4645,28,,,0,70,,4646,28,,,0,30,,4647,28,,,0,70,,4648,28,,,0,30,,4649,28,,,0,70,,4650,28,,,0,30,,4651,28,,,0,70,,4652,28,,,0,30,,4653,28,,,0,70,,4654,28,,,0,30,,4655,28,,,0,70,,4656,28,,,0,30,,4657,28,,,0,70,,4658,28,,,0,30,,4659,28,,,0,70,,4660,28,,,0,30,,4661,28,,,0,70,,4662,28,,,0,30,,4663,28,,,0,70,,4664,28,,,0,100,,4665,28,,,0
4001,'Sunday-01',807,,4667,28,,,0,30,,4668,28,,,0,70,,4669,28,,,0,30,,4670,28,,,0,70,,4671,28,,,0,30,,4672,28,,,0,70,,4673,28,,,0,30,,4674,28,,,0,70,,4675,28,,,0,30,,4676,28,,,0,70,,4677,28,,,0,30,,4678,28,,,0,70,,4679,28,,,0,30,,4680,28,,,0,70,,4681,28,,,0,30,,4682,28,,,0,70,,4683,28,,,0,30,,4684,28,,,0,70,,4685,28,,,0,30,,4686,28,,,0,70,,4687,28,,,0
4001,'Weekday-01',607,,4723,28,,,0,30,,4688,28,,,0,70,,4689,28,,,0,30,,4690,28,,,0,70,,4691,28,,,0,30,,4692,28,,,0,70,,4693,28,,,0,30,,4694,28,,,0,70,,4695,28,,,0,30,,4696,28,,,0,70,,4697,28,,,0,30,,4698,28,,,0,70,,4699,28,,,0,30,,4700,28,,,0,70,,4701,28,,,0,30,,4702,28,,,0,70,,4703,28,,,0,30,,4704,28,,,0,70,,4705,28,,,0,30,,4706,28,,,0,70,,4707,28,,,0,30,,4708,28,,,0,70,,4709,28,,,0,30,,4710,28,,,0,70,,4711,28,,,0,30,,4712,28,,,0,70,,4713,28,,,0,30,,4714,28,,,0,70,,4715,28,,,0,30,,4716,28,,,0,70,,4717,28,,,0,30,,4718,28,,,0,70,,4719,28,,,0,30,,4720,28,,,0,70,,4721,28,,,0,100,,4722,28,,,0
