100,'Saturday-01',613,,1,24,0,5,0,30,,2,24,0,5,0,100,,7,24,0,5,0,70,,8,24,0,5,0,30,,9,24,0,5,0,70,,10,24,0,5,0,30,,11,24,0,5,0,70,,12,24,0,5,0,30,,13,24,0,5,0,70,,14,24,0,5,0,30,,15,24,0,5,0,70,,3,24,0,5,0,30,,4,24,0,5,0,70,,25,24,0,5,0,30,,26,24,0,5,0,60,,5,24,0,5,0,30,,6,24,0,5,0,70,,21,24,0,5,0,30,,22,24,0,5,0,70,,23,24,0,5,0,30,,24,24,0,5,0,70,,27,24,0,5,0,30,,28,24,0,5,0,70,,29,24,0,5,0,109,,16,53,0,5,0,30,,17,53,0,5,0,70,,30,53,0,5,0,43,,31,53,0,5,0,70,,18,53,0,5,0,95,,32,53,0,5,0,84,,33,53,0,5,0,19,,34,53,0,5,0,104,,19,53,0,5,0
100,'Sunday-01',810,,38,53,0,5,0,100,,39,53,0,5,0,100,,40,53,0,5,0,100,,41,53,0,5,0,100,,43,53,0,5,0,100,,44,53,0,5,0,105,,45,53,0,5,0,100,,46,53,0,5,0,105,,47,53,0,5,0,100,,42,53,0,5,0,107,,36,53,0,5,0
100,'Weekday-01',612,,60,24,0,8,0,10,,86,24,0,8,0,5,,61,24,0,8,0,15,,62,24,0,8,0,15,,63,24,0,8,0,60,,49,24,0,5,0,15,,66,24,0,8,0,15,,50,24,0,5,0,60,,51,24,0,5,0,20,,52,24,0,5,0,30,,53,24,0,5,0,60,,54,24,0,5,0,20,,55,24,0,5,0,75,,71,26,0,5,0,30,,72,26,0,5,0,70,,73,26,0,5,0,30,,74,26,0,5,0,70,,67,26,0,8,0,30,,68,26,0,8,0,70,,64,24,0,8,0,30,,65,24,0,8,0,70,,69,26,0,8,0,30,,70,26,0,8,0,70,,93,26,0,8,0,10,,87,24,0,8,0,20,,75,26,0,5,0,10,,88,24,0,8,0,60,,76,26,0,5,0,10,,89,24,0,8,0,15,,56,24,0,5,0,15,,90,24,0,8,0,55,,57,24,0,5,0,15,,91,24,0,8,0,15,,58,24,0,5,0,70,,92,24,0,8,0,20,,59,24,0,5,0,30,,77,53,0,5,0,70,,78,53,0,5,0,76,,94,53,0,8,0,10,,81,53,0,8,0,34,,82,53,0,8,0,70,,83,53,0,8,0,100,,84,53,0,8,0,20,,85,53,0,8,0,100,,79,53,0,5,0,89,,80,53,0,5,0
400,'Saturday-01',643,,605,43,,,0,70,,573,43,,,0,30,,604,43,,,0,70,,603,43,,,0,30,,574,43,,,0,70,,602,43,,,0,30,,575,43,,,0,70,,601,43,,,0,30,,600,43,,,0,70,,576,43,,,0,30,,599,43,,,0,70,,577,43,,,0,30,,578,43,,,0,70,,598,43,,,0,30,,597,43,,,0,70,,579,43,,,0,30,,596,43,,,0,70,,595,43,,,0,30,,580,43,,,0,70,,581,43,,,0,30,,582,43,,,0,70,,594,43,,,0,30,,593,43,,,0,70,,592,43,,,0,30,,583,43,,,0,70,,584,43,,,0,30,,591,43,,,0,70,,590,43,,,0,30,,589,43,,,0,70,,585,43,,,0,100,,588,43,,,0,100,,587,43,,,0,100,,586,43,,,0
400,'Sunday-01',828,,606,43,,,0,30,,617,43,,,0,70,,607,43,,,0,30,,618,43,,,0,70,,608,43,,,0,30,,619,43,,,0,70,,609,43,,,0,30,,620,43,,,0,70,,610,43,,,0,30,,621,43,,,0,70,,611,43,,,0,30,,622,43,,,0,70,,612,43,,,0,30,,623,43,,,0,70,,613,43,,,0,30,,624,43,,,0,70,,614,43,,,0,30,,625,43,,,0,70,,615,43,,,0,30,,626,43,,,0,70,,616,43,,,0
400,'Weekday-01',613,,627,43,,,0,30,,628,43,,,0,70,,629,43,,,0,30,,630,43,,,0,70,,631,43,,,0,30,,632,43,,,0,70,,633,43,,,0,30,,634,43,,,0,70,,635,43,,,0,30,,636,43,,,0,70,,637,43,,,0,30,,638,43,,,0,70,,639,43,,,0,30,,640,43,,,0,70,,641,43,,,0,30,,642,43,,,0,70,,643,43,,,0,30,,644,43,,,0,70,,645,43,,,0,30,,646,43,,,0,70,,647,43,,,0,30,,648,43,,,0,70,,649,43,,,0,30,,650,43,,,0,70,,651,43,,,0,30,,652,43,,,0,70,,653,43,,,0,30,,654,43,,,0,70,,655,43,,,0,30,,656,43,,,0,70,,657,43,,,0,100,,658,43,,,0,100,,659,43,,,0,100,,660,43,,,0
501,'Saturday-01',657,,778,38,,,0,100,,779,38,,,0,100,,780,38,,,0,100,,781,38,,,0,100,,782,38,,,0,100,,783,38,,,0,100,,784,38,,,0,100,,785,38,,,0,100,,786,38,,,0,100,,787,38,,,0,101,,788,38,,,0,100,,789,38,,,0
501,'Weekday-01',608,,791,38,,,0,30,,792,38,,,0,70,,793,38,,,0,30,,794,38,,,0,70,,795,38,,,0,34,,807,42,,,0,66,,796,38,,,0,50,,797,38,,,0,100,,798,38,,,0,100,,799,38,,,0,100,,800,38,,,0,100,,801,38,,,0,100,,802,38,,,0,150,,803,38,,,0,30,,808,38,,,0,70,,804,38,,,0,30,,805,38,,,0
1001,'Saturday-01',637,,1389,35,,,0,100,,1390,35,,,0,100,,1391,35,,,0,70,,1392,35,,,0,30,,1393,35,,,0,70,,1394,35,,,0,30,,1395,35,,,0,70,,1396,35,,,0,30,,1397,35,,,0,70,,1398,35,,,0,30,,1399,35,,,0,70,,1400,35,,,0,30,,1401,35,,,0,70,,1402,35,,,0,30,,1403,35,,,0,70,,1404,35,,,0,30,,1405,35,,,0,70,,1406,35,,,0,30,,1407,35,,,0,70,,1408,35,,,0,30,,1409,35,,,0,71,,1410,35,,,0,29,,1411,35,,,0,73,,1412,35,,,0,45,,1413,35,,,0,87,,1414,35,,,0,70,,1415,35,,,0,99,,1416,35,,,0
1001,'Sunday-01',826,,1417,35,,,0,100,,1418,35,,,0,100,,1419,35,,,0,100,,1420,35,,,0,100,,1421,35,,,0,100,,1422,35,,,0,100,,1423,35,,,0,100,,1424,35,,,0,100,,1425,35,,,0,100,,1426,35,,,0,100,,1427,35,,,0
1001,'Weekday-01',604,,1460,4,,,0,30,,1446,46,,,0,70,,1447,46,,,0,30,,1448,46,,,0,70,,1449,46,,,0,30,,1450,46,,,0,70,,1451,46,,,0,33,,1428,35,,,0,70,,1429,35,,,0,30,,1430,35,,,0,70,,1431,35,,,0,30,,1432,35,,,0,70,,1433,35,,,0,30,,1434,35,,,0,70,,1435,35,,,0,30,,1436,35,,,0,70,,1437,35,,,0,30,,1438,35,,,0,70,,1439,35,,,0,30,,1440,35,,,0,66,,1452,46,,,0,30,,1453,46,,,0,70,,1454,46,,,0,30,,1455,46,,,0,70,,1456,46,,,0,24,,1457,46,,,0,30,,1459,46,,,0,53,,1441,35,,,0,45,,1442,35,,,0,87,,1443,35,,,0,70,,1444,35,,,0,99,,1445,35,,,0
2400,'Weekday-01',558,,1934,4,,,0,60,,1935,4,,,0,20,,1936,4,,,0,20,,1937,4,,,0,60,,1938,4,,,0,20,,1939,4,,,0,20,,1940,4,,,0,60,,1941,4,,,0,20,,1942,4,,,0,20,,1943,4,,,0,700,,1944,4,,,0,80,,1945,4,,,0,80,,1946,4,,,0,40,,1947,4,,,0,80,,1948,4,,,0,80,,1949,4,,,0,40,,1950,4,,,0,80,,1951,4,,,0,20,,1952,4,,,0,60,,1953,4,,,0,20,,1954,4,,,0,20,,1955,4,,,0,60,,1956,4,,,0,20,,1957,4,,,0,20,,1958,4,,,0,60,,1959,4,,,0,20,,1960,4,,,0,20,,1961,4,,,0,60,,1962,4,,,0
