201,'Saturday-01',648,,285,40,,,0,70,,286,40,,,0,30,,287,40,,,0,70,,288,40,,,0,30,,289,40,,,0,70,,290,40,,,0,30,,291,40,,,0,70,,292,40,,,0,30,,293,40,,,0,70,,294,40,,,0,30,,295,40,,,0,70,,296,40,,,0,30,,297,40,,,0,70,,298,40,,,0,30,,299,40,,,0,70,,300,40,,,0,30,,301,40,,,0,70,,302,40,,,0,30,,303,40,,,0,70,,304,40,,,0,30,,305,40,,,0,70,,306,40,,,0,30,,307,40,,,0,70,,308,40,,,0,30,,309,40,,,0,70,,310,40,,,0,30,,311,40,,,0,70,,312,40,,,0,30,,313,40,,,0,70,,314,40,,,0,100,,315,40,,,0,100,,316,40,,,0,100,,317,40,,,0
201,'Sunday-01',833,,318,40,,,0,70,,319,40,,,0,30,,320,40,,,0,70,,321,40,,,0,30,,322,40,,,0,70,,323,40,,,0,30,,324,40,,,0,70,,325,40,,,0,30,,326,40,,,0,70,,327,40,,,0,30,,328,40,,,0,70,,329,40,,,0,30,,330,40,,,0,70,,331,40,,,0,30,,332,40,,,0,70,,333,40,,,0,30,,334,40,,,0,70,,335,40,,,0,30,,336,40,,,0,70,,337,40,,,0
201,'Weekday-01',618,,340,40,,,0,30,,341,40,,,0,55,,342,40,,,0,15,,343,40,,,0,15,,344,40,,,0,15,,345,40,,,0,55,,346,40,,,0,15,,381,40,,,0,15,,347,40,,,0,15,,348,40,,,0,70,,380,40,,,0,30,,349,40,,,0,70,,350,40,,,0,30,,351,40,,,0,70,,352,40,,,0,30,,353,40,,,0,70,,354,40,,,0,30,,355,40,,,0,70,,356,40,,,0,25,,357,40,,,0,70,,358,40,,,0,35,,359,40,,,0,70,,360,40,,,0,15,,361,40,,,0,15,,362,40,,,0,55,,363,40,,,0,15,,364,40,,,0,15,,365,40,,,0,15,,366,40,,,0,55,,367,40,,,0,15,,368,40,,,0,30,,369,40,,,0,70,,370,40,,,0,30,,371,40,,,0,70,,372,40,,,0,30,,373,40,,,0,70,,374,40,,,0,30,,375,40,,,0,70,,376,40,,,0,100,,377,40,,,0,100,,378,40,,,0,100,,379,40,,,0
301,'Saturday-01',707,,501,18,,,0,30,,478,18,,,0,70,,479,18,,,0,30,,480,18,,,0,70,,481,18,,,0,30,,482,18,,,0,70,,483,18,,,0,30,,484,18,,,0,70,,485,18,,,0,30,,502,18,,,0,70,,486,18,,,0,30,,503,18,,,0,70,,504,18,,,0,30,,505,18,,,0,70,,506,18,,,0,30,,487,18,,,0,70,,488,18,,,0,30,,507,18,,,0,70,,489,18,,,0,31,,490,18,,,0,70,,491,18,,,0,30,,492,18,,,0,70,,508,18,,,0,30,,509,18,,,0,79,,493,17,,,0,30,,494,17,,,0,70,,495,17,,,0,30,,496,17,,,0,70,,497,17,,,0,100,,498,17,,,0,100,,499,17,,,0,100,,500,17,,,0
301,'Sunday-01',832,,510,18,,,0,70,,521,18,,,0,30,,522,18,,,0,70,,523,18,,,0,30,,524,18,,,0,70,,525,18,,,0,30,,526,18,,,0,70,,527,18,,,0,30,,528,18,,,0,70,,529,18,,,0,30,,530,18,,,0,70,,511,18,,,0,30,,512,18,,,0,70,,513,18,,,0,30,,514,18,,,0,70,,515,18,,,0,30,,516,18,,,0,70,,517,18,,,0,30,,518,18,,,0,70,,519,18,,,0,30,,520,18,,,0
301,'Weekday-01',603,,531,18,,,0,30,,532,18,,,0,70,,533,18,,,0,15,,534,18,,,0,15,,535,18,,,0,15,,536,18,,,0,55,,537,18,,,0,15,,538,18,,,0,15,,539,18,,,0,70,,540,18,,,0,30,,541,18,,,0,70,,542,18,,,0,30,,543,18,,,0,70,,544,18,,,0,30,,545,18,,,0,70,,546,18,,,0,30,,547,18,,,0,70,,548,18,,,0,30,,549,18,,,0,70,,550,18,,,0,30,,551,18,,,0,70,,552,18,,,0,15,,553,18,,,0,15,,554,18,,,0,15,,555,18,,,0,55,,556,18,,,0,30,,557,18,,,0,15,,558,18,,,0,55,,559,18,,,0,15,,560,18,,,0,29,,561,18,,,0,70,,562,17,,,0,30,,563,17,,,0,70,,564,17,,,0,30,,565,17,,,0,70,,566,17,,,0,30,,567,17,,,0,70,,568,17,,,0,30,,572,17,,,0,70,,571,18,,,0,100,,569,17,,,0,100,,570,17,,,0
401,'Saturday-01',644,,693,35,,,0,70,,692,35,,,0,30,,661,35,,,0,70,,691,35,,,0,30,,662,35,,,0,70,,690,35,,,0,30,,689,35,,,0,70,,663,35,,,0,30,,688,35,,,0,70,,664,35,,,0,30,,687,35,,,0,70,,686,35,,,0,30,,685,35,,,0,70,,684,35,,,0,30,,665,35,,,0,70,,683,35,,,0,30,,666,35,,,0,70,,667,35,,,0,30,,682,35,,,0,70,,668,35,,,0,30,,669,35,,,0,70,,670,35,,,0,30,,671,35,,,0,70,,672,35,,,0,29,,681,35,,,0,70,,680,35,,,0,30,,679,35,,,0,70,,673,35,,,0,30,,674,35,,,0,75,,678,35,,,0,100,,677,35,,,0,100,,676,35,,,0,100,,675,35,,,0
401,'Sunday-01',833,,694,35,,,0,70,,705,35,,,0,30,,695,35,,,0,70,,706,35,,,0,30,,696,35,,,0,70,,707,35,,,0,30,,697,35,,,0,70,,708,35,,,0,30,,698,35,,,0,70,,709,35,,,0,30,,699,35,,,0,70,,710,35,,,0,30,,700,35,,,0,70,,711,35,,,0,30,,701,35,,,0,70,,712,35,,,0,30,,702,35,,,0,70,,713,35,,,0,30,,703,35,,,0,70,,714,35,,,0,30,,704,35,,,0
401,'Weekday-01',600,,715,35,,,0,30,,716,35,,,0,70,,717,35,,,0,30,,718,35,,,0,70,,719,35,,,0,30,,720,35,,,0,70,,721,35,,,0,30,,722,35,,,0,70,,723,35,,,0,30,,724,35,,,0,70,,725,35,,,0,30,,726,35,,,0,70,,727,35,,,0,30,,728,35,,,0,70,,729,35,,,0,30,,730,35,,,0,70,,731,35,,,0,30,,732,35,,,0,70,,733,35,,,0,30,,734,35,,,0,70,,735,35,,,0,30,,736,35,,,0,70,,737,35,,,0,30,,738,35,,,0,70,,739,35,,,0,29,,740,35,,,0,90,,741,35,,,0,25,,742,35,,,0,70,,743,35,,,0,30,,744,35,,,0,75,,745,35,,,0,100,,746,35,,,0,100,,747,35,,,0,100,,748,35,,,0
500,'Saturday-01',702,,749,5,,,0,100,,750,5,,,0,100,,751,5,,,0,100,,752,5,,,0,100,,753,5,,,0,100,,754,5,,,0,100,,755,5,,,0,100,,756,5,,,0,100,,757,5,,,0,100,,758,5,,,0,100,,759,5,,,0,101,,760,5,,,0
500,'Weekday-01',613,,761,5,,,0,30,,762,5,,,0,70,,763,5,,,0,30,,764,5,,,0,70,,765,5,,,0,90,,766,5,,,0,100,,767,5,,,0,100,,768,5,,,0,100,,769,5,,,0,100,,770,5,,,0,100,,771,5,,,0,100,,772,5,,,0,110,,773,5,,,0,30,,774,5,,,0,70,,775,5,,,0,35,,776,5,,,0
4001,'Saturday-01',622,,2128,37,,,0,100,,2129,37,,,0,30,,2130,37,,,0,70,,2131,37,,,0,30,,2132,37,,,0,70,,2133,37,,,0,30,,2134,37,,,0,70,,2135,37,,,0,30,,2136,37,,,0,70,,2137,37,,,0,30,,2138,37,,,0,70,,2139,37,,,0,30,,2140,37,,,0,70,,2141,37,,,0,30,,2142,37,,,0,70,,2143,37,,,0,30,,2144,37,,,0,70,,2145,37,,,0,30,,2146,37,,,0,70,,2147,37,,,0,30,,2148,37,,,0,70,,2149,37,,,0,30,,2150,37,,,0,70,,2151,37,,,0,30,,2152,37,,,0,70,,2153,37,,,0,30,,2154,37,,,0,70,,2155,37,,,0,30,,2156,37,,,0,70,,2157,37,,,0,30,,2158,37,,,0,70,,2159,37,,,0,30,,2160,37,,,0,70,,2161,37,,,0,100,,2162,37,,,0
4001,'Sunday-01',822,,2164,37,,,0,30,,2165,37,,,0,70,,2166,37,,,0,30,,2167,37,,,0,70,,2168,37,,,0,30,,2169,37,,,0,70,,2170,37,,,0,30,,2171,37,,,0,70,,2172,37,,,0,30,,2173,37,,,0,70,,2174,37,,,0,30,,2175,37,,,0,70,,2176,37,,,0,30,,2177,37,,,0,70,,2178,37,,,0,30,,2179,37,,,0,70,,2180,37,,,0,30,,2181,37,,,0,70,,2182,37,,,0,30,,2183,37,,,0,70,,2184,37,,,0
4001,'Weekday-01',622,,2220,37,,,0,30,,2185,37,,,0,70,,2186,37,,,0,30,,2187,37,,,0,70,,2188,37,,,0,30,,2189,37,,,0,70,,2190,37,,,0,30,,2191,37,,,0,70,,2192,37,,,0,30,,2193,37,,,0,70,,2194,37,,,0,30,,2195,37,,,0,70,,2196,37,,,0,30,,2197,37,,,0,70,,2198,37,,,0,30,,2199,37,,,0,70,,2200,37,,,0,30,,2201,37,,,0,70,,2202,37,,,0,30,,2203,37,,,0,70,,2204,37,,,0,30,,2205,37,,,0,70,,2206,37,,,0,30,,2207,37,,,0,70,,2208,37,,,0,30,,2209,37,,,0,70,,2210,37,,,0,30,,2211,37,,,0,70,,2212,37,,,0,30,,2213,37,,,0,70,,2214,37,,,0,30,,2215,37,,,0,70,,2216,37,,,0,30,,2217,37,,,0,70,,2218,37,,,0,100,,2219,37,,,0
