100,'Saturday-01',617,,1,28,0,5,0,30,,2,28,0,5,0,100,,7,28,0,5,0,70,,8,28,0,5,0,30,,9,28,0,5,0,70,,10,28,0,5,0,30,,11,28,0,5,0,70,,12,28,0,5,0,30,,13,28,0,5,0,70,,14,28,0,5,0,30,,15,28,0,5,0,55,,20,3,0,5,0,15,,3,28,0,5,0,30,,4,28,0,5,0,70,,25,28,0,5,0,30,,26,28,0,5,0,60,,5,28,0,5,0,30,,6,28,0,5,0,70,,21,28,0,5,0,30,,22,28,0,5,0,70,,23,28,0,5,0,30,,24,28,0,5,0,70,,27,28,0,5,0,30,,28,28,0,5,0,70,,29,28,0,5,0,109,,16,57,0,5,0,30,,17,57,0,5,0,70,,30,57,0,5,0,43,,31,57,0,5,0,70,,18,57,0,5,0,95,,32,57,0,5,0,85,,33,57,0,5,0,18,,34,57,0,5,0,105,,19,57,0,5,0
100,'Sunday-01',814,,38,57,0,5,0,100,,39,57,0,5,0,100,,40,57,0,5,0,100,,41,57,0,5,0,100,,43,57,0,5,0,100,,44,57,0,5,0,105,,45,57,0,5,0,100,,46,57,0,5,0,105,,47,57,0,5,0,100,,42,57,0,5,0,108,,36,57,0,5,0
100,'Weekday-01',602,,48,3,0,5,0,15,,60,28,0,8,0,10,,86,28,0,8,0,5,,61,28,0,8,0,15,,62,28,0,8,0,55,,63,28,0,8,0,20,,49,28,0,5,0,15,,66,28,0,8,0,15,,50,28,0,5,0,60,,51,28,0,5,0,20,,52,28,0,5,0,70,,53,28,0,5,0,20,,54,28,0,5,0,20,,55,28,0,5,0,75,,71,30,0,5,0,30,,72,30,0,5,0,70,,73,30,0,5,0,30,,74,30,0,5,0,70,,67,30,0,8,0,30,,68,30,0,8,0,70,,64,28,0,8,0,30,,65,28,0,8,0,70,,69,30,0,8,0,30,,70,30,0,8,0,70,,93,30,0,8,0,10,,87,28,0,8,0,20,,75,30,0,5,0,10,,88,28,0,8,0,60,,76,30,0,5,0,10,,89,28,0,8,0,15,,56,28,0,5,0,15,,90,28,0,8,0,55,,57,28,0,5,0,15,,91,28,0,8,0,15,,58,28,0,5,0,70,,92,28,0,8,0,20,,59,28,0,5,0,70,,77,57,0,5,0,30,,78,57,0,5,0,75,,94,57,0,8,0,10,,81,57,0,8,0,35,,82,57,0,8,0,70,,83,57,0,8,0,100,,84,57,0,8,0,20,,85,57,0,8,0,100,,79,57,0,5,0,88,,80,57,0,5,0
201,'Saturday-01',646,,285,38,,,0,70,,286,38,,,0,30,,287,38,,,0,70,,288,38,,,0,30,,289,38,,,0,70,,290,38,,,0,30,,291,38,,,0,70,,292,38,,,0,30,,293,38,,,0,70,,294,38,,,0,30,,295,38,,,0,70,,296,38,,,0,30,,297,38,,,0,70,,298,38,,,0,30,,299,38,,,0,70,,300,38,,,0,30,,301,38,,,0,70,,302,38,,,0,30,,303,38,,,0,70,,304,38,,,0,30,,305,38,,,0,70,,306,38,,,0,30,,307,38,,,0,70,,308,38,,,0,30,,309,38,,,0,70,,310,38,,,0,30,,311,38,,,0,70,,312,38,,,0,30,,313,38,,,0,70,,314,38,,,0,100,,315,38,,,0,100,,316,38,,,0,100,,317,38,,,0
201,'Sunday-01',832,,318,38,,,0,70,,319,38,,,0,30,,320,38,,,0,70,,321,38,,,0,30,,322,38,,,0,70,,323,38,,,0,30,,324,38,,,0,70,,325,38,,,0,30,,326,38,,,0,70,,327,38,,,0,30,,328,38,,,0,70,,329,38,,,0,30,,330,38,,,0,70,,331,38,,,0,30,,332,38,,,0,70,,333,38,,,0,30,,334,38,,,0,70,,335,38,,,0,30,,336,38,,,0,70,,337,38,,,0
201,'Weekday-01',616,,340,38,,,0,30,,341,38,,,0,55,,342,38,,,0,15,,343,38,,,0,15,,344,38,,,0,15,,345,38,,,0,55,,346,38,,,0,15,,381,38,,,0,15,,347,38,,,0,15,,348,38,,,0,70,,380,38,,,0,30,,349,38,,,0,70,,350,38,,,0,30,,351,38,,,0,70,,352,38,,,0,30,,353,38,,,0,70,,354,38,,,0,30,,355,38,,,0,70,,356,38,,,0,25,,357,38,,,0,70,,358,38,,,0,35,,359,38,,,0,70,,360,38,,,0,15,,361,38,,,0,15,,362,38,,,0,55,,363,38,,,0,15,,364,38,,,0,15,,365,38,,,0,15,,366,38,,,0,55,,367,38,,,0,15,,368,38,,,0,30,,369,38,,,0,70,,370,38,,,0,30,,371,38,,,0,70,,372,38,,,0,30,,373,38,,,0,70,,374,38,,,0,30,,375,38,,,0,70,,376,38,,,0,100,,377,38,,,0,100,,378,38,,,0,100,,379,38,,,0
301,'Saturday-01',706,,501,16,,,0,30,,478,16,,,0,70,,479,16,,,0,30,,480,16,,,0,70,,481,16,,,0,30,,482,16,,,0,70,,483,16,,,0,30,,484,16,,,0,70,,485,16,,,0,30,,502,16,,,0,70,,486,16,,,0,30,,503,16,,,0,70,,504,16,,,0,30,,505,16,,,0,70,,506,16,,,0,30,,487,16,,,0,70,,488,16,,,0,30,,507,16,,,0,70,,489,16,,,0,30,,490,16,,,0,70,,491,16,,,0,30,,492,16,,,0,70,,508,16,,,0,30,,509,16,,,0,80,,493,15,,,0,30,,494,15,,,0,70,,495,15,,,0,30,,496,15,,,0,70,,497,15,,,0,100,,498,15,,,0,100,,499,15,,,0,100,,500,15,,,0
301,'Sunday-01',831,,510,16,,,0,70,,521,16,,,0,30,,522,16,,,0,70,,523,16,,,0,30,,524,16,,,0,70,,525,16,,,0,30,,526,16,,,0,70,,527,16,,,0,30,,528,16,,,0,70,,529,16,,,0,30,,530,16,,,0,70,,511,16,,,0,30,,512,16,,,0,70,,513,16,,,0,30,,514,16,,,0,70,,515,16,,,0,30,,516,16,,,0,70,,517,16,,,0,30,,518,16,,,0,70,,519,16,,,0,30,,520,16,,,0
301,'Weekday-01',601,,531,16,,,0,30,,532,16,,,0,70,,533,16,,,0,15,,534,16,,,0,15,,535,16,,,0,15,,536,16,,,0,55,,537,16,,,0,15,,538,16,,,0,15,,539,16,,,0,70,,540,16,,,0,30,,541,16,,,0,70,,542,16,,,0,30,,543,16,,,0,70,,544,16,,,0,30,,545,16,,,0,70,,546,16,,,0,30,,547,16,,,0,70,,548,16,,,0,30,,549,16,,,0,70,,550,16,,,0,30,,551,16,,,0,70,,552,16,,,0,15,,553,16,,,0,15,,554,16,,,0,15,,555,16,,,0,55,,556,16,,,0,30,,557,16,,,0,15,,558,16,,,0,55,,559,16,,,0,15,,560,16,,,0,30,,561,16,,,0,70,,562,15,,,0,30,,563,15,,,0,70,,564,15,,,0,30,,565,15,,,0,70,,566,15,,,0,30,,567,15,,,0,70,,568,15,,,0,30,,572,15,,,0,70,,571,16,,,0,100,,569,15,,,0,100,,570,15,,,0
500,'Saturday-01',701,,749,3,,,0,100,,750,3,,,0,100,,751,3,,,0,100,,752,3,,,0,100,,753,3,,,0,100,,754,3,,,0,100,,755,3,,,0,100,,756,3,,,0,100,,757,3,,,0,100,,758,3,,,0,100,,759,3,,,0,100,,760,3,,,0
500,'Weekday-01',611,,761,3,,,0,30,,762,3,,,0,70,,763,3,,,0,30,,764,3,,,0,70,,765,3,,,0,90,,766,3,,,0,100,,767,3,,,0,100,,768,3,,,0,100,,769,3,,,0,100,,770,3,,,0,100,,771,3,,,0,100,,772,3,,,0,110,,773,3,,,0,30,,774,3,,,0,70,,775,3,,,0,35,,776,3,,,0
1201,'Saturday-01',646,,1533,41,,,0,100,,1534,41,,,0,100,,1535,41,,,0,70,,1539,51,,,0,30,,1540,51,,,0,70,,1541,51,,,0,30,,1542,51,,,0,70,,1543,51,,,0,30,,1544,51,,,0,70,,1545,51,,,0,30,,1546,51,,,0,70,,1547,51,,,0,30,,1548,51,,,0,70,,1549,51,,,0,30,,1550,51,,,0,70,,1551,51,,,0,30,,1552,51,,,0,70,,1553,51,,,0,30,,1554,51,,,0,70,,1555,51,,,0,30,,1538,51,,,0,70,,1537,51,,,0,100,,1536,38,,,0,100,,1559,38,,,0,100,,1560,38,,,0,100,,1556,38,,,0,100,,1557,38,,,0,100,,1558,38,,,0
1201,'Sunday-01',831,,1561,41,,,0,100,,1562,41,,,0,100,,1563,41,,,0,100,,1564,41,,,0,100,,1565,41,,,0,100,,1566,41,,,0,100,,1567,41,,,0,100,,1568,41,,,0,100,,1569,41,,,0,100,,1570,41,,,0,100,,1571,41,,,0
1201,'Weekday-01',617,,1598,3,,,0,29,,1599,48,,,0,70,,1600,48,,,0,30,,1601,48,,,0,70,,1602,48,,,0,30,,1603,48,,,0,70,,1578,51,,,0,30,,1589,51,,,0,70,,1590,51,,,0,30,,1591,51,,,0,70,,1592,51,,,0,30,,1593,51,,,0,70,,1594,51,,,0,30,,1595,51,,,0,70,,1596,51,,,0,30,,1579,51,,,0,70,,1580,51,,,0,30,,1581,51,,,0,70,,1582,51,,,0,30,,1588,51,,,0,70,,1583,51,,,0,30,,1584,51,,,0,70,,1585,51,,,0,30,,1586,51,,,0,70,,1587,51,,,0,100,,1572,38,,,0,100,,1573,38,,,0,100,,1574,38,,,0,100,,1575,38,,,0,100,,1576,38,,,0,100,,1577,38,,,0
2400,'Weekday-01',555,,1934,2,,,0,60,,1935,2,,,0,20,,1936,2,,,0,20,,1937,2,,,0,60,,1938,2,,,0,20,,1939,2,,,0,20,,1940,2,,,0,60,,1941,2,,,0,20,,1942,2,,,0,20,,1943,2,,,0,700,,1944,2,,,0,80,,1945,2,,,0,80,,1946,2,,,0,40,,1947,2,,,0,80,,1948,2,,,0,80,,1949,2,,,0,40,,1950,2,,,0,80,,1951,2,,,0,20,,1952,2,,,0,60,,1953,2,,,0,20,,1954,2,,,0,20,,1955,2,,,0,60,,1956,2,,,0,20,,1957,2,,,0,20,,1958,2,,,0,60,,1959,2,,,0,20,,1960,2,,,0,20,,1961,2,,,0,60,,1962,2,,,0
3001,'Weekday-01',733,,2017,10,,,0,70,,2011,10,,,0,30,,2018,10,,,0,70,,2019,10,,,0,30,,2020,10,,,0,70,,2021,10,,,0,30,,2012,10,,,0,70,,2013,10,,,0,30,,2022,10,,,0,78,,2023,10,,,0,30,,2024,10,,,0,70,,2025,10,,,0,31,,2026,10,,,0,70,,2014,10,,,0,30,,2027,10,,,0,70,,2028,10,,,0,30,,2029,10,,,0,70,,2030,10,,,0,30,,2015,10,,,0,70,,2016,10,,,0,30,,2031,10,,,0
4001,'Saturday-01',620,,2128,36,,,0,100,,2129,36,,,0,30,,2130,36,,,0,70,,2131,36,,,0,30,,2132,36,,,0,70,,2133,36,,,0,30,,2134,36,,,0,70,,2135,36,,,0,30,,2136,36,,,0,70,,2137,36,,,0,30,,2138,36,,,0,70,,2139,36,,,0,30,,2140,36,,,0,70,,2141,36,,,0,30,,2142,36,,,0,70,,2143,36,,,0,30,,2144,36,,,0,70,,2145,36,,,0,30,,2146,36,,,0,70,,2147,36,,,0,30,,2148,36,,,0,70,,2149,36,,,0,30,,2150,36,,,0,70,,2151,36,,,0,30,,2152,36,,,0,70,,2153,36,,,0,30,,2154,36,,,0,70,,2155,36,,,0,30,,2156,36,,,0,70,,2157,36,,,0,30,,2158,36,,,0,70,,2159,36,,,0,30,,2160,36,,,0,70,,2161,36,,,0,100,,2162,36,,,0
4001,'Sunday-01',820,,2164,36,,,0,30,,2165,36,,,0,70,,2166,36,,,0,30,,2167,36,,,0,70,,2168,36,,,0,30,,2169,36,,,0,70,,2170,36,,,0,30,,2171,36,,,0,70,,2172,36,,,0,30,,2173,36,,,0,70,,2174,36,,,0,30,,2175,36,,,0,70,,2176,36,,,0,30,,2177,36,,,0,70,,2178,36,,,0,30,,2179,36,,,0,70,,2180,36,,,0,30,,2181,36,,,0,70,,2182,36,,,0,30,,2183,36,,,0,70,,2184,36,,,0
4001,'Weekday-01',620,,2220,36,,,0,30,,2185,36,,,0,70,,2186,36,,,0,30,,2187,36,,,0,70,,2188,36,,,0,30,,2189,36,,,0,70,,2190,36,,,0,30,,2191,36,,,0,70,,2192,36,,,0,30,,2193,36,,,0,70,,2194,36,,,0,30,,2195,36,,,0,70,,2196,36,,,0,30,,2197,36,,,0,70,,2198,36,,,0,30,,2199,36,,,0,70,,2200,36,,,0,30,,2201,36,,,0,70,,2202,36,,,0,30,,2203,36,,,0,70,,2204,36,,,0,30,,2205,36,,,0,70,,2206,36,,,0,30,,2207,36,,,0,70,,2208,36,,,0,30,,2209,36,,,0,70,,2210,36,,,0,30,,2211,36,,,0,70,,2212,36,,,0,30,,2213,36,,,0,70,,2214,36,,,0,30,,2215,36,,,0,70,,2216,36,,,0,30,,2217,36,,,0,70,,2218,36,,,0,100,,2219,36,,,0
