200,'Saturday-01',619,,2734,1,,,0,30,,2735,1,,,0,66,,2736,1,,,0,30,,2737,1,,,0,70,,2738,1,,,0,30,,2739,1,,,0,70,,2740,1,,,0,30,,2741,1,,,0,70,,2742,1,,,0,30,,2743,1,,,0,70,,2744,1,,,0,30,,2745,1,,,0,70,,2746,1,,,0,30,,2747,1,,,0,70,,2748,1,,,0,30,,2749,1,,,0,70,,2750,1,,,0,30,,2751,1,,,0,70,,2752,1,,,0,30,,2753,1,,,0,70,,2754,1,,,0,30,,2755,1,,,0,70,,2756,1,,,0,30,,2757,1,,,0,70,,2758,1,,,0,30,,2759,1,,,0,70,,2761,1,,,0,30,,2762,1,,,0,70,,2763,1,,,0,30,,2764,1,,,0,100,,2765,1,,,0,100,,2766,1,,,0,100,,2767,1,,,0
200,'Sunday-01',805,,2768,1,,,0,30,,2769,1,,,0,70,,2770,1,,,0,30,,2771,1,,,0,70,,2772,1,,,0,30,,2773,1,,,0,70,,2774,1,,,0,30,,2775,1,,,0,70,,2776,1,,,0,30,,2777,1,,,0,70,,2778,1,,,0,30,,2779,1,,,0,70,,2780,1,,,0,30,,2781,1,,,0,70,,2782,1,,,0,30,,2783,1,,,0,70,,2784,1,,,0,30,,2785,1,,,0,70,,2786,1,,,0
200,'Weekday-01',550,,2788,1,,,0,70,,2787,1,,,0,10,,2828,1,,,0,15,,2791,1,,,0,55,,2792,1,,,0,15,,2793,1,,,0,15,,2794,1,,,0,15,,2789,1,,,0,55,,2790,1,,,0,30,,2795,1,,,0,70,,2796,1,,,0,17,,2819,1,,,0,30,,2800,1,,,0,70,,2801,1,,,0,30,,2802,1,,,0,70,,2803,1,,,0,30,,2804,1,,,0,70,,2805,1,,,0,30,,2806,1,,,0,70,,2797,1,,,0,32,,2798,1,,,0,65,,2799,1,,,0,26,,2807,1,,,0,60,,2808,1,,,0,15,,2809,1,,,0,15,,2810,1,,,0,15,,2811,1,,,0,55,,2812,1,,,0,15,,2813,1,,,0,15,,2814,1,,,0,15,,2815,1,,,0,70,,2820,1,,,0,30,,2821,1,,,0,70,,2822,1,,,0,30,,2823,1,,,0,70,,2824,1,,,0,30,,2816,1,,,0,70,,2817,1,,,0,30,,2818,1,,,0,100,,2825,1,,,0,100,,2826,1,,,0,100,,2827,1,,,0
201,'Saturday-01',710,,2829,71,4,,0,30,,2830,71,4,,0,70,,2831,71,4,,0,30,,2832,71,4,,0,70,,2833,71,4,,0,30,,2834,71,4,,0,70,,2835,71,4,,0,30,,2836,71,4,,0,70,,2837,71,4,,0,30,,2838,71,4,,0,70,,2839,71,4,,0,30,,2840,71,4,,0,70,,2841,71,4,,0,30,,2842,71,4,,0,70,,2843,71,4,,0,30,,2844,71,4,,0,70,,2845,71,4,,0,30,,2846,71,4,,0,70,,2847,71,4,,0,30,,2848,71,4,,0,70,,2849,71,4,,0,30,,2850,71,4,,0,70,,2851,71,4,,0,30,,2852,71,4,,0,70,,2853,71,4,,0,30,,2854,71,4,,0,70,,2855,71,4,,0,30,,2856,71,4,,0,66,,2857,71,4,,0,34,,2858,71,4,,0,100,,2859,71,4,,0,100,,2860,71,4,,0,100,,2861,71,4,,0
201,'Sunday-01',900,,2862,71,4,,0,30,,2863,71,4,,0,70,,2864,71,4,,0,30,,2865,71,4,,0,70,,2866,71,4,,0,30,,2867,71,4,,0,70,,2868,71,4,,0,30,,2869,71,4,,0,70,,2870,71,4,,0,30,,2871,71,4,,0,70,,2872,71,4,,0,30,,2873,71,4,,0,70,,2874,71,4,,0,30,,2875,71,4,,0,70,,2876,71,4,,0,30,,2877,71,4,,0,70,,2878,71,4,,0,30,,2879,71,4,,0,70,,2880,71,4,,0,30,,2881,71,4,,0
201,'Weekday-01',550,,2882,13,4,,0,70,,2883,13,4,,0,20,,2884,71,4,,0,70,,2885,71,4,,0,15,,2886,71,4,,0,15,,2887,71,4,,0,15,,2888,71,4,,0,55,,2889,71,4,,0,15,,2890,71,4,,0,15,,2925,71,4,,0,15,,2891,71,4,,0,57,,2892,71,4,,0,30,,2924,71,4,,0,70,,2893,71,4,,0,30,,2894,71,4,,0,70,,2895,71,4,,0,30,,2896,71,4,,0,70,,2897,71,4,,0,30,,2898,71,4,,0,70,,2899,71,4,,0,30,,2900,71,4,,0,65,,2901,71,4,,0,28,,2902,71,4,,0,75,,2903,71,4,,0,30,,2904,71,4,,0,15,,2905,71,4,,0,55,,2906,71,4,,0,15,,2907,71,4,,0,15,,2908,71,4,,0,15,,2909,71,4,,0,55,,2910,71,4,,0,15,,2911,71,4,,0,15,,2912,71,4,,0,70,,2913,71,4,,0,30,,2914,71,4,,0,70,,2915,71,4,,0,30,,2916,71,4,,0,70,,2917,71,4,,0,30,,2918,71,4,,0,68,,2919,71,4,,0,32,,2920,71,4,,0,100,,2921,71,4,,0,100,,2922,71,4,,0,100,,2923,71,4,,0
1600,'Weekday-01',610,,4167,26,4,,0,30,,4169,1,,,0,70,,4170,1,,,0,30,,4171,1,,,0,70,,4172,1,,,0,30,,4173,1,,,0,70,,4181,1,,,0,604,,4182,20,4,,0,30,,4175,1,,,0,70,,4176,1,,,0,30,,4177,1,,,0,70,,4178,1,,,0,30,,4179,1,,,0,70,,4180,1,,,0
1700,'Weekday-01',859,,4206,37,,,0,70,,4191,40,,,0,30,,4192,40,,,0,70,,4193,40,,,0,30,,4194,40,,,0,70,,4195,40,,,0,30,,4196,40,,,0,70,,4197,40,,,0,30,,4198,40,,,0,70,,4199,40,,,0,30,,4200,40,,,0,70,,4201,40,,,0,300,,4207,37,,,0,30,,4202,40,,,0,70,,4203,40,,,0
4000,'Saturday-01',600,,4535,15,,,0,30,,4536,15,,,0,70,,4537,15,,,0,30,,4538,15,,,0,70,,4539,15,,,0,30,,4540,15,,,0,70,,4541,15,,,0,30,,4542,15,,,0,70,,4543,15,,,0,30,,4544,15,,,0,70,,4545,15,,,0,30,,4546,15,,,0,70,,4547,15,,,0,30,,4548,15,,,0,70,,4549,15,,,0,30,,4550,15,,,0,70,,4551,15,,,0,30,,4552,15,,,0,70,,4553,15,,,0,30,,4554,15,,,0,70,,4555,15,,,0,30,,4556,15,,,0,70,,4557,15,,,0,30,,4558,15,,,0,70,,4559,15,,,0,30,,4560,15,,,0,70,,4561,15,,,0,30,,4562,15,,,0,70,,4563,15,,,0,30,,4564,15,,,0,70,,4565,15,,,0,30,,4566,15,,,0,70,,4567,15,,,0,30,,4568,15,,,0,70,,4569,15,,,0,100,,4570,15,,,0
4000,'Sunday-01',800,,4571,15,,,0,30,,4572,15,,,0,70,,4573,15,,,0,30,,4574,15,,,0,70,,4575,15,,,0,30,,4576,15,,,0,70,,4577,15,,,0,30,,4578,15,,,0,70,,4579,15,,,0,30,,4580,15,,,0,70,,4581,15,,,0,30,,4582,15,,,0,70,,4583,15,,,0,30,,4584,15,,,0,70,,4585,15,,,0,30,,4586,15,,,0,70,,4587,15,,,0,30,,4588,15,,,0,70,,4589,15,,,0,30,,4590,15,,,0,70,,4591,15,,,0
4000,'Weekday-01',600,,4629,15,,,0,30,,4620,15,,,0,70,,4621,15,,,0,30,,4622,15,,,0,70,,4623,15,,,0,30,,4624,15,,,0,70,,4625,15,,,0,30,,4626,15,,,0,70,,4627,15,,,0,30,,4628,15,,,0,70,,4595,15,,,0,30,,4617,15,,,0,70,,4616,15,,,0,30,,4615,15,,,0,70,,4614,15,,,0,30,,4596,15,,,0,70,,4613,15,,,0,30,,4612,15,,,0,70,,4618,15,,,0,30,,4597,15,,,0,70,,4598,15,,,0,30,,4599,15,,,0,70,,4611,15,,,0,30,,4619,15,,,0,70,,4601,15,,,0,30,,4603,15,,,0,70,,4610,15,,,0,30,,4609,15,,,0,70,,4608,15,,,0,30,,4600,15,,,0,70,,4607,15,,,0,30,,4606,15,,,0,70,,4605,15,,,0,30,,4604,15,,,0,70,,4594,15,,,0,100,,4602,15,,,0
