800,'Saturday-01',642,,1015,46,,,0,100,,1016,46,,,0,100,,1017,46,,,0,70,,1020,46,,,0,30,,1021,46,,,0,70,,1022,46,,,0,30,,1023,46,,,0,70,,1024,46,,,0,30,,1025,46,,,0,70,,1026,46,,,0,30,,1027,46,,,0,70,,1028,46,,,0,30,,1029,46,,,0,70,,1030,46,,,0,30,,1019,46,,,0,70,,1018,46,,,0,30,,1037,46,,,0,70,,1036,46,,,0,30,,1035,46,,,0,70,,1034,46,,,0,30,,1033,46,,,0,70,,1031,46,,,0,100,,1032,46,,,0,100,,1038,46,,,0,100,,1039,46,,,0
800,'Sunday-01',827,,1040,46,,,0,100,,1041,46,,,0,100,,1042,46,,,0,100,,1043,46,,,0,100,,1044,46,,,0,100,,1045,46,,,0,100,,1046,46,,,0,100,,1047,46,,,0,100,,1048,46,,,0,100,,1049,46,,,0,100,,1050,46,,,0
800,'Weekday-01',557,,1051,46,,,0,70,,1052,46,,,0,30,,1053,46,,,0,70,,1054,46,,,0,30,,1055,46,,,0,70,,1056,46,,,0,30,,1057,46,,,0,70,,1058,46,,,0,30,,1059,46,,,0,70,,1060,46,,,0,30,,1061,46,,,0,70,,1062,46,,,0,30,,1063,46,,,0,70,,1064,46,,,0,30,,1065,46,,,0,70,,1066,46,,,0,30,,1067,46,,,0,70,,1068,46,,,0,30,,1069,46,,,0,70,,1070,46,,,0,30,,1071,46,,,0,70,,1072,46,,,0,30,,1073,46,,,0,70,,1074,46,,,0,30,,1075,46,,,0,70,,1076,46,,,0,85,,1077,46,,,0,100,,1078,46,,,0,100,,1079,46,,,0
901,'Saturday-01',642,,1233,30,,,0,70,,1234,30,,,0,30,,1235,30,,,0,70,,1236,30,,,0,30,,1237,30,,,0,70,,1238,30,,,0,30,,1239,30,,,0,70,,1240,30,,,0,30,,1241,30,,,0,70,,1242,30,,,0,30,,1243,30,,,0,70,,1244,30,,,0,30,,1245,30,,,0,70,,1246,30,,,0,30,,1247,30,,,0,70,,1248,30,,,0,30,,1249,30,,,0,70,,1250,30,,,0,30,,1251,30,,,0,70,,1252,30,,,0,30,,1253,30,,,0,70,,1254,30,,,0,30,,1255,30,,,0,70,,1256,30,,,0,45,,1257,30,,,0,85,,1258,30,,,0,85,,1259,30,,,0,30,,1260,30,,,0,85,,1261,30,,,0,100,,1262,30,,,0,100,,1263,30,,,0
901,'Sunday-01',812,,1282,30,,,0,30,,1272,30,,,0,70,,1283,30,,,0,30,,1273,30,,,0,70,,1284,30,,,0,30,,1274,30,,,0,70,,1264,30,,,0,30,,1275,30,,,0,70,,1265,30,,,0,30,,1276,30,,,0,70,,1266,30,,,0,30,,1277,30,,,0,70,,1267,30,,,0,30,,1278,30,,,0,70,,1268,30,,,0,30,,1279,30,,,0,70,,1269,30,,,0,30,,1280,30,,,0,70,,1270,30,,,0,30,,1281,30,,,0,70,,1271,30,,,0
901,'Weekday-01',607,,1285,30,,,0,30,,1286,30,,,0,70,,1287,30,,,0,30,,1288,30,,,0,70,,1289,30,,,0,36,,1290,30,,,0,69,,1291,30,,,0,30,,1292,30,,,0,70,,1293,30,,,0,30,,1294,30,,,0,70,,1295,30,,,0,30,,1296,30,,,0,70,,1297,30,,,0,30,,1298,30,,,0,70,,1299,30,,,0,30,,1300,30,,,0,70,,1301,30,,,0,30,,1302,30,,,0,70,,1303,30,,,0,15,,1304,30,,,0,15,,1305,30,,,0,15,,1306,30,,,0,55,,1307,30,,,0,15,,1308,30,,,0,15,,1309,30,,,0,15,,1310,30,,,0,55,,1311,30,,,0,30,,1312,30,,,0,70,,1313,30,,,0,45,,1314,30,,,0,86,,1315,30,,,0,85,,1316,30,,,0,29,,1317,30,,,0,85,,1318,30,,,0,100,,1319,30,,,0,100,,1320,30,,,0
6001,'Saturday-01',653,,2460,29,,,0,80,,2463,29,,,0,80,,2476,29,,,0,40,,2475,29,,,0,80,,2474,29,,,0,80,,2477,29,,,0,40,,2484,29,,,0,80,,2482,29,,,0,80,,2480,29,,,0,40,,2471,29,,,0,80,,2473,29,,,0,80,,2470,29,,,0,40,,2487,29,,,0,80,,2488,29,,,0,80,,2486,29,,,0,40,,2483,29,,,0,80,,2481,29,,,0,80,,2472,29,,,0,40,,2469,29,,,0,80,,2485,29,,,0,80,,2478,29,,,0,40,,2479,29,,,0,80,,2467,29,,,0,80,,2468,29,,,0,40,,2466,29,,,0,80,,2465,29,,,0,80,,2464,29,,,0
6001,'Sunday-01',828,,2489,29,,,0,80,,2493,29,,,0,40,,2496,29,,,0,80,,2494,29,,,0,80,,2495,29,,,0,40,,2497,29,,,0,80,,2498,29,,,0,80,,2499,29,,,0,40,,2500,29,,,0,80,,2502,29,,,0,80,,2503,29,,,0,40,,2501,29,,,0,80,,2504,29,,,0,80,,2505,29,,,0,40,,2492,29,,,0,80,,2491,29,,,0
6001,'Weekday-01',628,,2543,29,,,0,25,,2507,29,,,0,65,,2508,29,,,0,25,,2509,29,,,0,65,,2510,29,,,0,35,,2511,29,,,0,15,,2512,29,,,0,65,,2513,29,,,0,35,,2514,29,,,0,80,,2515,29,,,0,80,,2516,29,,,0,40,,2517,29,,,0,80,,2518,29,,,0,80,,2519,29,,,0,40,,2520,29,,,0,90,,2521,29,,,0,65,,2522,29,,,0,25,,2523,29,,,0,65,,2524,29,,,0,25,,2525,29,,,0,25,,2526,29,,,0,65,,2527,29,,,0,25,,2528,29,,,0,65,,2529,29,,,0,25,,2530,29,,,0,25,,2531,29,,,0,65,,2532,29,,,0,25,,2533,29,,,0,75,,2534,29,,,0,15,,2535,29,,,0,65,,2536,29,,,0,40,,2537,29,,,0,80,,2538,29,,,0,80,,2539,29,,,0,40,,2540,29,,,0,70,,2541,29,,,0
231119801,'Weekday-01-1111100',1650,,2563,15,,,0
