401,'Saturday-01',636,,693,25,,,0,70,,692,25,,,0,30,,661,25,,,0,70,,691,25,,,0,30,,662,25,,,0,70,,690,25,,,0,30,,689,25,,,0,70,,663,25,,,0,30,,688,25,,,0,70,,664,25,,,0,30,,687,25,,,0,70,,686,25,,,0,30,,685,25,,,0,70,,684,25,,,0,30,,665,25,,,0,70,,683,25,,,0,30,,666,25,,,0,70,,667,25,,,0,30,,682,25,,,0,70,,668,25,,,0,30,,669,25,,,0,70,,670,25,,,0,30,,671,25,,,0,70,,672,25,,,0,30,,681,25,,,0,70,,680,25,,,0,30,,679,25,,,0,70,,673,25,,,0,30,,674,25,,,0,75,,678,25,,,0,100,,677,25,,,0,100,,676,25,,,0,100,,675,25,,,0
401,'Sunday-01',826,,694,25,,,0,30,,705,25,,,0,70,,695,25,,,0,30,,706,25,,,0,70,,696,25,,,0,30,,707,25,,,0,70,,697,25,,,0,30,,708,25,,,0,70,,698,25,,,0,30,,709,25,,,0,70,,699,25,,,0,30,,710,25,,,0,70,,700,25,,,0,30,,711,25,,,0,70,,701,25,,,0,30,,712,25,,,0,70,,702,25,,,0,30,,713,25,,,0,70,,703,25,,,0,30,,714,25,,,0,70,,704,25,,,0
401,'Weekday-01',550,,715,25,,,0,70,,716,25,,,0,30,,717,25,,,0,70,,718,25,,,0,30,,719,25,,,0,70,,720,25,,,0,30,,721,25,,,0,70,,722,25,,,0,30,,723,25,,,0,70,,724,25,,,0,30,,725,25,,,0,70,,726,25,,,0,30,,727,25,,,0,70,,728,25,,,0,30,,729,25,,,0,70,,730,25,,,0,30,,731,25,,,0,70,,732,25,,,0,30,,733,25,,,0,70,,734,25,,,0,30,,735,25,,,0,70,,736,25,,,0,30,,737,25,,,0,70,,738,25,,,0,30,,739,25,,,0,69,,740,25,,,0,92,,741,25,,,0,25,,742,25,,,0,70,,743,25,,,0,30,,744,25,,,0,75,,745,25,,,0,100,,746,25,,,0,100,,747,25,,,0,100,,748,25,,,0
900,'Saturday-01',626,,1144,41,,,0,30,,1145,41,,,0,70,,1146,41,,,0,30,,1147,41,,,0,70,,1148,41,,,0,30,,1149,41,,,0,70,,1150,41,,,0,30,,1151,41,,,0,70,,1152,41,,,0,30,,1153,41,,,0,70,,1154,41,,,0,30,,1155,41,,,0,70,,1156,41,,,0,30,,1157,41,,,0,70,,1158,41,,,0,30,,1159,41,,,0,70,,1160,41,,,0,30,,1161,41,,,0,70,,1162,41,,,0,30,,1163,41,,,0,70,,1164,41,,,0,30,,1165,41,,,0,86,,1166,41,,,0,70,,1167,41,,,0,30,,1168,41,,,0,85,,1169,41,,,0,30,,1171,41,,,0,85,,1172,41,,,0,100,,1173,41,,,0,100,,1174,41,,,0,100,,1170,41,,,0
900,'Sunday-01',756,,1194,41,,,0,70,,1196,41,,,0,30,,1184,41,,,0,70,,1183,41,,,0,30,,1185,41,,,0,70,,1178,41,,,0,30,,1186,41,,,0,70,,1179,41,,,0,30,,1187,41,,,0,70,,1180,41,,,0,30,,1188,41,,,0,70,,1181,41,,,0,30,,1189,41,,,0,70,,1182,41,,,0,30,,1190,41,,,0,70,,1175,41,,,0,30,,1191,41,,,0,70,,1176,41,,,0,30,,1192,41,,,0,70,,1177,41,,,0,30,,1193,41,,,0,70,,1195,41,,,0
900,'Weekday-01',556,,1197,41,,,0,70,,1198,41,,,0,25,,1199,41,,,0,70,,1200,41,,,0,30,,1201,41,,,0,70,,1202,41,,,0,30,,1203,41,,,0,75,,1204,41,,,0,30,,1205,41,,,0,70,,1206,41,,,0,30,,1207,41,,,0,70,,1208,41,,,0,30,,1209,41,,,0,70,,1210,41,,,0,30,,1211,41,,,0,70,,1212,41,,,0,30,,1213,41,,,0,70,,1214,41,,,0,30,,1215,41,,,0,55,,1216,41,,,0,15,,1217,41,,,0,15,,1218,41,,,0,15,,1219,41,,,0,70,,1220,41,,,0,15,,1221,41,,,0,15,,1222,41,,,0,55,,1223,41,,,0,29,,1224,41,,,0,70,,1225,41,,,0,30,,1226,41,,,0,85,,1227,41,,,0,31,,1228,41,,,0,85,,1229,41,,,0,100,,1230,41,,,0,100,,1231,41,,,0,100,,1232,41,,,0
4001,'Saturday-01',618,,2128,33,,,0,100,,2129,33,,,0,30,,2130,33,,,0,70,,2131,33,,,0,30,,2132,33,,,0,70,,2133,33,,,0,30,,2134,33,,,0,70,,2135,33,,,0,30,,2136,33,,,0,70,,2137,33,,,0,30,,2138,33,,,0,70,,2139,33,,,0,30,,2140,33,,,0,70,,2141,33,,,0,30,,2142,33,,,0,70,,2143,33,,,0,30,,2144,33,,,0,70,,2145,33,,,0,30,,2146,33,,,0,70,,2147,33,,,0,30,,2148,33,,,0,70,,2149,33,,,0,30,,2150,33,,,0,70,,2151,33,,,0,30,,2152,33,,,0,70,,2153,33,,,0,30,,2154,33,,,0,70,,2155,33,,,0,30,,2156,33,,,0,70,,2157,33,,,0,30,,2158,33,,,0,70,,2159,33,,,0,30,,2160,33,,,0,70,,2161,33,,,0,100,,2162,33,,,0
4001,'Sunday-01',818,,2164,33,,,0,30,,2165,33,,,0,70,,2166,33,,,0,30,,2167,33,,,0,70,,2168,33,,,0,30,,2169,33,,,0,70,,2170,33,,,0,30,,2171,33,,,0,70,,2172,33,,,0,30,,2173,33,,,0,70,,2174,33,,,0,30,,2175,33,,,0,70,,2176,33,,,0,30,,2177,33,,,0,70,,2178,33,,,0,30,,2179,33,,,0,70,,2180,33,,,0,30,,2181,33,,,0,70,,2182,33,,,0,30,,2183,33,,,0,70,,2184,33,,,0
4001,'Weekday-01',618,,2220,33,,,0,30,,2185,33,,,0,70,,2186,33,,,0,30,,2187,33,,,0,70,,2188,33,,,0,30,,2189,33,,,0,70,,2190,33,,,0,30,,2191,33,,,0,70,,2192,33,,,0,30,,2193,33,,,0,70,,2194,33,,,0,30,,2195,33,,,0,70,,2196,33,,,0,30,,2197,33,,,0,70,,2198,33,,,0,30,,2199,33,,,0,70,,2200,33,,,0,30,,2201,33,,,0,70,,2202,33,,,0,30,,2203,33,,,0,70,,2204,33,,,0,30,,2205,33,,,0,70,,2206,33,,,0,30,,2207,33,,,0,70,,2208,33,,,0,30,,2209,33,,,0,70,,2210,33,,,0,30,,2211,33,,,0,70,,2212,33,,,0,30,,2213,33,,,0,70,,2214,33,,,0,30,,2215,33,,,0,70,,2216,33,,,0,30,,2217,33,,,0,70,,2218,33,,,0,100,,2219,33,,,0
2400025501,'Weekday-01-1111100',1531,,2564,19,,,0
