400,'Saturday-01',647,,3149,47,,,0,70,,3117,47,,,0,30,,3148,47,,,0,70,,3147,47,,,0,30,,3118,47,,,0,70,,3146,47,,,0,30,,3119,47,,,0,70,,3145,47,,,0,30,,3144,47,,,0,70,,3120,47,,,0,30,,3143,47,,,0,70,,3121,47,,,0,30,,3122,47,,,0,70,,3142,47,,,0,30,,3141,47,,,0,70,,3123,47,,,0,30,,3140,47,,,0,70,,3139,47,,,0,30,,3124,47,,,0,70,,3125,47,,,0,30,,3126,47,,,0,70,,3138,47,,,0,30,,3137,47,,,0,70,,3136,47,,,0,30,,3127,47,,,0,70,,3128,47,,,0,30,,3135,47,,,0,70,,3134,47,,,0,30,,3133,47,,,0,70,,3129,47,,,0,100,,3132,47,,,0,100,,3131,47,,,0,100,,3130,47,,,0
400,'Sunday-01',832,,3150,47,,,0,70,,3161,47,,,0,30,,3151,47,,,0,70,,3162,47,,,0,30,,3152,47,,,0,70,,3163,47,,,0,30,,3153,47,,,0,70,,3164,47,,,0,30,,3154,47,,,0,70,,3165,47,,,0,30,,3155,47,,,0,70,,3166,47,,,0,30,,3156,47,,,0,70,,3167,47,,,0,30,,3157,47,,,0,70,,3168,47,,,0,30,,3158,47,,,0,70,,3169,47,,,0,30,,3159,47,,,0,70,,3170,47,,,0,30,,3160,47,,,0
400,'Weekday-01',618,,3171,47,,,0,30,,3172,47,,,0,70,,3173,47,,,0,30,,3174,47,,,0,70,,3175,47,,,0,30,,3176,47,,,0,70,,3177,47,,,0,30,,3178,47,,,0,70,,3179,47,,,0,30,,3180,47,,,0,70,,3181,47,,,0,30,,3182,47,,,0,70,,3183,47,,,0,30,,3184,47,,,0,70,,3185,47,,,0,30,,3186,47,,,0,70,,3187,47,,,0,30,,3188,47,,,0,70,,3189,47,,,0,30,,3190,47,,,0,70,,3191,47,,,0,30,,3192,47,,,0,70,,3193,47,,,0,30,,3194,47,,,0,70,,3195,47,,,0,29,,3196,47,,,0,70,,3197,47,,,0,30,,3198,47,,,0,70,,3199,47,,,0,30,,3200,47,,,0,70,,3201,47,,,0,100,,3202,47,,,0,100,,3203,47,,,0,100,,3204,47,,,0
701,'Saturday-01',632,,3469,58,,,0,100,,3470,58,,,0,70,,3471,58,,,0,30,,3472,58,,,0,70,,3473,58,,,0,30,,3474,58,,,0,70,,3475,58,,,0,30,,3476,58,,,0,70,,3477,58,,,0,30,,3478,58,,,0,70,,3479,58,,,0,30,,3480,58,,,0,70,,3481,58,,,0,30,,3482,58,,,0,70,,3483,58,,,0,30,,3484,58,,,0,70,,3485,58,,,0,30,,3486,58,,,0,70,,3487,58,,,0,30,,3488,58,,,0,70,,3489,58,,,0,30,,3490,58,,,0,70,,3491,58,,,0,30,,3492,58,,,0,70,,3493,58,,,0,100,,3496,58,,,0,45,,3497,58,,,0,70,,3498,58,,,0,100,,3499,58,,,0,100,,3500,58,,,0,100,,3495,58,,,0
701,'Sunday-01',832,,3501,58,,,0,70,,3502,58,,,0,30,,3503,58,,,0,70,,3504,58,,,0,30,,3505,58,,,0,70,,3506,58,,,0,30,,3507,58,,,0,70,,3508,58,,,0,30,,3509,58,,,0,70,,3510,58,,,0,30,,3511,58,,,0,70,,3512,58,,,0,30,,3513,58,,,0,70,,3514,58,,,0,30,,3515,58,,,0,70,,3516,58,,,0,30,,3517,58,,,0,70,,3518,58,,,0,30,,3519,58,,,0,70,,3520,58,,,0,30,,3521,58,,,0
701,'Weekday-01',602,,3522,58,,,0,30,,3523,58,,,0,70,,3524,58,,,0,20,,3525,58,,,0,10,,3526,58,,,0,15,,3527,58,,,0,55,,3528,58,,,0,15,,3529,58,,,0,15,,3530,58,,,0,70,,3531,58,,,0,30,,3532,58,,,0,70,,3533,58,,,0,30,,3534,58,,,0,70,,3535,58,,,0,30,,3536,58,,,0,70,,3537,58,,,0,30,,3538,58,,,0,70,,3539,58,,,0,30,,3540,58,,,0,70,,3541,58,,,0,30,,3542,58,,,0,70,,3543,58,,,0,30,,3544,58,,,0,70,,3545,58,,,0,25,,3546,58,,,0,30,,3547,58,,,0,75,,3548,58,,,0,70,,3549,58,,,0,30,,3550,58,,,0,70,,3551,58,,,0,100,,3552,58,,,0,45,,3553,58,,,0,70,,3554,58,,,0,100,,3555,58,,,0,100,,3556,58,,,0,100,,3557,58,,,0
901,'Saturday-01',647,,3770,37,,,0,70,,3771,37,,,0,30,,3772,37,,,0,70,,3773,37,,,0,30,,3774,37,,,0,70,,3775,37,,,0,30,,3776,37,,,0,70,,3777,37,,,0,30,,3778,37,,,0,70,,3779,37,,,0,30,,3780,37,,,0,70,,3781,37,,,0,30,,3782,37,,,0,70,,3783,37,,,0,30,,3784,37,,,0,70,,3785,37,,,0,30,,3786,37,,,0,70,,3787,37,,,0,30,,3788,37,,,0,70,,3789,37,,,0,30,,3790,37,,,0,70,,3791,37,,,0,30,,3792,37,,,0,70,,3793,37,,,0,85,,3794,37,,,0,45,,3795,37,,,0,86,,3796,37,,,0,70,,3797,37,,,0,44,,3798,37,,,0,100,,3799,37,,,0,100,,3800,37,,,0
901,'Sunday-01',817,,3819,37,,,0,30,,3809,37,,,0,70,,3820,37,,,0,30,,3810,37,,,0,70,,3821,37,,,0,30,,3811,37,,,0,70,,3801,37,,,0,30,,3812,37,,,0,70,,3802,37,,,0,30,,3813,37,,,0,70,,3803,37,,,0,30,,3814,37,,,0,70,,3804,37,,,0,30,,3815,37,,,0,70,,3805,37,,,0,30,,3816,37,,,0,70,,3806,37,,,0,30,,3817,37,,,0,70,,3807,37,,,0,30,,3818,37,,,0,70,,3808,37,,,0
901,'Weekday-01',612,,3822,37,,,0,30,,3823,37,,,0,70,,3824,37,,,0,30,,3825,37,,,0,70,,3826,37,,,0,35,,3827,37,,,0,70,,3828,37,,,0,30,,3829,37,,,0,70,,3830,37,,,0,30,,3831,37,,,0,70,,3832,37,,,0,30,,3833,37,,,0,70,,3834,37,,,0,30,,3835,37,,,0,70,,3836,37,,,0,30,,3837,37,,,0,70,,3838,37,,,0,30,,3839,37,,,0,70,,3840,37,,,0,15,,3841,37,,,0,15,,3842,37,,,0,55,,3843,37,,,0,15,,3844,37,,,0,15,,3845,37,,,0,15,,3846,37,,,0,55,,3847,37,,,0,15,,3848,37,,,0,30,,3849,37,,,0,70,,3850,37,,,0,85,,3851,37,,,0,44,,3852,37,,,0,85,,3853,37,,,0,70,,3854,37,,,0,45,,3855,37,,,0,100,,3856,37,,,0,100,,3857,37,,,0
1001,'Saturday-01',643,,3926,39,,,0,100,,3927,39,,,0,99,,3928,39,,,0,70,,3929,39,,,0,30,,3930,39,,,0,70,,3931,39,,,0,30,,3932,39,,,0,70,,3933,39,,,0,30,,3934,39,,,0,70,,3935,39,,,0,30,,3936,39,,,0,70,,3937,39,,,0,30,,3938,39,,,0,70,,3939,39,,,0,30,,3940,39,,,0,70,,3941,39,,,0,30,,3942,39,,,0,70,,3943,39,,,0,30,,3944,39,,,0,70,,3945,39,,,0,30,,3946,39,,,0,71,,3947,39,,,0,104,,3949,39,,,0,85,,3950,39,,,0,45,,3951,39,,,0,70,,3952,39,,,0,101,,3953,39,,,0
1001,'Sunday-01',832,,3954,39,,,0,100,,3955,39,,,0,100,,3956,39,,,0,100,,3957,39,,,0,100,,3958,39,,,0,100,,3959,39,,,0,100,,3960,39,,,0,100,,3961,39,,,0,100,,3962,39,,,0,100,,3963,39,,,0,100,,3964,39,,,0
1001,'Weekday-01',612,,3997,9,,,0,30,,3983,50,,,0,70,,3984,50,,,0,30,,3985,50,,,0,70,,3986,50,,,0,30,,3987,50,,,0,70,,3988,50,,,0,30,,3965,39,,,0,70,,3966,39,,,0,30,,3967,39,,,0,70,,3968,39,,,0,30,,3969,39,,,0,70,,3970,39,,,0,30,,3971,39,,,0,70,,3972,39,,,0,30,,3973,39,,,0,70,,3974,39,,,0,30,,3975,39,,,0,70,,3976,39,,,0,30,,3977,39,,,0,70,,3989,50,,,0,30,,3990,50,,,0,70,,3991,50,,,0,30,,3992,50,,,0,70,,3993,50,,,0,20,,3994,50,,,0,85,,3978,39,,,0,85,,3979,39,,,0,45,,3980,39,,,0,70,,3981,39,,,0,101,,3982,39,,,0
2400,'Weekday-01',601,,4437,7,,,0,20,,4438,7,,,0,20,,4439,7,,,0,60,,4440,7,,,0,20,,4441,7,,,0,20,,4442,7,,,0,60,,4443,7,,,0,20,,4444,7,,,0,20,,4445,7,,,0,60,,4446,7,,,0,700,,4447,7,,,0,40,,4448,7,,,0,80,,4449,7,,,0,80,,4450,7,,,0,40,,4451,7,,,0,80,,4452,7,,,0,80,,4453,7,,,0,40,,4454,7,,,0,60,,4455,7,,,0,20,,4456,7,,,0,20,,4457,7,,,0,60,,4458,7,,,0,20,,4459,7,,,0,20,,4460,7,,,0,60,,4461,7,,,0,20,,4462,7,,,0,20,,4463,7,,,0,60,,4464,7,,,0,20,,4465,7,,,0
4000,'Saturday-01',621,,4535,29,,,0,30,,4536,29,,,0,70,,4537,29,,,0,30,,4538,29,,,0,70,,4539,29,,,0,30,,4540,29,,,0,70,,4541,29,,,0,30,,4542,29,,,0,70,,4543,29,,,0,30,,4544,29,,,0,70,,4545,29,,,0,30,,4546,29,,,0,70,,4547,29,,,0,30,,4548,29,,,0,70,,4549,29,,,0,30,,4550,29,,,0,70,,4551,29,,,0,30,,4552,29,,,0,70,,4553,29,,,0,30,,4554,29,,,0,70,,4555,29,,,0,30,,4556,29,,,0,70,,4557,29,,,0,30,,4558,29,,,0,70,,4559,29,,,0,30,,4560,29,,,0,70,,4561,29,,,0,30,,4562,29,,,0,70,,4563,29,,,0,30,,4564,29,,,0,70,,4565,29,,,0,30,,4566,29,,,0,70,,4567,29,,,0,30,,4568,29,,,0,70,,4569,29,,,0,100,,4570,29,,,0
4000,'Sunday-01',821,,4571,29,,,0,30,,4572,29,,,0,70,,4573,29,,,0,30,,4574,29,,,0,70,,4575,29,,,0,30,,4576,29,,,0,70,,4577,29,,,0,30,,4578,29,,,0,70,,4579,29,,,0,30,,4580,29,,,0,70,,4581,29,,,0,30,,4582,29,,,0,70,,4583,29,,,0,30,,4584,29,,,0,70,,4585,29,,,0,30,,4586,29,,,0,70,,4587,29,,,0,30,,4588,29,,,0,70,,4589,29,,,0,30,,4590,29,,,0,70,,4591,29,,,0
4000,'Weekday-01',621,,4629,29,,,0,30,,4620,29,,,0,70,,4621,29,,,0,30,,4622,29,,,0,70,,4623,29,,,0,30,,4624,29,,,0,70,,4625,29,,,0,30,,4626,29,,,0,70,,4627,29,,,0,30,,4628,29,,,0,70,,4595,29,,,0,30,,4617,29,,,0,70,,4616,29,,,0,30,,4615,29,,,0,70,,4614,29,,,0,30,,4596,29,,,0,70,,4613,29,,,0,30,,4612,29,,,0,70,,4618,29,,,0,30,,4597,29,,,0,70,,4598,29,,,0,30,,4599,29,,,0,70,,4611,29,,,0,30,,4619,29,,,0,70,,4601,29,,,0,30,,4603,29,,,0,70,,4610,29,,,0,30,,4609,29,,,0,70,,4608,29,,,0,30,,4600,29,,,0,70,,4607,29,,,0,30,,4606,29,,,0,70,,4605,29,,,0,30,,4604,29,,,0,70,,4594,29,,,0,100,,4602,29,,,0
