400,'Saturday-01',702,,605,74,,,0,30,,573,74,,,0,70,,604,74,,,0,30,,603,74,,,0,70,,574,74,,,0,30,,602,74,,,0,70,,575,74,,,0,30,,601,74,,,0,70,,600,74,,,0,30,,576,74,,,0,70,,599,74,,,0,30,,577,74,,,0,70,,578,74,,,0,30,,598,74,,,0,70,,597,74,,,0,30,,579,74,,,0,70,,596,74,,,0,30,,595,74,,,0,70,,580,74,,,0,30,,581,74,,,0,70,,582,74,,,0,30,,594,74,,,0,70,,593,74,,,0,30,,592,74,,,0,70,,583,74,,,0,30,,584,74,,,0,70,,591,74,,,0,35,,590,74,,,0,70,,589,74,,,0,30,,585,74,,,0,100,,588,74,,,0,100,,587,74,,,0,100,,586,74,,,0
400,'Sunday-01',852,,606,74,,,0,70,,617,74,,,0,30,,607,74,,,0,70,,618,74,,,0,30,,608,74,,,0,70,,619,74,,,0,30,,609,74,,,0,70,,620,74,,,0,30,,610,74,,,0,70,,621,74,,,0,30,,611,74,,,0,70,,622,74,,,0,30,,612,74,,,0,70,,623,74,,,0,30,,613,74,,,0,70,,624,74,,,0,30,,614,74,,,0,70,,625,74,,,0,30,,615,74,,,0,70,,626,74,,,0,30,,616,74,,,0
400,'Weekday-01',639,,627,74,,,0,70,,628,74,,,0,30,,629,74,,,0,70,,630,74,,,0,30,,631,74,,,0,70,,632,74,,,0,30,,633,74,,,0,70,,634,74,,,0,30,,635,74,,,0,70,,636,74,,,0,30,,637,74,,,0,70,,638,74,,,0,30,,639,74,,,0,70,,640,74,,,0,30,,641,74,,,0,70,,642,74,,,0,30,,643,74,,,0,70,,644,74,,,0,30,,645,74,,,0,70,,646,74,,,0,30,,647,74,,,0,70,,648,74,,,0,30,,649,74,,,0,70,,650,74,,,0,33,,651,74,,,0,65,,652,74,,,0,30,,653,74,,,0,70,,654,74,,,0,30,,655,74,,,0,70,,656,74,,,0,30,,657,74,,,0,100,,658,74,,,0,100,,659,74,,,0,100,,660,74,,,0
900,'Saturday-01',611,,1144,25,,,0,30,,1145,25,,,0,70,,1146,25,,,0,30,,1147,25,,,0,70,,1148,25,,,0,30,,1149,25,,,0,70,,1150,25,,,0,30,,1151,25,,,0,70,,1152,25,,,0,30,,1153,25,,,0,70,,1154,25,,,0,30,,1155,25,,,0,70,,1156,25,,,0,30,,1157,25,,,0,70,,1158,25,,,0,30,,1159,25,,,0,70,,1160,25,,,0,30,,1161,25,,,0,70,,1162,25,,,0,30,,1163,25,,,0,70,,1164,25,,,0,30,,1165,25,,,0,89,,1166,25,,,0,70,,1167,25,,,0,30,,1168,25,,,0,85,,1169,25,,,0,30,,1171,25,,,0,85,,1172,25,,,0,100,,1173,25,,,0,100,,1174,25,,,0,100,,1170,25,,,0
900,'Sunday-01',741,,1194,25,,,0,70,,1196,25,,,0,30,,1184,25,,,0,70,,1183,25,,,0,30,,1185,25,,,0,70,,1178,25,,,0,30,,1186,25,,,0,70,,1179,25,,,0,30,,1187,25,,,0,70,,1180,25,,,0,30,,1188,25,,,0,70,,1181,25,,,0,30,,1189,25,,,0,70,,1182,25,,,0,30,,1190,25,,,0,70,,1175,25,,,0,30,,1191,25,,,0,70,,1176,25,,,0,30,,1192,25,,,0,70,,1177,25,,,0,30,,1193,25,,,0,70,,1195,25,,,0
900,'Weekday-01',541,,1197,25,,,0,70,,1198,25,,,0,25,,1199,25,,,0,70,,1200,25,,,0,30,,1201,25,,,0,70,,1202,25,,,0,30,,1203,25,,,0,75,,1204,25,,,0,30,,1205,25,,,0,70,,1206,25,,,0,30,,1207,25,,,0,70,,1208,25,,,0,30,,1209,25,,,0,70,,1210,25,,,0,30,,1211,25,,,0,70,,1212,25,,,0,30,,1213,25,,,0,70,,1214,25,,,0,30,,1215,25,,,0,15,,1216,25,,,0,55,,1217,25,,,0,15,,1218,25,,,0,15,,1219,25,,,0,70,,1220,25,,,0,15,,1221,25,,,0,15,,1222,25,,,0,15,,1223,25,,,0,69,,1224,25,,,0,30,,1225,25,,,0,70,,1226,25,,,0,85,,1227,25,,,0,31,,1228,25,,,0,85,,1229,25,,,0,100,,1230,25,,,0,100,,1231,25,,,0,100,,1232,25,,,0
1801,'Saturday-01',645,,1751,9,,,0,70,,1752,9,,,0,30,,1753,9,,,0,70,,1754,9,,,0,30,,1755,9,,,0,70,,1756,9,,,0,30,,1757,9,,,0,70,,1758,9,,,0,30,,1759,9,,,0,70,,1760,9,,,0,30,,1761,9,,,0,70,,1762,9,,,0,30,,1763,9,,,0,70,,1764,9,,,0,30,,1765,9,,,0,70,,1766,9,,,0,30,,1767,9,,,0,70,,1768,9,,,0,30,,1769,9,,,0,70,,1770,9,,,0,30,,1771,9,,,0,70,,1772,9,,,0,30,,1773,9,,,0,70,,1774,9,,,0,30,,1775,9,,,0
1801,'Sunday-01',845,,1780,9,,,0,100,,1781,9,,,0,100,,1782,9,,,0,100,,1783,9,,,0,100,,1784,9,,,0,100,,1785,9,,,0,100,,1786,9,,,0,100,,1787,9,,,0,100,,1788,9,,,0,100,,1779,9,,,0,100,,1789,9,,,0
1801,'Weekday-01',645,,1792,9,,,0,70,,1793,9,,,0,30,,1794,9,,,0,55,,1821,9,,,0,15,,1795,9,,,0,15,,1822,9,,,0,15,,1796,9,,,0,55,,1823,9,,,0,15,,1797,9,,,0,15,,1824,9,,,0,15,,1798,9,,,0,55,,1825,9,,,0,15,,1799,9,,,0,15,,1826,9,,,0,15,,1800,9,,,0,70,,1801,9,,,0,30,,1802,9,,,0,70,,1803,9,,,0,30,,1804,9,,,0,70,,1805,9,,,0,30,,1806,9,,,0,70,,1807,9,,,0,30,,1808,9,,,0,55,,1827,9,,,0,15,,1809,9,,,0,15,,1828,9,,,0,15,,1810,9,,,0,55,,1829,9,,,0,15,,1811,9,,,0,15,,1830,9,,,0,15,,1812,9,,,0,55,,1831,9,,,0,15,,1813,9,,,0,15,,1832,9,,,0,15,,1814,9,,,0,70,,1815,9,,,0,30,,1816,9,,,0,70,,1817,9,,,0,100,,1818,9,,,0,100,,1819,9,,,0,94,,1820,9,,,0
2400025501,'Weekday-01-1111100',1515,,2564,3,,,0
