201,'Saturday-01',637,,285,32,,,0,70,,286,32,,,0,30,,287,32,,,0,70,,288,32,,,0,30,,289,32,,,0,70,,290,32,,,0,30,,291,32,,,0,70,,292,32,,,0,30,,293,32,,,0,70,,294,32,,,0,30,,295,32,,,0,70,,296,32,,,0,30,,297,32,,,0,70,,298,32,,,0,30,,299,32,,,0,70,,300,32,,,0,30,,301,32,,,0,70,,302,32,,,0,30,,303,32,,,0,70,,304,32,,,0,30,,305,32,,,0,70,,306,32,,,0,30,,307,32,,,0,70,,308,32,,,0,30,,309,32,,,0,70,,310,32,,,0,30,,311,32,,,0,70,,312,32,,,0,30,,313,32,,,0,70,,314,32,,,0,99,,315,32,,,0,100,,316,32,,,0,100,,317,32,,,0
201,'Sunday-01',823,,318,32,,,0,30,,319,32,,,0,70,,320,32,,,0,30,,321,32,,,0,70,,322,32,,,0,30,,323,32,,,0,70,,324,32,,,0,30,,325,32,,,0,70,,326,32,,,0,30,,327,32,,,0,70,,328,32,,,0,30,,329,32,,,0,70,,330,32,,,0,30,,331,32,,,0,70,,332,32,,,0,30,,333,32,,,0,70,,334,32,,,0,30,,335,32,,,0,70,,336,32,,,0,30,,337,32,,,0
201,'Weekday-01',607,,340,32,,,0,30,,341,32,,,0,15,,342,32,,,0,55,,343,32,,,0,15,,344,32,,,0,15,,345,32,,,0,15,,346,32,,,0,55,,381,32,,,0,15,,347,32,,,0,15,,348,32,,,0,16,,382,32,,,0,54,,380,32,,,0,30,,349,32,,,0,70,,350,32,,,0,30,,351,32,,,0,70,,352,32,,,0,30,,353,32,,,0,70,,354,32,,,0,30,,355,32,,,0,70,,356,32,,,0,25,,357,32,,,0,70,,358,32,,,0,35,,359,32,,,0,70,,360,32,,,0,15,,361,32,,,0,15,,362,32,,,0,12,,363,32,,,0,58,,364,32,,,0,15,,365,32,,,0,15,,366,32,,,0,15,,367,32,,,0,55,,368,32,,,0,30,,369,32,,,0,70,,370,32,,,0,30,,371,32,,,0,70,,372,32,,,0,30,,373,32,,,0,70,,374,32,,,0,30,,375,32,,,0,70,,376,32,,,0,99,,377,32,,,0,100,,378,32,,,0,100,,379,32,,,0
301,'Saturday-01',702,,501,10,,,0,30,,478,10,,,0,70,,479,10,,,0,30,,480,10,,,0,70,,481,10,,,0,30,,482,10,,,0,70,,483,10,,,0,30,,484,10,,,0,70,,485,10,,,0,30,,502,10,,,0,70,,486,10,,,0,30,,503,10,,,0,70,,504,10,,,0,30,,505,10,,,0,70,,506,10,,,0,30,,487,10,,,0,70,,488,10,,,0,30,,507,10,,,0,70,,489,10,,,0,30,,490,10,,,0,70,,491,10,,,0,30,,492,10,,,0,70,,508,10,,,0,31,,509,10,,,0,79,,493,9,,,0,30,,494,9,,,0,70,,495,9,,,0,30,,496,9,,,0,70,,497,9,,,0,100,,498,9,,,0,100,,499,9,,,0,100,,500,9,,,0
301,'Sunday-01',825,,510,10,,,0,30,,521,10,,,0,70,,522,10,,,0,30,,523,10,,,0,70,,524,10,,,0,30,,525,10,,,0,70,,526,10,,,0,30,,527,10,,,0,70,,528,10,,,0,30,,529,10,,,0,70,,530,10,,,0,30,,511,10,,,0,70,,512,10,,,0,30,,513,10,,,0,70,,514,10,,,0,30,,515,10,,,0,70,,516,10,,,0,30,,517,10,,,0,70,,518,10,,,0,30,,519,10,,,0,70,,520,10,,,0
301,'Weekday-01',557,,531,10,,,0,70,,532,10,,,0,30,,533,10,,,0,55,,534,10,,,0,15,,535,10,,,0,15,,536,10,,,0,15,,537,10,,,0,55,,538,10,,,0,15,,539,10,,,0,30,,540,10,,,0,70,,541,10,,,0,30,,542,10,,,0,70,,543,10,,,0,30,,544,10,,,0,70,,545,10,,,0,30,,546,10,,,0,70,,547,10,,,0,30,,548,10,,,0,70,,549,10,,,0,30,,550,10,,,0,70,,551,10,,,0,30,,552,10,,,0,55,,553,10,,,0,15,,554,10,,,0,15,,555,10,,,0,15,,556,10,,,0,70,,557,10,,,0,15,,558,10,,,0,15,,559,10,,,0,55,,560,10,,,0,30,,561,10,,,0,70,,562,9,,,0,30,,563,9,,,0,70,,564,9,,,0,30,,565,9,,,0,70,,566,9,,,0,30,,567,9,,,0,70,,568,9,,,0,30,,572,9,,,0,70,,571,10,,,0,100,,569,9,,,0,100,,570,9,,,0
1201,'Saturday-01',639,,1533,35,,,0,100,,1534,35,,,0,100,,1535,35,,,0,70,,1539,45,,,0,30,,1540,45,,,0,70,,1541,45,,,0,30,,1542,45,,,0,70,,1543,45,,,0,30,,1544,45,,,0,70,,1545,45,,,0,30,,1546,45,,,0,70,,1547,45,,,0,30,,1548,45,,,0,70,,1549,45,,,0,30,,1550,45,,,0,70,,1551,45,,,0,30,,1552,45,,,0,70,,1553,45,,,0,30,,1554,45,,,0,70,,1555,45,,,0,30,,1538,45,,,0,70,,1537,45,,,0,100,,1536,32,,,0,100,,1559,32,,,0,100,,1560,32,,,0,100,,1556,32,,,0,100,,1557,32,,,0,100,,1558,32,,,0
1201,'Sunday-01',824,,1561,35,,,0,100,,1562,35,,,0,100,,1563,35,,,0,100,,1564,35,,,0,100,,1565,35,,,0,100,,1566,35,,,0,100,,1567,35,,,0,100,,1568,35,,,0,100,,1569,35,,,0,100,,1570,35,,,0,100,,1571,35,,,0
1201,'Weekday-01',639,,1599,42,,,0,70,,1600,42,,,0,30,,1601,42,,,0,70,,1602,42,,,0,30,,1603,42,,,0,70,,1578,45,,,0,30,,1589,45,,,0,70,,1590,45,,,0,30,,1591,45,,,0,70,,1592,45,,,0,30,,1593,45,,,0,70,,1594,45,,,0,30,,1595,45,,,0,70,,1596,45,,,0,30,,1579,45,,,0,70,,1580,45,,,0,30,,1581,45,,,0,70,,1582,45,,,0,30,,1588,45,,,0,70,,1583,45,,,0,30,,1584,45,,,0,70,,1585,45,,,0,30,,1586,45,,,0,70,,1587,45,,,0,30,,1597,45,,,0,70,,1572,32,,,0,100,,1573,32,,,0,100,,1574,32,,,0,100,,1575,32,,,0,100,,1576,32,,,0,100,,1577,32,,,0
3001,'Weekday-01',729,,2017,5,,,0,30,,2011,5,,,0,70,,2018,5,,,0,30,,2019,5,,,0,70,,2020,5,,,0,30,,2021,5,,,0,70,,2012,5,,,0,30,,2013,5,,,0,70,,2022,5,,,0,77,,2023,5,,,0,30,,2024,5,,,0,70,,2025,5,,,0,30,,2026,5,,,0,70,,2014,5,,,0,30,,2027,5,,,0,70,,2028,5,,,0,30,,2029,5,,,0,70,,2030,5,,,0,30,,2015,5,,,0,70,,2016,5,,,0,30,,2031,5,,,0
