201,'Saturday-01',650,,2829,43,,,0,70,,2830,43,,,0,30,,2831,43,,,0,70,,2832,43,,,0,30,,2833,43,,,0,70,,2834,43,,,0,30,,2835,43,,,0,70,,2836,43,,,0,30,,2837,43,,,0,70,,2838,43,,,0,30,,2839,43,,,0,70,,2840,43,,,0,30,,2841,43,,,0,70,,2842,43,,,0,30,,2843,43,,,0,70,,2844,43,,,0,30,,2845,43,,,0,70,,2846,43,,,0,30,,2847,43,,,0,70,,2848,43,,,0,30,,2849,43,,,0,70,,2850,43,,,0,30,,2851,43,,,0,70,,2852,43,,,0,30,,2853,43,,,0,70,,2854,43,,,0,30,,2855,43,,,0,70,,2856,43,,,0,29,,2857,43,,,0,71,,2858,43,,,0,100,,2859,43,,,0,100,,2860,43,,,0,100,,2861,43,,,0
201,'Sunday-01',836,,2862,43,,,0,70,,2863,43,,,0,30,,2864,43,,,0,70,,2865,43,,,0,30,,2866,43,,,0,70,,2867,43,,,0,30,,2868,43,,,0,70,,2869,43,,,0,30,,2870,43,,,0,70,,2871,43,,,0,30,,2872,43,,,0,70,,2873,43,,,0,30,,2874,43,,,0,70,,2875,43,,,0,30,,2876,43,,,0,70,,2877,43,,,0,30,,2878,43,,,0,70,,2879,43,,,0,30,,2880,43,,,0,70,,2881,43,,,0
201,'Weekday-01',620,,2884,43,,,0,30,,2885,43,,,0,55,,2886,43,,,0,15,,2887,43,,,0,15,,2888,43,,,0,15,,2889,43,,,0,55,,2890,43,,,0,15,,2925,43,,,0,15,,2891,43,,,0,15,,2892,43,,,0,70,,2924,43,,,0,30,,2893,43,,,0,70,,2894,43,,,0,30,,2895,43,,,0,70,,2896,43,,,0,30,,2897,43,,,0,70,,2898,43,,,0,30,,2899,43,,,0,70,,2900,43,,,0,25,,2901,43,,,0,70,,2902,43,,,0,35,,2903,43,,,0,70,,2904,43,,,0,15,,2905,43,,,0,15,,2906,43,,,0,55,,2907,43,,,0,15,,2908,43,,,0,15,,2909,43,,,0,15,,2910,43,,,0,55,,2911,43,,,0,15,,2912,43,,,0,30,,2913,43,,,0,70,,2914,43,,,0,30,,2915,43,,,0,70,,2916,43,,,0,30,,2917,43,,,0,70,,2918,43,,,0,30,,2919,43,,,0,70,,2920,43,,,0,100,,2921,43,,,0,100,,2922,43,,,0,100,,2923,43,,,0
500,'Saturday-01',704,,3293,8,,,0,100,,3294,8,,,0,100,,3295,8,,,0,100,,3296,8,,,0,100,,3297,8,,,0,100,,3298,8,,,0,100,,3299,8,,,0,100,,3300,8,,,0,100,,3301,8,,,0,100,,3302,8,,,0,100,,3303,8,,,0,101,,3304,8,,,0
500,'Weekday-01',615,,3305,8,,,0,30,,3306,8,,,0,70,,3307,8,,,0,30,,3308,8,,,0,70,,3309,8,,,0,90,,3310,8,,,0,100,,3311,8,,,0,100,,3312,8,,,0,100,,3313,8,,,0,100,,3314,8,,,0,100,,3315,8,,,0,100,,3316,8,,,0,110,,3317,8,,,0,30,,3318,8,,,0,70,,3319,8,,,0,35,,3320,8,,,0
1000,'Saturday-01',654,,3858,28,,,0,100,,3859,28,,,0,100,,3860,28,,,0,70,,3861,28,,,0,30,,3862,28,,,0,70,,3863,28,,,0,30,,3864,28,,,0,70,,3865,28,,,0,30,,3866,28,,,0,70,,3867,28,,,0,30,,3868,28,,,0,70,,3869,28,,,0,30,,3870,28,,,0,70,,3871,28,,,0,30,,3872,28,,,0,70,,3873,28,,,0,30,,3874,28,,,0,70,,3875,28,,,0,30,,3876,28,,,0,70,,3877,28,,,0,30,,3878,28,,,0,70,,3879,28,,,0,85,,3880,28,,,0,45,,3881,28,,,0,82,,3882,28,,,0,87,,3883,28,,,0,100,,3884,28,,,0
1000,'Sunday-01',838,,3885,28,,,0,100,,3886,28,,,0,100,,3887,28,,,0,100,,3888,28,,,0,100,,3889,28,,,0,100,,3890,28,,,0,100,,3891,28,,,0,100,,3892,28,,,0,100,,3893,28,,,0,100,,3894,28,,,0,100,,3895,28,,,0
1000,'Weekday-01',624,,3914,28,,,0,30,,3915,28,,,0,70,,3916,28,,,0,30,,3917,28,,,0,70,,3918,28,,,0,30,,3896,28,,,0,70,,3897,28,,,0,30,,3898,28,,,0,70,,3899,28,,,0,30,,3900,28,,,0,70,,3901,28,,,0,30,,3902,28,,,0,70,,3903,28,,,0,30,,3904,28,,,0,70,,3905,28,,,0,30,,3906,28,,,0,70,,3907,28,,,0,31,,3919,28,,,0,70,,3920,28,,,0,30,,3921,28,,,0,70,,3922,28,,,0,30,,3923,28,,,0,70,,3924,28,,,0,30,,3925,28,,,0,69,,3908,28,,,0,85,,3909,28,,,0,45,,3910,28,,,0,82,,3911,28,,,0,87,,3912,28,,,0,100,,3913,28,,,0
4001,'Saturday-01',625,,4631,38,,,0,100,,4632,38,,,0,30,,4633,38,,,0,70,,4634,38,,,0,30,,4635,38,,,0,70,,4636,38,,,0,30,,4637,38,,,0,70,,4638,38,,,0,30,,4639,38,,,0,70,,4640,38,,,0,30,,4641,38,,,0,70,,4642,38,,,0,30,,4643,38,,,0,70,,4644,38,,,0,30,,4645,38,,,0,70,,4646,38,,,0,30,,4647,38,,,0,70,,4648,38,,,0,30,,4649,38,,,0,70,,4650,38,,,0,30,,4651,38,,,0,70,,4652,38,,,0,30,,4653,38,,,0,70,,4654,38,,,0,30,,4655,38,,,0,70,,4656,38,,,0,30,,4657,38,,,0,70,,4658,38,,,0,30,,4659,38,,,0,70,,4660,38,,,0,30,,4661,38,,,0,70,,4662,38,,,0,30,,4663,38,,,0,70,,4664,38,,,0,100,,4665,38,,,0
4001,'Sunday-01',825,,4667,38,,,0,30,,4668,38,,,0,70,,4669,38,,,0,30,,4670,38,,,0,70,,4671,38,,,0,30,,4672,38,,,0,70,,4673,38,,,0,30,,4674,38,,,0,70,,4675,38,,,0,30,,4676,38,,,0,70,,4677,38,,,0,30,,4678,38,,,0,70,,4679,38,,,0,30,,4680,38,,,0,70,,4681,38,,,0,30,,4682,38,,,0,70,,4683,38,,,0,30,,4684,38,,,0,70,,4685,38,,,0,30,,4686,38,,,0,70,,4687,38,,,0
4001,'Weekday-01',625,,4723,38,,,0,30,,4688,38,,,0,70,,4689,38,,,0,30,,4690,38,,,0,70,,4691,38,,,0,30,,4692,38,,,0,70,,4693,38,,,0,30,,4694,38,,,0,70,,4695,38,,,0,30,,4696,38,,,0,70,,4697,38,,,0,30,,4698,38,,,0,70,,4699,38,,,0,30,,4700,38,,,0,70,,4701,38,,,0,30,,4702,38,,,0,70,,4703,38,,,0,30,,4704,38,,,0,70,,4705,38,,,0,30,,4706,38,,,0,70,,4707,38,,,0,30,,4708,38,,,0,70,,4709,38,,,0,30,,4710,38,,,0,70,,4711,38,,,0,30,,4712,38,,,0,70,,4713,38,,,0,30,,4714,38,,,0,70,,4715,38,,,0,30,,4716,38,,,0,70,,4717,38,,,0,30,,4718,38,,,0,70,,4719,38,,,0,30,,4720,38,,,0,70,,4721,38,,,0,100,,4722,38,,,0
