101,'Saturday-01',656,,2641,2,,,0,70,,2642,41,,,0,30,,2643,41,,,0,75,,2673,37,0,6,0,70,,2662,37,,,0,30,,2663,37,,,0,70,,2664,37,,,0,30,,2665,37,,,0,70,,2666,37,,,0,30,,2667,37,,,0,70,,2668,37,,,0,30,,2669,37,,,0,70,,2652,39,,,0,25,,2644,41,,,0,30,,2645,41,,,0,50,,2653,39,,,0,35,,2654,39,,,0,75,,2646,41,,,0,40,,2647,41,,,0,55,,2658,39,,,0,40,,2659,37,,,0,70,,2660,37,,,0,80,,2655,39,,,0,30,,2656,39,,,0,70,,2657,39,,,0,99,,2670,37,,,0,30,,2671,37,,,0,95,,2648,41,,,0,83,,2649,41,,,0,20,,2661,37,,,0,100,,2650,41,,,0,85,,2651,41,,,0
101,'Sunday-01',812,,2674,37,,,0,100,,2675,39,,,0,100,,2676,39,,,0,100,,2677,39,,,0,100,,2678,39,,,0,105,,2681,41,,,0,100,,2682,41,,,0,105,,2683,41,,,0,100,,2684,41,,,0,100,,2679,39,,,0,109,,2680,39,,,0
101,'Weekday-01',620,,2733,37,,,0,16,,2688,28,,,0,10,,2716,37,,,0,64,,2705,28,,,0,16,,2689,41,,,0,15,,2690,41,,,0,15,,2691,41,,,0,50,,2717,37,,,0,5,,2692,41,,,0,25,,2687,28,,,0,20,,2719,37,,,0,60,,2720,37,,,0,30,,2732,37,,,0,80,,2721,37,,,0,74,,2722,37,,,0,30,,2723,37,,,0,70,,2724,37,,,0,30,,2725,37,,,0,96,,2693,41,,,0,30,,2694,41,,,0,70,,2695,41,,,0,30,,2696,41,,,0,70,,2697,41,,,0,30,,2698,41,,,0,55,,2706,39,,,0,10,,2707,39,,,0,10,,2726,37,,,0,20,,2708,39,,,0,50,,2727,37,,,0,20,,2709,39,,,0,5,,2728,37,,,0,24,,2710,39,,,0,6,,2729,37,,,0,65,,2711,39,,,0,5,,2730,37,,,0,80,,2712,39,,,0,10,,2731,37,,,0,30,,2718,37,,,0,70,,2714,37,,,0,90,,2699,41,,,0,20,,2700,41,,,0,75,,2701,41,,,0,30,,2702,41,,,0,100,,2703,41,,,0,25,,2704,41,,,0,70,,2715,37,,,0
200,'Saturday-01',646,,2734,31,,,0,70,,2735,31,,,0,30,,2736,31,,,0,70,,2737,31,,,0,30,,2738,31,,,0,70,,2739,31,,,0,30,,2740,31,,,0,70,,2741,31,,,0,30,,2742,31,,,0,70,,2743,31,,,0,30,,2744,31,,,0,70,,2745,31,,,0,30,,2746,31,,,0,70,,2747,31,,,0,30,,2748,31,,,0,70,,2749,31,,,0,30,,2750,31,,,0,70,,2751,31,,,0,30,,2752,31,,,0,70,,2753,31,,,0,30,,2754,31,,,0,70,,2755,31,,,0,30,,2756,31,,,0,70,,2757,31,,,0,30,,2758,31,,,0,70,,2759,31,,,0,30,,2761,31,,,0,70,,2762,31,,,0,30,,2763,31,,,0,70,,2764,31,,,0,100,,2765,31,,,0,100,,2766,31,,,0,100,,2767,31,,,0
200,'Sunday-01',832,,2768,31,,,0,70,,2769,31,,,0,30,,2770,31,,,0,70,,2771,31,,,0,30,,2772,31,,,0,70,,2773,31,,,0,30,,2774,31,,,0,70,,2775,31,,,0,30,,2776,31,,,0,70,,2777,31,,,0,30,,2778,31,,,0,70,,2779,31,,,0,30,,2780,31,,,0,70,,2781,31,,,0,30,,2782,31,,,0,70,,2783,31,,,0,30,,2784,31,,,0,70,,2785,31,,,0,30,,2786,31,,,0
200,'Weekday-01',616,,2788,31,,,0,30,,2787,31,,,0,55,,2828,31,,,0,15,,2791,31,,,0,15,,2792,31,,,0,15,,2793,31,,,0,55,,2794,31,,,0,15,,2789,31,,,0,15,,2790,31,,,0,70,,2795,31,,,0,30,,2796,31,,,0,20,,2819,31,,,0,70,,2800,31,,,0,30,,2801,31,,,0,70,,2802,31,,,0,30,,2803,31,,,0,70,,2804,31,,,0,30,,2805,31,,,0,70,,2806,31,,,0,30,,2797,31,,,0,70,,2798,31,,,0,25,,2799,31,,,0,66,,2807,31,,,0,19,,2808,31,,,0,15,,2809,31,,,0,55,,2810,31,,,0,15,,2811,31,,,0,15,,2812,31,,,0,15,,2813,31,,,0,55,,2814,31,,,0,15,,2815,31,,,0,30,,2820,31,,,0,70,,2821,31,,,0,30,,2822,31,,,0,70,,2823,31,,,0,30,,2824,31,,,0,70,,2816,31,,,0,30,,2817,31,,,0,70,,2818,31,,,0,100,,2825,31,,,0,100,,2826,31,,,0,100,,2827,31,,,0
300,'Saturday-01',646,,2944,41,,,0,70,,2927,41,,,0,30,,2928,41,,,0,70,,2929,41,,,0,30,,2930,41,,,0,70,,2931,41,,,0,30,,2932,41,,,0,70,,2933,41,,,0,30,,2934,41,,,0,70,,2945,41,,,0,30,,2935,41,,,0,70,,2946,41,,,0,30,,2947,41,,,0,70,,2948,41,,,0,30,,2949,41,,,0,70,,2936,41,,,0,30,,2937,41,,,0,70,,2950,41,,,0,30,,2938,41,,,0,70,,2939,41,,,0,30,,2940,41,,,0,70,,2941,41,,,0,30,,2951,41,,,0,70,,2952,41,,,0,30,,2942,41,,,0,70,,2953,41,,,0,30,,2943,41,,,0,70,,2954,41,,,0,30,,2958,41,,,0,70,,2955,41,,,0,100,,2956,41,,,0,100,,2957,41,,,0,100,,2959,41,,,0
300,'Sunday-01',831,,2960,41,,,0,70,,2961,41,,,0,30,,2962,41,,,0,70,,2963,41,,,0,30,,2964,41,,,0,70,,2965,41,,,0,30,,2966,41,,,0,70,,2967,41,,,0,30,,2968,41,,,0,70,,2969,41,,,0,30,,2970,41,,,0,70,,2971,41,,,0,30,,2972,41,,,0,70,,2973,41,,,0,30,,2974,41,,,0,70,,2975,41,,,0,30,,2976,41,,,0,70,,2977,41,,,0,30,,2978,41,,,0,70,,2979,41,,,0,30,,2980,41,,,0
300,'Weekday-01',616,,2981,41,,,0,30,,2982,41,,,0,55,,2983,41,,,0,15,,2984,41,,,0,15,,2985,41,,,0,15,,2986,41,,,0,55,,2987,41,,,0,15,,2988,41,,,0,15,,2989,41,,,0,15,,2990,41,,,0,70,,2991,41,,,0,30,,2992,41,,,0,70,,2993,41,,,0,30,,2994,41,,,0,70,,2995,41,,,0,30,,2996,41,,,0,70,,2997,41,,,0,30,,2998,41,,,0,70,,2999,41,,,0,30,,3000,41,,,0,70,,3001,41,,,0,30,,3002,41,,,0,70,,3003,41,,,0,30,,3004,41,,,0,55,,3005,41,,,0,15,,3006,41,,,0,15,,3007,41,,,0,15,,3008,41,,,0,55,,3009,41,,,0,15,,3010,41,,,0,30,,3011,41,,,0,70,,3012,41,,,0,30,,3013,41,,,0,70,,3014,41,,,0,30,,3015,41,,,0,70,,3016,41,,,0,30,,3021,41,,,0,70,,3020,41,,,0,100,,3017,41,,,0,100,,3018,41,,,0,100,,3019,41,,,0
401,'Saturday-01',641,,3237,30,,,0,70,,3236,30,,,0,30,,3205,30,,,0,70,,3235,30,,,0,30,,3206,30,,,0,70,,3234,30,,,0,30,,3233,30,,,0,70,,3207,30,,,0,30,,3232,30,,,0,70,,3208,30,,,0,30,,3231,30,,,0,70,,3230,30,,,0,30,,3229,30,,,0,70,,3228,30,,,0,30,,3209,30,,,0,70,,3227,30,,,0,30,,3210,30,,,0,70,,3211,30,,,0,30,,3226,30,,,0,70,,3212,30,,,0,30,,3213,30,,,0,70,,3214,30,,,0,30,,3215,30,,,0,70,,3216,30,,,0,30,,3225,30,,,0,70,,3224,30,,,0,30,,3223,30,,,0,70,,3217,30,,,0,30,,3218,30,,,0,75,,3222,30,,,0,100,,3221,30,,,0,100,,3220,30,,,0,100,,3219,30,,,0
401,'Sunday-01',831,,3238,30,,,0,70,,3249,30,,,0,30,,3239,30,,,0,70,,3250,30,,,0,30,,3240,30,,,0,70,,3251,30,,,0,30,,3241,30,,,0,70,,3252,30,,,0,30,,3242,30,,,0,70,,3253,30,,,0,30,,3243,30,,,0,70,,3254,30,,,0,30,,3244,30,,,0,70,,3255,30,,,0,30,,3245,30,,,0,70,,3256,30,,,0,30,,3246,30,,,0,70,,3257,30,,,0,30,,3247,30,,,0,70,,3258,30,,,0,30,,3248,30,,,0
401,'Weekday-01',556,,3259,30,,,0,70,,3260,30,,,0,30,,3261,30,,,0,70,,3262,30,,,0,30,,3263,30,,,0,70,,3264,30,,,0,30,,3265,30,,,0,70,,3266,30,,,0,30,,3267,30,,,0,70,,3268,30,,,0,30,,3269,30,,,0,70,,3270,30,,,0,30,,3271,30,,,0,70,,3272,30,,,0,30,,3273,30,,,0,70,,3274,30,,,0,30,,3275,30,,,0,70,,3276,30,,,0,30,,3277,30,,,0,70,,3278,30,,,0,30,,3279,30,,,0,70,,3280,30,,,0,30,,3281,30,,,0,70,,3282,30,,,0,30,,3283,30,,,0,69,,3284,30,,,0,91,,3285,30,,,0,25,,3286,30,,,0,70,,3287,30,,,0,30,,3288,30,,,0,75,,3289,30,,,0,100,,3290,30,,,0,100,,3291,30,,,0,100,,3292,30,,,0
700,'Saturday-01',645,,3382,47,,,0,100,,3383,47,,,0,70,,3384,47,,,0,30,,3385,47,,,0,70,,3386,47,,,0,30,,3387,47,,,0,70,,3388,47,,,0,30,,3389,47,,,0,70,,3390,47,,,0,30,,3391,47,,,0,70,,3392,47,,,0,30,,3393,47,,,0,70,,3394,47,,,0,30,,3395,47,,,0,70,,3396,47,,,0,30,,3397,47,,,0,70,,3398,47,,,0,30,,3399,47,,,0,70,,3400,47,,,0,30,,3401,47,,,0,70,,3402,47,,,0,30,,3403,47,,,0,70,,3404,47,,,0,85,,3405,47,,,0,45,,3406,47,,,0,70,,3407,47,,,0,100,,3408,47,,,0,100,,3409,47,,,0,100,,3410,47,,,0,100,,3411,47,,,0
700,'Sunday-01',845,,3422,47,,,0,70,,3423,47,,,0,30,,3424,47,,,0,70,,3425,47,,,0,30,,3426,47,,,0,70,,3427,47,,,0,30,,3428,47,,,0,70,,3429,47,,,0,30,,3430,47,,,0,70,,3431,47,,,0,30,,3421,47,,,0,70,,3417,47,,,0,30,,3412,47,,,0,70,,3413,47,,,0,30,,3414,47,,,0,70,,3415,47,,,0,30,,3416,47,,,0,70,,3418,47,,,0,30,,3419,47,,,0,70,,3420,47,,,0
700,'Weekday-01',615,,3432,47,,,0,30,,3433,47,,,0,55,,3434,47,0,7,0,15,,3435,47,,,0,15,,3436,47,,,0,15,,3437,47,,,0,56,,3438,47,,,0,14,,3439,47,,,0,15,,3440,47,,,0,15,,3441,47,,,0,55,,3442,47,,,0,15,,3443,47,,,0,30,,3444,47,,,0,70,,3445,47,,,0,30,,3446,47,,,0,70,,3447,47,,,0,30,,3448,47,,,0,70,,3449,47,,,0,30,,3450,47,,,0,70,,3451,47,,,0,30,,3452,47,,,0,70,,3453,47,,,0,30,,3454,47,,,0,65,,3455,47,,,0,30,,3456,47,,,0,70,,3457,47,,,0,30,,3458,47,,,0,70,,3459,47,,,0,30,,3460,47,,,0,75,,3461,47,,,0,85,,3462,47,,,0,45,,3463,47,,,0,70,,3464,47,,,0,100,,3465,47,,,0,100,,3466,47,,,0,100,,3467,47,,,0,100,,3468,47,,,0
801,'Saturday-01',651,,3623,47,,,0,100,,3624,47,,,0,100,,3625,47,,,0,70,,3645,2,,,0,30,,3626,47,,,0,70,,3627,47,,,0,30,,3628,47,,,0,70,,3629,47,,,0,30,,3630,47,,,0,70,,3631,47,,,0,30,,3632,47,,,0,70,,3633,47,,,0,30,,3634,47,,,0,70,,3635,47,,,0,30,,3636,47,,,0,70,,3637,47,,,0,30,,3638,47,,,0,70,,3639,47,,,0,30,,3640,47,,,0,70,,3641,47,,,0,30,,3642,47,,,0,65,,3622,47,,,0,100,,3621,47,,,0,100,,3644,47,,,0,100,,3643,47,,,0
801,'Sunday-01',831,,3646,47,,,0,100,,3647,47,,,0,100,,3648,47,,,0,100,,3649,47,,,0,100,,3650,47,,,0,100,,3651,47,,,0,100,,3652,47,,,0,100,,3653,47,,,0,100,,3654,47,,,0,100,,3655,47,,,0,100,,3656,47,,,0
801,'Weekday-01',556,,3657,47,,,0,75,,3658,47,,,0,75,,3659,47,,,0,35,,3660,47,,,0,75,,3661,47,,,0,35,,3662,47,,,0,75,,3663,47,,,0,75,,3664,47,,,0,35,,3665,47,,,0,75,,3666,47,,,0,35,,3667,47,,,0,75,,3668,47,,,0,35,,3669,47,,,0,75,,3670,47,,,0,75,,3671,47,,,0,35,,3672,47,,,0,75,,3673,47,,,0,35,,3674,47,,,0,75,,3675,47,,,0,75,,3676,47,,,0,35,,3677,47,,,0,110,,3678,47,,,0,110,,3679,47,,,0,150,,3680,47,,,0
900,'Saturday-01',631,,3681,46,,,0,70,,3682,46,,,0,30,,3683,46,,,0,70,,3684,46,,,0,30,,3685,46,,,0,70,,3686,46,,,0,30,,3687,46,,,0,70,,3688,46,,,0,30,,3689,46,,,0,70,,3690,46,,,0,30,,3691,46,,,0,70,,3692,46,,,0,30,,3693,46,,,0,70,,3694,46,,,0,30,,3695,46,,,0,70,,3696,46,,,0,30,,3697,46,,,0,70,,3698,46,,,0,30,,3699,46,,,0,70,,3700,46,,,0,30,,3701,46,,,0,70,,3702,46,,,0,45,,3703,46,,,0,70,,3704,46,,,0,29,,3705,46,,,0,85,,3706,46,,,0,70,,3708,46,,,0,45,,3709,46,,,0,100,,3710,46,,,0,100,,3711,46,,,0,100,,3707,46,,,0
900,'Sunday-01',801,,3731,46,,,0,30,,3733,46,,,0,70,,3721,46,,,0,30,,3720,46,,,0,70,,3722,46,,,0,30,,3715,46,,,0,70,,3723,46,,,0,30,,3716,46,,,0,70,,3724,46,,,0,30,,3717,46,,,0,70,,3725,46,,,0,30,,3718,46,,,0,70,,3726,46,,,0,30,,3719,46,,,0,70,,3727,46,,,0,30,,3712,46,,,0,70,,3728,46,,,0,30,,3713,46,,,0,70,,3729,46,,,0,30,,3714,46,,,0,70,,3730,46,,,0,30,,3732,46,,,0
900,'Weekday-01',601,,3734,46,,,0,30,,3735,46,,,0,25,,3736,46,,,0,70,,3737,46,,,0,30,,3738,46,,,0,70,,3739,46,,,0,30,,3740,46,,,0,75,,3741,46,,,0,70,,3742,46,,,0,30,,3743,46,,,0,70,,3744,46,,,0,30,,3745,46,,,0,70,,3746,46,,,0,30,,3747,46,,,0,70,,3748,46,,,0,30,,3749,46,,,0,70,,3750,46,,,0,30,,3751,46,,,0,70,,3752,46,,,0,15,,3753,46,,,0,15,,3754,46,,,0,15,,3755,46,,,0,55,,3756,46,,,0,30,,3757,46,,,0,15,,3758,46,,,0,55,,3759,46,,,0,15,,3760,46,,,0,30,,3761,46,,,0,70,,3762,46,,,0,29,,3763,46,,,0,85,,3764,46,,,0,70,,3765,46,,,0,45,,3766,46,,,0,100,,3767,46,,,0,100,,3768,46,,,0,100,,3769,46,,,0
1000,'Saturday-01',646,,3858,20,,,0,100,,3859,20,,,0,100,,3860,20,,,0,70,,3861,20,,,0,30,,3862,20,,,0,70,,3863,20,,,0,30,,3864,20,,,0,70,,3865,20,,,0,30,,3866,20,,,0,70,,3867,20,,,0,30,,3868,20,,,0,70,,3869,20,,,0,30,,3870,20,,,0,70,,3871,20,,,0,30,,3872,20,,,0,70,,3873,20,,,0,30,,3874,20,,,0,70,,3875,20,,,0,30,,3876,20,,,0,70,,3877,20,,,0,30,,3878,20,,,0,70,,3879,20,,,0,85,,3880,20,,,0,45,,3881,20,,,0,85,,3882,20,,,0,85,,3883,20,,,0,100,,3884,20,,,0
1000,'Sunday-01',831,,3885,20,,,0,100,,3886,20,,,0,100,,3887,20,,,0,100,,3888,20,,,0,100,,3889,20,,,0,100,,3890,20,,,0,100,,3891,20,,,0,100,,3892,20,,,0,100,,3893,20,,,0,100,,3894,20,,,0,100,,3895,20,,,0
1000,'Weekday-01',616,,3914,20,,,0,30,,3915,20,,,0,70,,3916,20,,,0,30,,3917,20,,,0,70,,3918,20,,,0,30,,3896,20,,,0,70,,3897,20,,,0,30,,3898,20,,,0,70,,3899,20,,,0,30,,3900,20,,,0,70,,3901,20,,,0,30,,3902,20,,,0,70,,3903,20,,,0,30,,3904,20,,,0,70,,3905,20,,,0,30,,3906,20,,,0,70,,3907,20,,,0,30,,3919,20,,,0,70,,3920,20,,,0,30,,3921,20,,,0,70,,3922,20,,,0,30,,3923,20,,,0,70,,3924,20,,,0,30,,3925,20,,,0,70,,3908,20,,,0,85,,3909,20,,,0,45,,3910,20,,,0,85,,3911,20,,,0,85,,3912,20,,,0,100,,3913,20,,,0
1200,'Saturday-01',646,,3998,37,,,0,100,,3999,37,,,0,100,,4000,37,,,0,70,,4001,37,,,0,30,,4002,37,,,0,70,,4003,37,,,0,30,,4004,37,,,0,70,,4005,37,,,0,30,,4006,37,,,0,70,,4007,37,,,0,30,,4008,37,,,0,70,,4009,37,,,0,30,,4010,37,,,0,70,,4011,37,,,0,30,,4012,37,,,0,70,,4013,37,,,0,30,,4014,37,,,0,70,,4015,37,,,0,30,,4016,37,,,0,70,,4021,37,,,0,30,,4022,37,,,0,70,,4017,37,,,0,100,,4018,37,,,0,100,,4023,37,,,0,100,,4024,37,,,0,100,,4025,37,,,0,100,,4026,37,,,0,100,,4027,37,,,0
1200,'Sunday-01',831,,4028,37,,,0,100,,4029,37,,,0,100,,4030,37,,,0,100,,4031,37,,,0,100,,4032,37,,,0,100,,4033,37,,,0,100,,4034,37,,,0,100,,4035,37,,,0,100,,4036,37,,,0,100,,4037,37,,,0,100,,4038,37,,,0
1200,'Weekday-01',616,,4066,37,,,0,30,,4067,37,,,0,70,,4068,37,,,0,30,,4069,37,,,0,70,,4055,37,,,0,30,,4056,37,,,0,70,,4047,37,,,0,30,,4048,37,,,0,70,,4046,37,,,0,30,,4045,37,,,0,70,,4044,37,,,0,30,,4043,37,,,0,70,,4042,37,,,0,30,,4041,37,,,0,70,,4040,37,,,0,30,,4039,37,,,0,70,,4064,37,,,0,30,,4063,37,,,0,70,,4062,37,,,0,30,,4061,37,,,0,70,,4057,37,,,0,30,,4058,37,,,0,70,,4059,37,,,0,30,,4060,37,,,0,70,,4065,37,,,0,100,,4049,37,,,0,100,,4050,37,,,0,100,,4051,37,,,0,100,,4052,37,,,0,100,,4053,37,,,0,100,,4054,37,,,0
1500,'Saturday-01',811,,4141,2,,,0,90,,4143,24,,,0,50,,4144,24,,,0,90,,4145,24,,,0,90,,4146,24,,,0,90,,4147,24,,,0,90,,4148,24,,,0,90,,4149,24,,,0,50,,4150,24,,,0,90,,4151,24,,,0,90,,4152,24,,,0,90,,4153,24,,,0,89,,4142,24,,,0
1500,'Weekday-01',811,,4166,2,,,0,90,,4154,24,,,0,50,,4156,24,,,0,90,,4157,24,,,0,90,,4158,24,,,0,90,,4159,24,,,0,90,,4160,24,,,0,90,,4161,24,,,0,50,,4162,24,,,0,90,,4163,24,,,0,90,,4164,24,,,0,90,,4165,24,,,0,89,,4155,24,,,0
3000,'Weekday-01',654,,4499,9,,,0,70,,4493,9,,,0,30,,4500,9,,,0,70,,4501,9,,,0,30,,4502,9,,,0,70,,4503,9,,,0,30,,4494,9,,,0,70,,4495,9,,,0,30,,4504,9,,,0,72,,4505,9,,,0,30,,4506,9,,,0,70,,4507,9,,,0,32,,4508,9,,,0,70,,4496,9,,,0,30,,4509,9,,,0,70,,4510,9,,,0,30,,4511,9,,,0,70,,4512,9,,,0,30,,4497,9,,,0,70,,4498,9,,,0,30,,4513,9,,,0
5000,'Saturday-01',636,,4728,2,,,0,100,,4729,2,,,0,100,,4730,2,,,0,70,,4731,2,,,0,30,,4732,2,,,0,70,,4733,2,,,0,30,,4734,2,,,0,70,,4735,2,,,0,30,,4736,2,,,0,70,,4737,2,,,0,30,,4738,2,,,0,70,,4739,2,,,0,30,,4740,2,,,0,70,,4741,2,,,0,30,,4742,2,,,0,70,,4743,2,,,0,30,,4744,2,,,0,70,,4745,2,,,0,30,,4746,2,,,0,70,,4747,2,,,0,30,,4748,2,,,0,70,,4749,2,,,0,30,,4750,2,,,0,70,,4751,2,,,0,30,,4752,2,,,0,70,,4753,2,,,0,30,,4754,2,,,0,70,,4755,2,,,0,40,,4725,2,,,0,100,,4726,2,,,0,100,,4727,2,,,0
5000,'Sunday-01',831,,4756,2,,,0,100,,4757,2,,,0,100,,4758,2,,,0,70,,4759,2,,,0,30,,4760,2,,,0,70,,4761,2,,,0,30,,4762,2,,,0,70,,4763,2,,,0,30,,4764,2,,,0,70,,4765,2,,,0,30,,4766,2,,,0,70,,4767,2,,,0,30,,4768,2,,,0,70,,4769,2,,,0,30,,4770,2,,,0,70,,4771,2,,,0
5000,'Weekday-01',606,,4772,2,,,0,30,,4773,2,,,0,70,,4774,2,,,0,30,,4775,2,,,0,70,,4776,2,,,0,30,,4777,2,,,0,70,,4778,2,,,0,30,,4779,2,,,0,70,,4780,2,,,0,30,,4781,2,,,0,70,,4782,2,,,0,30,,4783,2,,,0,70,,4784,2,,,0,30,,4785,2,,,0,70,,4786,2,,,0,30,,4787,2,,,0,70,,4788,2,,,0,30,,4789,2,,,0,70,,4790,2,,,0,30,,4791,2,,,0,70,,4792,2,,,0,30,,4793,2,,,0,70,,4794,2,,,0,30,,4795,2,,,0,70,,4796,2,,,0,30,,4797,2,,,0,70,,4798,2,,,0,30,,4799,2,,,0,70,,4800,2,,,0,30,,4801,2,,,0,70,,4802,2,,,0,40,,4803,2,0,11 12,0,100,,4804,2,0,11 12,0,100,,4805,2,0,11 12,0
