400,'Saturday-01',646,,3149,46,,,0,70,,3117,46,,,0,30,,3148,46,,,0,70,,3147,46,,,0,30,,3118,46,,,0,70,,3146,46,,,0,30,,3119,46,,,0,70,,3145,46,,,0,30,,3144,46,,,0,70,,3120,46,,,0,30,,3143,46,,,0,70,,3121,46,,,0,30,,3122,46,,,0,70,,3142,46,,,0,30,,3141,46,,,0,70,,3123,46,,,0,30,,3140,46,,,0,70,,3139,46,,,0,30,,3124,46,,,0,70,,3125,46,,,0,30,,3126,46,,,0,70,,3138,46,,,0,30,,3137,46,,,0,70,,3136,46,,,0,30,,3127,46,,,0,70,,3128,46,,,0,30,,3135,46,,,0,70,,3134,46,,,0,30,,3133,46,,,0,70,,3129,46,,,0,100,,3132,46,,,0,100,,3131,46,,,0,100,,3130,46,,,0
400,'Sunday-01',831,,3150,46,,,0,70,,3161,46,,,0,30,,3151,46,,,0,70,,3162,46,,,0,30,,3152,46,,,0,70,,3163,46,,,0,30,,3153,46,,,0,70,,3164,46,,,0,30,,3154,46,,,0,70,,3165,46,,,0,30,,3155,46,,,0,70,,3166,46,,,0,30,,3156,46,,,0,70,,3167,46,,,0,30,,3157,46,,,0,70,,3168,46,,,0,30,,3158,46,,,0,70,,3169,46,,,0,30,,3159,46,,,0,70,,3170,46,,,0,30,,3160,46,,,0
400,'Weekday-01',617,,3171,46,,,0,30,,3172,46,,,0,70,,3173,46,,,0,30,,3174,46,,,0,70,,3175,46,,,0,30,,3176,46,,,0,70,,3177,46,,,0,30,,3178,46,,,0,70,,3179,46,,,0,30,,3180,46,,,0,70,,3181,46,,,0,30,,3182,46,,,0,70,,3183,46,,,0,30,,3184,46,,,0,70,,3185,46,,,0,30,,3186,46,,,0,70,,3187,46,,,0,30,,3188,46,,,0,70,,3189,46,,,0,30,,3190,46,,,0,70,,3191,46,,,0,30,,3192,46,,,0,70,,3193,46,,,0,30,,3194,46,,,0,70,,3195,46,,,0,29,,3196,46,,,0,70,,3197,46,,,0,30,,3198,46,,,0,70,,3199,46,,,0,30,,3200,46,,,0,70,,3201,46,,,0,100,,3202,46,,,0,100,,3203,46,,,0,100,,3204,46,,,0
701,'Saturday-01',632,,3469,57,,,0,100,,3470,57,,,0,70,,3471,57,,,0,30,,3472,57,,,0,70,,3473,57,,,0,30,,3474,57,,,0,70,,3475,57,,,0,30,,3476,57,,,0,70,,3477,57,,,0,30,,3478,57,,,0,70,,3479,57,,,0,30,,3480,57,,,0,70,,3481,57,,,0,30,,3482,57,,,0,70,,3483,57,,,0,30,,3484,57,,,0,70,,3485,57,,,0,30,,3486,57,,,0,70,,3487,57,,,0,30,,3488,57,,,0,70,,3489,57,,,0,30,,3490,57,,,0,70,,3491,57,,,0,30,,3492,57,,,0,70,,3493,57,,,0,100,,3496,57,,,0,45,,3497,57,,,0,69,,3498,57,,,0,100,,3499,57,,,0,100,,3500,57,,,0,100,,3495,57,,,0
701,'Sunday-01',832,,3501,57,,,0,70,,3502,57,,,0,30,,3503,57,,,0,70,,3504,57,,,0,30,,3505,57,,,0,70,,3506,57,,,0,30,,3507,57,,,0,70,,3508,57,,,0,30,,3509,57,,,0,70,,3510,57,,,0,30,,3511,57,,,0,70,,3512,57,,,0,30,,3513,57,,,0,70,,3514,57,,,0,30,,3515,57,,,0,70,,3516,57,,,0,30,,3517,57,,,0,70,,3518,57,,,0,30,,3519,57,,,0,70,,3520,57,,,0,30,,3521,57,,,0
701,'Weekday-01',602,,3522,57,,,0,30,,3523,57,,,0,70,,3524,57,,,0,20,,3525,57,,,0,10,,3526,57,,,0,15,,3527,57,,,0,55,,3528,57,,,0,15,,3529,57,,,0,15,,3530,57,,,0,70,,3531,57,,,0,30,,3532,57,,,0,70,,3533,57,,,0,30,,3534,57,,,0,70,,3535,57,,,0,30,,3536,57,,,0,70,,3537,57,,,0,30,,3538,57,,,0,70,,3539,57,,,0,30,,3540,57,,,0,70,,3541,57,,,0,30,,3542,57,,,0,70,,3543,57,,,0,30,,3544,57,,,0,70,,3545,57,,,0,25,,3546,57,,,0,30,,3547,57,,,0,75,,3548,57,,,0,70,,3549,57,,,0,30,,3550,57,,,0,70,,3551,57,,,0,100,,3552,57,,,0,45,,3553,57,,,0,69,,3554,57,,,0,100,,3555,57,,,0,100,,3556,57,,,0,100,,3557,57,,,0
901,'Saturday-01',647,,3770,36,,,0,70,,3771,36,,,0,30,,3772,36,,,0,70,,3773,36,,,0,30,,3774,36,,,0,70,,3775,36,,,0,30,,3776,36,,,0,70,,3777,36,,,0,30,,3778,36,,,0,70,,3779,36,,,0,30,,3780,36,,,0,70,,3781,36,,,0,30,,3782,36,,,0,70,,3783,36,,,0,30,,3784,36,,,0,70,,3785,36,,,0,30,,3786,36,,,0,70,,3787,36,,,0,30,,3788,36,,,0,70,,3789,36,,,0,30,,3790,36,,,0,70,,3791,36,,,0,30,,3792,36,,,0,70,,3793,36,,,0,85,,3794,36,,,0,45,,3795,36,,,0,85,,3796,36,,,0,70,,3797,36,,,0,45,,3798,36,,,0,100,,3799,36,,,0,100,,3800,36,,,0
901,'Sunday-01',817,,3819,36,,,0,30,,3809,36,,,0,70,,3820,36,,,0,30,,3810,36,,,0,70,,3821,36,,,0,30,,3811,36,,,0,70,,3801,36,,,0,30,,3812,36,,,0,70,,3802,36,,,0,30,,3813,36,,,0,70,,3803,36,,,0,30,,3814,36,,,0,70,,3804,36,,,0,30,,3815,36,,,0,70,,3805,36,,,0,30,,3816,36,,,0,70,,3806,36,,,0,30,,3817,36,,,0,70,,3807,36,,,0,30,,3818,36,,,0,70,,3808,36,,,0
901,'Weekday-01',612,,3822,36,,,0,30,,3823,36,,,0,70,,3824,36,,,0,30,,3825,36,,,0,70,,3826,36,,,0,35,,3827,36,,,0,70,,3828,36,,,0,30,,3829,36,,,0,70,,3830,36,,,0,30,,3831,36,,,0,70,,3832,36,,,0,30,,3833,36,,,0,70,,3834,36,,,0,30,,3835,36,,,0,70,,3836,36,,,0,30,,3837,36,,,0,70,,3838,36,,,0,30,,3839,36,,,0,70,,3840,36,,,0,15,,3841,36,,,0,15,,3842,36,,,0,55,,3843,36,,,0,15,,3844,36,,,0,15,,3845,36,,,0,15,,3846,36,,,0,55,,3847,36,,,0,15,,3848,36,,,0,30,,3849,36,,,0,70,,3850,36,,,0,85,,3851,36,,,0,44,,3852,36,,,0,85,,3853,36,,,0,70,,3854,36,,,0,45,,3855,36,,,0,100,,3856,36,,,0,100,,3857,36,,,0
1001,'Saturday-01',642,,3926,38,,,0,100,,3927,38,,,0,100,,3928,38,,,0,70,,3929,38,,,0,30,,3930,38,,,0,70,,3931,38,,,0,30,,3932,38,,,0,70,,3933,38,,,0,30,,3934,38,,,0,70,,3935,38,,,0,30,,3936,38,,,0,70,,3937,38,,,0,30,,3938,38,,,0,70,,3939,38,,,0,30,,3940,38,,,0,70,,3941,38,,,0,30,,3942,38,,,0,70,,3943,38,,,0,30,,3944,38,,,0,70,,3945,38,,,0,30,,3946,38,,,0,71,,3947,38,,,0,103,,3949,38,,,0,85,,3950,38,,,0,45,,3951,38,,,0,70,,3952,38,,,0,101,,3953,38,,,0
1001,'Sunday-01',832,,3954,38,,,0,100,,3955,38,,,0,100,,3956,38,,,0,100,,3957,38,,,0,100,,3958,38,,,0,100,,3959,38,,,0,100,,3960,38,,,0,100,,3961,38,,,0,100,,3962,38,,,0,100,,3963,38,,,0,100,,3964,38,,,0
1001,'Weekday-01',612,,3997,8,,,0,30,,3983,49,,,0,70,,3984,49,,,0,30,,3985,49,,,0,70,,3986,49,,,0,30,,3987,49,,,0,70,,3988,49,,,0,30,,3965,38,,,0,70,,3966,38,,,0,30,,3967,38,,,0,70,,3968,38,,,0,30,,3969,38,,,0,70,,3970,38,,,0,30,,3971,38,,,0,70,,3972,38,,,0,30,,3973,38,,,0,70,,3974,38,,,0,30,,3975,38,,,0,70,,3976,38,,,0,30,,3977,38,,,0,70,,3989,49,,,0,30,,3990,49,,,0,70,,3991,49,,,0,30,,3992,49,,,0,70,,3993,49,,,0,20,,3994,49,,,0,84,,3978,38,,,0,85,,3979,38,,,0,45,,3980,38,,,0,70,,3981,38,,,0,101,,3982,38,,,0
4000,'Saturday-01',620,,4535,28,,,0,30,,4536,28,,,0,70,,4537,28,,,0,30,,4538,28,,,0,70,,4539,28,,,0,30,,4540,28,,,0,70,,4541,28,,,0,30,,4542,28,,,0,70,,4543,28,,,0,30,,4544,28,,,0,70,,4545,28,,,0,30,,4546,28,,,0,70,,4547,28,,,0,30,,4548,28,,,0,70,,4549,28,,,0,30,,4550,28,,,0,70,,4551,28,,,0,30,,4552,28,,,0,70,,4553,28,,,0,30,,4554,28,,,0,70,,4555,28,,,0,30,,4556,28,,,0,70,,4557,28,,,0,30,,4558,28,,,0,70,,4559,28,,,0,30,,4560,28,,,0,70,,4561,28,,,0,30,,4562,28,,,0,70,,4563,28,,,0,30,,4564,28,,,0,70,,4565,28,,,0,30,,4566,28,,,0,70,,4567,28,,,0,30,,4568,28,,,0,70,,4569,28,,,0,100,,4570,28,,,0
4000,'Sunday-01',820,,4571,28,,,0,30,,4572,28,,,0,70,,4573,28,,,0,30,,4574,28,,,0,70,,4575,28,,,0,30,,4576,28,,,0,70,,4577,28,,,0,30,,4578,28,,,0,70,,4579,28,,,0,30,,4580,28,,,0,70,,4581,28,,,0,30,,4582,28,,,0,70,,4583,28,,,0,30,,4584,28,,,0,70,,4585,28,,,0,30,,4586,28,,,0,70,,4587,28,,,0,30,,4588,28,,,0,70,,4589,28,,,0,30,,4590,28,,,0,70,,4591,28,,,0
4000,'Weekday-01',620,,4629,28,,,0,30,,4620,28,,,0,70,,4621,28,,,0,30,,4622,28,,,0,70,,4623,28,,,0,30,,4624,28,,,0,70,,4625,28,,,0,30,,4626,28,,,0,70,,4627,28,,,0,30,,4628,28,,,0,70,,4595,28,,,0,30,,4617,28,,,0,70,,4616,28,,,0,30,,4615,28,,,0,70,,4614,28,,,0,30,,4596,28,,,0,70,,4613,28,,,0,30,,4612,28,,,0,70,,4618,28,,,0,30,,4597,28,,,0,70,,4598,28,,,0,30,,4599,28,,,0,70,,4611,28,,,0,30,,4619,28,,,0,70,,4601,28,,,0,30,,4603,28,,,0,70,,4610,28,,,0,30,,4609,28,,,0,70,,4608,28,,,0,30,,4600,28,,,0,70,,4607,28,,,0,30,,4606,28,,,0,70,,4605,28,,,0,30,,4604,28,,,0,70,,4594,28,,,0,100,,4602,28,,,0
