100,60,1,0
100,61,2,0
100,62,3,0
100,63,4,0
100,64,5,0
100,65,6,0
100,66,7,0
100,67,8,0
100,68,9,0
100,69,10,0
100,70,11,0
100,71,12,0
100,72,13,0
100,73,14,0
100,74,15,0
100,75,16,0
100,76,17,0
100,77,18,0
100,78,19,0
100,79,20,0
100,80,21,0
100,81,22,0
100,82,23,0
100,83,24,0
100,84,25,0
100,85,26,0
100,86,27,0
100,87,28,0
100,89,29,0
100,90,30,0
100,91,31,0
100,92,32,0
100,93,33,0
100,94,34,0
100,95,35,0
100,1434,36,0
100,1272,37,0
100,1435,38,0
100,96,39,0
100,97,40,0
100,98,41,0
100,99,42,0
100,1231,43,0
100,1232,44,0
100,101,45,0
100,102,46,0
100,103,47,0
100,104,48,0
100,105,49,0
100,106,50,0
100,109,51,0
100,110,52,0
100,111,53,0
100,112,54,0
100,114,55,0
100,1545,56,0
100,1356,57,0
100,1360,58,0
100,118,59,0
100,119,60,0
100,120,61,0
100,121,62,0
100,122,63,0
100,123,64,0
100,124,65,0
100,125,66,0
100,126,67,0
100,127,68,0
100,128,69,0
100,129,70,0
100,130,71,0
100,131,72,0
100,132,73,0
100,133,74,0
100,134,75,0
100,135,76,0
100,136,77,0
100,137,78,0
100,138,79,0
100,139,80,0
100,140,81,0
100,141,82,0
100,142,83,0
100,143,84,0
100,2,85,1
101,2,1,0
101,3,2,0
101,4,3,0
101,5,4,0
101,6,5,0
101,7,6,0
101,8,7,0
101,9,8,0
101,10,9,0
101,11,10,0
101,12,11,0
101,13,12,0
101,14,13,0
101,15,14,0
101,16,15,0
101,17,16,0
101,18,17,0
101,19,18,0
101,20,19,0
101,21,20,0
101,22,21,0
101,23,22,0
101,24,23,0
101,25,24,0
101,26,25,0
101,27,26,0
101,28,27,0
101,29,28,0
101,30,29,0
101,31,30,0
101,32,31,0
101,33,32,0
101,34,33,0
101,35,34,0
101,1273,35,0
101,37,36,0
101,38,37,0
101,1544,38,0
101,1355,39,0
101,1271,40,0
101,42,41,0
101,44,42,0
101,46,43,0
101,47,44,0
101,49,45,0
101,50,46,0
101,51,47,0
101,52,48,0
101,53,49,0
101,54,50,0
101,55,51,0
101,56,52,0
101,57,53,0
101,58,54,0
101,59,55,0
101,60,56,1
200,1432,1,0
200,1433,2,0
200,1256,3,0
200,155,4,0
200,156,5,0
200,157,6,0
200,158,7,0
200,159,8,0
200,160,9,0
200,161,10,0
200,162,11,0
200,163,12,0
200,164,13,0
200,165,14,0
200,59,15,0
200,166,16,0
200,167,17,0
200,168,18,0
200,170,19,0
200,172,20,0
200,173,21,0
200,174,22,0
200,175,23,0
200,176,24,0
200,178,25,0
200,35,26,0
200,1273,27,0
200,37,28,0
200,38,29,0
200,1544,30,0
200,1355,31,0
200,1362,32,0
200,236,33,0
200,237,34,0
200,791,35,0
200,792,36,0
200,793,37,0
200,794,38,0
200,795,39,0
200,796,40,0
200,797,41,0
200,798,42,0
200,799,43,0
200,800,44,0
200,801,45,0
200,802,46,0
200,803,47,0
200,804,48,0
200,805,49,0
200,806,50,0
200,807,51,0
200,808,52,0
200,809,53,0
200,810,54,0
200,811,55,0
200,812,56,0
200,813,57,0
200,814,58,0
200,815,59,0
200,816,60,0
200,817,61,0
200,818,62,0
200,1265,63,0
200,819,64,0
200,1032,65,0
200,1033,66,0
200,1034,67,0
200,1035,68,0
200,1036,69,0
200,1037,70,0
200,1440,71,0
200,1441,72,0
200,1442,73,0
200,1453,74,0
200,528,75,1
201,528,1,0
201,530,2,0
201,820,3,0
201,821,4,0
201,822,5,0
201,823,6,0
201,1443,7,0
201,1038,8,0
201,1039,9,0
201,1040,10,0
201,1041,11,0
201,1042,12,0
201,1043,13,0
201,1044,14,0
201,1045,15,0
201,1046,16,0
201,1047,17,0
201,1048,18,0
201,1049,19,0
201,1050,20,0
201,1051,21,0
201,1052,22,0
201,1053,23,0
201,1054,24,0
201,1055,25,0
201,1056,26,0
201,1057,27,0
201,1059,28,0
201,1060,29,0
201,1061,30,0
201,1062,31,0
201,1063,32,0
201,283,33,0
201,284,34,0
201,41,35,0
201,114,36,0
201,1545,37,0
201,1356,38,0
201,1360,39,0
201,118,40,0
201,181,41,0
201,183,42,0
201,185,43,0
201,186,44,0
201,187,45,0
201,189,46,0
201,191,47,0
201,58,48,0
201,59,49,0
201,166,50,0
201,193,51,0
201,194,52,0
201,195,53,0
201,196,54,0
201,197,55,0
201,198,56,0
201,199,57,0
201,200,58,0
201,201,59,0
201,144,60,0
201,145,61,0
201,146,62,0
201,147,63,0
201,148,64,0
201,149,65,0
201,150,66,0
201,151,67,0
201,1255,68,0
201,1569,69,0
201,1431,70,0
201,1541,71,0
201,1432,72,1
300,202,1,0
300,203,2,0
300,1262,3,0
300,204,4,0
300,205,5,0
300,206,6,0
300,207,7,0
300,208,8,0
300,209,9,0
300,210,10,0
300,211,11,0
300,212,12,0
300,213,13,0
300,214,14,0
300,215,15,0
300,216,16,0
300,1266,17,0
300,217,18,0
300,218,19,0
300,219,20,0
300,220,21,0
300,221,22,0
300,222,23,0
300,223,24,0
300,224,25,0
300,225,26,0
300,226,27,0
300,227,28,0
300,228,29,0
300,229,30,0
300,230,31,0
300,231,32,0
300,232,33,0
300,233,34,0
300,178,35,0
300,35,36,0
300,1273,37,0
300,37,38,0
300,38,39,0
300,1538,40,0
300,1355,41,0
300,1362,42,0
300,236,43,0
300,237,44,0
300,238,45,0
300,240,46,0
300,241,47,0
300,242,48,0
300,1568,49,0
300,247,50,0
300,248,51,0
300,249,52,0
300,383,53,0
300,384,54,0
300,385,55,1
301,385,1,0
301,384,2,0
301,270,3,0
301,271,4,0
301,1551,5,0
301,277,6,0
301,279,7,0
301,280,8,0
301,281,9,0
301,283,10,0
301,284,11,0
301,41,12,0
301,114,13,0
301,180,14,0
301,1356,15,0
301,1360,16,0
301,118,17,0
301,181,18,0
301,183,19,0
301,286,20,0
301,287,21,0
301,288,22,0
301,289,23,0
301,290,24,0
301,291,25,0
301,292,26,0
301,293,27,0
301,294,28,0
301,295,29,0
301,296,30,0
301,1227,31,0
301,297,32,0
301,298,33,0
301,299,34,0
301,300,35,0
301,301,36,0
301,302,37,0
301,303,38,0
301,304,39,0
301,305,40,0
301,306,41,0
301,307,42,0
301,308,43,0
301,1235,44,0
301,309,45,0
301,310,46,0
301,311,47,0
301,312,48,0
301,313,49,0
301,314,50,0
301,315,51,0
301,316,52,0
301,317,53,0
301,318,54,0
301,319,55,0
301,320,56,0
301,321,57,0
301,322,58,0
301,202,59,1
400,323,1,0
400,324,2,0
400,325,3,0
400,326,4,0
400,327,5,0
400,328,6,0
400,1331,7,0
400,329,8,0
400,330,9,0
400,331,10,0
400,332,11,0
400,333,12,0
400,334,13,0
400,335,14,0
400,336,15,0
400,1234,16,0
400,337,17,0
400,338,18,0
400,339,19,0
400,340,20,0
400,341,21,0
400,342,22,0
400,343,23,0
400,344,24,0
400,345,25,0
400,346,26,0
400,347,27,0
400,348,28,0
400,349,29,0
400,350,30,0
400,351,31,0
400,352,32,0
400,353,33,0
400,354,34,0
400,355,35,0
400,356,36,0
400,357,37,0
400,358,38,0
400,359,39,0
400,176,40,0
400,178,41,0
400,1367,42,0
400,1368,43,0
400,1369,44,0
400,112,45,0
400,114,46,0
400,1545,47,0
400,1356,48,0
400,360,49,0
400,361,50,0
400,362,51,0
400,363,52,0
400,364,53,0
400,365,54,0
400,366,55,0
400,368,56,0
400,369,57,0
400,370,58,0
400,372,59,0
400,374,60,0
400,375,61,0
400,376,62,0
400,377,63,0
400,378,64,0
400,1444,65,0
400,245,66,0
400,246,67,0
400,247,68,0
400,248,69,0
400,249,70,0
400,250,71,0
400,251,72,0
400,252,73,0
400,253,74,0
400,254,75,0
400,255,76,0
400,256,77,0
400,257,78,0
400,258,79,0
400,259,80,0
400,260,81,0
400,261,82,1
401,261,1,0
401,262,2,0
401,263,3,0
401,265,4,0
401,266,5,0
401,267,6,0
401,268,7,0
401,269,8,0
401,270,9,0
401,271,10,0
401,272,11,0
401,273,12,0
401,387,13,0
401,388,14,0
401,389,15,0
401,390,16,0
401,391,17,0
401,392,18,0
401,394,19,0
401,395,20,0
401,396,21,0
401,398,22,0
401,400,23,0
401,401,24,0
401,402,25,0
401,403,26,0
401,404,27,0
401,38,28,0
401,1544,29,0
401,1355,30,0
401,1271,31,0
401,1364,32,0
401,1365,33,0
401,1366,34,0
401,181,35,0
401,405,36,0
401,406,37,0
401,407,38,0
401,408,39,0
401,409,40,0
401,410,41,0
401,411,42,0
401,412,43,0
401,413,44,0
401,414,45,0
401,415,46,0
401,416,47,0
401,417,48,0
401,419,49,0
401,420,50,0
401,421,51,0
401,423,52,0
401,425,53,0
401,426,54,0
401,427,55,0
401,428,56,0
401,429,57,0
401,430,58,0
401,431,59,0
401,432,60,0
401,433,61,0
401,434,62,0
401,435,63,0
401,436,64,0
401,437,65,0
401,438,66,0
401,439,67,0
401,440,68,0
401,441,69,0
401,442,70,0
401,323,71,1
500,1545,1,0
500,1356,2,0
500,1360,3,0
500,118,4,0
500,181,5,0
500,183,6,0
500,185,7,0
500,186,8,0
500,187,9,0
500,480,10,0
500,481,11,0
500,482,12,0
500,483,13,0
500,484,14,0
500,485,15,0
500,486,16,0
500,1536,17,0
500,488,18,0
500,1454,19,0
500,59,20,0
500,60,21,0
500,61,22,0
500,62,23,0
500,63,24,0
500,64,25,0
500,65,26,0
500,66,27,0
500,67,28,0
500,68,29,0
500,69,30,1
501,69,1,0
501,70,2,0
501,71,3,0
501,72,4,0
501,73,5,0
501,74,6,0
501,75,7,0
501,76,8,0
501,77,9,0
501,78,10,0
501,79,11,0
501,80,12,0
501,81,13,0
501,82,14,0
501,83,15,0
501,84,16,0
501,85,17,0
501,86,18,0
501,87,19,0
501,88,20,0
501,193,21,0
501,1455,22,0
501,488,23,0
501,471,24,0
501,472,25,0
501,473,26,0
501,474,27,0
501,475,28,0
501,172,29,0
501,173,30,0
501,174,31,0
501,175,32,0
501,176,33,0
501,178,34,0
501,1367,35,0
501,1368,36,0
501,1369,37,0
501,112,38,0
501,114,39,0
501,1545,40,1
600,1421,1,0
600,444,2,0
600,445,3,0
600,446,4,0
600,447,5,0
600,448,6,0
600,449,7,0
600,1159,8,0
600,1160,9,0
600,1161,10,0
600,458,11,0
600,459,12,0
600,460,13,0
600,461,14,0
600,215,15,0
600,216,16,0
600,462,17,0
600,463,18,0
600,464,19,0
600,465,20,0
600,466,21,0
600,467,22,0
600,468,23,0
600,1536,24,0
600,1454,25,0
600,59,26,0
600,60,27,0
600,1456,28,0
600,1457,29,0
600,1458,30,0
600,1459,31,0
600,1460,32,0
600,1461,33,0
600,1462,34,0
600,1463,35,0
600,1464,36,0
600,1465,37,0
600,1466,38,0
600,1280,39,0
600,1281,40,0
600,1166,41,1
601,1166,1,0
601,1167,2,0
601,1279,3,0
601,1467,4,0
601,1468,5,0
601,1469,6,0
601,1434,7,0
601,96,8,0
601,1470,9,0
601,1471,10,0
601,1472,11,0
601,1473,12,0
601,1474,13,0
601,88,14,0
601,193,15,0
601,1455,16,0
601,487,17,0
601,488,18,0
601,489,19,0
601,490,20,0
601,491,21,0
601,492,22,0
601,493,23,0
601,425,24,0
601,426,25,0
601,427,26,0
601,494,27,0
601,1268,28,0
601,495,29,0
601,496,30,0
601,497,31,0
601,862,32,0
601,863,33,0
601,864,34,0
601,865,35,0
601,507,36,0
601,508,37,0
601,509,38,0
601,510,39,0
601,511,40,0
601,512,41,0
601,443,42,0
601,1421,43,1
700,602,1,0
700,603,2,0
700,604,3,0
700,605,4,0
700,606,5,0
700,764,6,0
700,1370,7,0
700,1387,8,0
700,1566,9,0
700,1403,10,0
700,1567,11,0
700,1388,12,0
700,1371,13,0
700,607,14,0
700,608,15,0
700,609,16,0
700,610,17,0
700,611,18,0
700,612,19,0
700,613,20,0
700,614,21,0
700,261,22,0
700,937,23,0
700,938,24,0
700,939,25,0
700,940,26,0
700,941,27,0
700,942,28,0
700,943,29,0
700,944,30,0
700,945,31,0
700,946,32,0
700,947,33,0
700,948,34,0
700,949,35,0
700,1137,36,0
700,1138,37,0
700,650,38,0
700,651,39,0
700,652,40,0
700,653,41,0
700,654,42,0
700,403,43,0
700,404,44,0
700,38,45,0
700,1537,46,0
700,1355,47,0
700,1362,48,0
700,618,49,0
700,620,50,0
700,621,51,0
700,622,52,0
700,623,53,0
700,624,54,0
700,625,55,0
700,626,56,0
700,628,57,0
700,629,58,0
700,630,59,0
700,631,60,0
700,632,61,0
700,633,62,0
700,634,63,0
700,635,64,0
700,636,65,0
700,637,66,0
700,513,67,0
700,514,68,0
700,515,69,0
700,516,70,0
700,517,71,0
700,518,72,0
700,519,73,0
700,520,74,0
700,521,75,0
700,522,76,0
700,738,77,0
700,523,78,0
700,739,79,0
700,524,80,0
700,525,81,0
700,526,82,0
700,1233,83,0
700,528,84,1
701,528,1,0
701,529,2,0
701,1372,3,0
701,1422,4,0
701,1373,5,0
701,1374,6,0
701,1375,7,0
701,533,8,0
701,534,9,0
701,535,10,0
701,536,11,0
701,537,12,0
701,538,13,0
701,539,14,0
701,540,15,0
701,541,16,0
701,542,17,0
701,543,18,0
701,544,19,0
701,545,20,0
701,546,21,0
701,547,22,0
701,548,23,0
701,549,24,0
701,550,25,0
701,551,26,0
701,552,27,0
701,553,28,0
701,554,29,0
701,555,30,0
701,556,31,0
701,557,32,0
701,558,33,0
701,559,34,0
701,560,35,0
701,561,36,0
701,562,37,0
701,563,38,0
701,564,39,0
701,565,40,0
701,566,41,0
701,568,42,0
701,570,43,0
701,571,44,0
701,572,45,0
701,574,46,0
701,575,47,0
701,576,48,0
701,577,49,0
701,579,50,0
701,41,51,0
701,114,52,0
701,1333,53,0
701,1356,54,0
701,360,55,0
701,361,56,0
701,362,57,0
701,363,58,0
701,364,59,0
701,365,60,0
701,366,61,0
701,368,62,0
701,369,63,0
701,370,64,0
701,372,65,0
701,580,66,0
701,583,67,0
701,584,68,0
701,585,69,0
701,263,70,0
701,265,71,0
701,586,72,0
701,587,73,0
701,588,74,0
701,589,75,0
701,590,76,0
701,591,77,0
701,592,78,0
701,593,79,0
701,594,80,0
701,595,81,0
701,1229,82,0
701,596,83,0
701,597,84,0
701,598,85,0
701,599,86,0
701,600,87,0
701,601,88,0
701,602,89,1
800,1166,1,0
800,1167,2,0
800,1275,3,0
800,1276,4,0
800,1277,5,0
800,1477,6,0
800,1478,7,0
800,1479,8,0
800,1480,9,0
800,1481,10,0
800,1482,11,0
800,1483,12,0
800,1583,13,0
800,1484,14,0
800,1485,15,0
800,1486,16,0
800,1487,17,0
800,1390,18,0
800,1163,19,0
800,1164,20,0
800,1330,21,0
800,1165,22,0
800,1336,23,0
800,1488,24,0
800,1274,25,0
800,1282,26,0
800,1283,27,0
800,1284,28,0
800,1389,29,0
800,673,30,0
800,674,31,0
800,1379,32,0
800,675,33,0
800,676,34,0
800,677,35,0
800,678,36,0
800,679,37,0
800,680,38,0
800,681,39,0
800,682,40,0
800,683,41,0
800,684,42,0
800,685,43,0
800,686,44,0
800,687,45,0
800,688,46,0
800,689,47,0
800,690,48,0
800,114,49,0
800,180,50,0
800,1542,51,0
800,886,52,0
800,887,53,0
800,888,54,0
800,889,55,0
800,890,56,0
800,891,57,0
800,892,58,0
800,893,59,0
800,894,60,0
800,895,61,0
800,896,62,0
800,897,63,0
800,898,64,0
800,899,65,0
800,900,66,0
800,901,67,0
800,902,68,0
800,904,69,0
800,903,70,0
800,905,71,0
800,906,72,0
800,907,73,0
800,908,74,0
800,910,75,0
800,911,76,0
800,912,77,0
800,913,78,0
800,914,79,0
800,915,80,0
800,916,81,0
800,917,82,0
800,1384,83,0
800,1337,84,0
800,918,85,0
800,919,86,0
800,920,87,0
800,921,88,0
800,922,89,0
800,923,90,0
800,924,91,0
800,584,92,0
800,925,93,0
800,926,94,0
800,927,95,0
800,928,96,0
800,929,97,0
800,930,98,0
800,931,99,0
800,599,100,0
800,600,101,0
800,601,102,0
800,602,103,1
801,602,1,0
801,603,2,0
801,604,3,0
801,772,4,0
801,773,5,0
801,1110,6,0
801,1111,7,0
801,1112,8,0
801,1113,9,0
801,1114,10,0
801,1115,11,0
801,261,12,0
801,1116,13,0
801,1117,14,0
801,1118,15,0
801,1119,16,0
801,1120,17,0
801,1121,18,0
801,1122,19,0
801,1263,20,0
801,1123,21,0
801,916,22,0
801,1125,23,0
801,1126,24,0
801,1127,25,0
801,1128,26,0
801,1129,27,0
801,1130,28,0
801,1131,29,0
801,1132,30,0
801,1133,31,0
801,1134,32,0
801,1135,33,0
801,1136,34,0
801,948,35,0
801,949,36,0
801,950,37,0
801,951,38,0
801,952,39,0
801,953,40,0
801,954,41,0
801,364,42,0
801,955,43,0
801,956,44,0
801,957,45,0
801,958,46,0
801,959,47,0
801,1538,48,0
801,1355,49,0
801,1361,50,0
801,656,51,0
801,657,52,0
801,658,53,0
801,659,54,0
801,660,55,0
801,662,56,0
801,663,57,0
801,664,58,0
801,665,59,0
801,666,60,0
801,667,61,0
801,668,62,0
801,669,63,0
801,1490,64,0
801,1491,65,0
801,1492,66,0
801,1493,67,0
801,1494,68,0
801,1495,69,0
801,1166,70,1
900,602,1,0
900,603,2,0
900,604,3,0
900,772,4,0
900,773,5,0
900,1264,6,0
900,774,7,0
900,775,8,0
900,776,9,0
900,777,10,0
900,778,11,0
900,779,12,0
900,780,13,0
900,781,14,0
900,782,15,0
900,783,16,0
900,784,17,0
900,785,18,0
900,786,19,0
900,1380,20,0
900,787,21,0
900,788,22,0
900,789,23,0
900,790,24,0
900,255,25,0
900,256,26,0
900,257,27,0
900,258,28,0
900,259,29,0
900,260,30,0
900,261,31,0
900,615,32,0
900,391,33,0
900,392,34,0
900,394,35,0
900,395,36,0
900,396,37,0
900,398,38,0
900,400,39,0
900,401,40,0
900,402,41,0
900,403,42,0
900,404,43,0
900,38,44,0
900,1537,45,0
900,1355,46,0
900,1362,47,0
900,618,48,0
900,620,49,0
900,621,50,0
900,622,51,0
900,623,52,0
900,624,53,0
900,625,54,0
900,626,55,0
900,628,56,0
900,629,57,0
900,630,58,0
900,631,59,0
900,632,60,0
900,633,61,0
900,634,62,0
900,635,63,0
900,636,64,0
900,637,65,0
900,513,66,0
900,710,67,0
900,711,68,0
900,712,69,0
900,713,70,0
900,714,71,0
900,715,72,0
900,716,73,0
900,717,74,0
900,718,75,0
900,719,76,0
900,720,77,0
900,721,78,0
900,722,79,0
900,723,80,0
900,724,81,0
900,725,82,0
900,726,83,0
900,727,84,0
900,728,85,0
900,729,86,0
900,730,87,0
900,731,88,0
900,732,89,0
900,733,90,0
900,1582,91,0
900,1580,92,0
900,1581,93,0
900,1420,94,0
900,1436,95,0
900,1475,96,0
900,1476,97,0
900,1267,98,0
900,528,99,1
901,528,1,0
901,530,2,0
901,531,3,0
901,532,4,0
901,740,5,0
901,741,6,0
901,742,7,0
901,743,8,0
901,744,9,0
901,745,10,0
901,746,11,0
901,747,12,0
901,748,13,0
901,750,14,0
901,749,15,0
901,751,16,0
901,752,17,0
901,558,18,0
901,559,19,0
901,560,20,0
901,561,21,0
901,562,22,0
901,563,23,0
901,564,24,0
901,565,25,0
901,566,26,0
901,568,27,0
901,570,28,0
901,571,29,0
901,572,30,0
901,574,31,0
901,575,32,0
901,576,33,0
901,577,34,0
901,579,35,0
901,41,36,0
901,114,37,0
901,1333,38,0
901,1356,39,0
901,360,40,0
901,361,41,0
901,691,42,0
901,692,43,0
901,693,44,0
901,694,45,0
901,695,46,0
901,1093,47,0
901,900,48,0
901,901,49,0
901,1094,50,0
901,1095,51,0
901,1096,52,0
901,1097,53,0
901,1098,54,0
901,1099,55,0
901,1100,56,0
901,1101,57,0
901,1102,58,0
901,1103,59,0
901,1104,60,0
901,924,61,0
901,584,62,0
901,753,63,0
901,754,64,0
901,755,65,0
901,756,66,0
901,757,67,0
901,758,68,0
901,759,69,0
901,760,70,0
901,761,71,0
901,762,72,0
901,763,73,0
901,764,74,0
901,1370,75,0
901,1387,76,0
901,1566,77,0
901,1403,78,0
901,1567,79,0
901,1388,80,0
901,765,81,0
901,766,82,0
901,767,83,0
901,768,84,0
901,1312,85,0
901,769,86,0
901,770,87,0
901,771,88,0
901,599,89,0
901,600,90,0
901,601,91,0
901,602,92,1
1000,638,1,0
1000,640,2,0
1000,641,3,0
1000,642,4,0
1000,643,5,0
1000,644,6,0
1000,645,7,0
1000,646,8,0
1000,647,9,0
1000,648,10,0
1000,649,11,0
1000,650,12,0
1000,651,13,0
1000,652,14,0
1000,653,15,0
1000,654,16,0
1000,403,17,0
1000,404,18,0
1000,38,19,0
1000,1544,20,0
1000,1355,21,0
1000,1271,22,0
1000,42,23,0
1000,44,24,0
1000,46,25,0
1000,960,26,0
1000,961,27,0
1000,962,28,0
1000,186,29,0
1000,963,30,0
1000,964,31,0
1000,965,32,0
1000,966,33,0
1000,967,34,0
1000,968,35,0
1000,969,36,0
1000,970,37,0
1000,971,38,0
1000,296,39,0
1000,972,40,0
1000,973,41,0
1000,974,42,0
1000,975,43,0
1000,976,44,0
1000,977,45,0
1000,978,46,0
1000,979,47,0
1000,980,48,0
1000,981,49,0
1000,982,50,0
1000,983,51,0
1000,984,52,0
1000,986,53,0
1000,987,54,0
1000,988,55,0
1000,989,56,0
1000,1496,57,0
1000,458,58,0
1000,459,59,1
1001,459,1,0
1001,338,2,0
1001,1064,3,0
1001,1065,4,0
1001,1066,5,0
1001,1067,6,0
1001,1068,7,0
1001,1069,8,0
1001,1070,9,0
1001,1071,10,0
1001,1072,11,0
1001,1073,12,0
1001,1074,13,0
1001,1075,14,0
1001,1076,15,0
1001,1077,16,0
1001,1078,17,0
1001,349,18,0
1001,1079,19,0
1001,1080,20,0
1001,1081,21,0
1001,1082,22,0
1001,1083,23,0
1001,1084,24,0
1001,1085,25,0
1001,1086,26,0
1001,1087,27,0
1001,1088,28,0
1001,1089,29,0
1001,1090,30,0
1001,1091,31,0
1001,1092,32,0
1001,109,33,0
1001,110,34,0
1001,111,35,0
1001,112,36,0
1001,114,37,0
1001,1545,38,0
1001,1356,39,0
1001,360,40,0
1001,361,41,0
1001,691,42,0
1001,692,43,0
1001,693,44,0
1001,694,45,0
1001,695,46,0
1001,696,47,0
1001,697,48,0
1001,698,49,0
1001,699,50,0
1001,700,51,0
1001,701,52,0
1001,702,53,0
1001,703,54,0
1001,704,55,0
1001,705,56,0
1001,706,57,0
1001,707,58,0
1001,708,59,0
1001,638,60,1
1200,497,1,0
1200,862,2,0
1200,863,3,0
1200,864,4,0
1200,865,5,0
1200,450,6,0
1200,452,7,0
1200,453,8,0
1200,866,9,0
1200,867,10,0
1200,868,11,0
1200,869,12,0
1200,870,13,0
1200,871,14,0
1200,872,15,0
1200,873,16,0
1200,874,17,0
1200,875,18,0
1200,876,19,0
1200,877,20,0
1200,878,21,0
1200,879,22,0
1200,880,23,0
1200,23,24,0
1200,24,25,0
1200,25,26,0
1200,26,27,0
1200,27,28,0
1200,28,29,0
1200,29,30,0
1200,881,31,0
1200,882,32,0
1200,883,33,0
1200,884,34,0
1200,37,35,0
1200,38,36,0
1200,1544,37,0
1200,1355,38,0
1200,1362,39,0
1200,236,40,0
1200,237,41,0
1200,238,42,0
1200,240,43,0
1200,990,44,0
1200,991,45,0
1200,992,46,0
1200,993,47,0
1200,994,48,0
1200,995,49,0
1200,996,50,0
1200,997,51,0
1200,998,52,0
1200,999,53,0
1200,1000,54,0
1200,1001,55,0
1200,1002,56,0
1200,1003,57,0
1200,1004,58,0
1200,1005,59,0
1200,1006,60,0
1200,1007,61,0
1200,1008,62,0
1200,1009,63,0
1200,1010,64,0
1200,1011,65,0
1200,1012,66,0
1200,1013,67,0
1200,1014,68,0
1200,1015,69,0
1200,1016,70,0
1200,1017,71,0
1200,836,72,0
1200,837,73,0
1200,838,74,0
1200,1328,75,0
1200,1018,76,0
1200,1019,77,0
1200,1020,78,0
1200,1021,79,0
1200,1022,80,0
1200,829,81,0
1200,830,82,0
1200,1327,83,0
1200,526,84,0
1200,1233,85,0
1200,528,86,1
1201,528,1,0
1201,530,2,0
1201,830,3,0
1201,1023,4,0
1201,1024,5,0
1201,1025,6,0
1201,1026,7,0
1201,1027,8,0
1201,1028,9,0
1201,1043,10,0
1201,831,11,0
1201,832,12,0
1201,833,13,0
1201,834,14,0
1201,835,15,0
1201,836,16,0
1201,837,17,0
1201,838,18,0
1201,839,19,0
1201,840,20,0
1201,841,21,0
1201,842,22,0
1201,843,23,0
1201,844,24,0
1201,845,25,0
1201,846,26,0
1201,847,27,0
1201,848,28,0
1201,849,29,0
1201,850,30,0
1201,851,31,0
1201,852,32,0
1201,853,33,0
1201,854,34,0
1201,855,35,0
1201,856,36,0
1201,857,37,0
1201,858,38,0
1201,859,39,0
1201,860,40,0
1201,861,41,0
1201,280,42,0
1201,281,43,0
1201,283,44,0
1201,284,45,0
1201,41,46,0
1201,114,47,0
1201,1545,48,0
1201,1356,49,0
1201,1360,50,0
1201,1139,51,0
1201,1140,52,0
1201,1141,53,0
1201,1142,54,0
1201,124,55,0
1201,125,56,0
1201,126,57,0
1201,127,58,0
1201,128,59,0
1201,129,60,0
1201,130,61,0
1201,131,62,0
1201,132,63,0
1201,1143,64,0
1201,1144,65,0
1201,1145,66,0
1201,1146,67,0
1201,1147,68,0
1201,1148,69,0
1201,1149,70,0
1201,1150,71,0
1201,1151,72,0
1201,1152,73,0
1201,1153,74,0
1201,1154,75,0
1201,1155,76,0
1201,1156,77,0
1201,1157,78,0
1201,1158,79,0
1201,1549,80,0
1201,454,81,0
1201,455,82,0
1201,1500,83,0
1201,1501,84,0
1201,987,85,0
1201,988,86,0
1201,989,87,0
1201,306,88,0
1201,307,89,0
1201,497,90,1
1400,528,1,0
1400,1548,2,0
1400,1441,3,0
1400,1505,4,0
1400,1506,5,0
1400,1507,6,0
1400,1508,7,0
1400,1504,8,0
1400,1510,9,0
1400,1511,10,0
1400,1512,11,0
1400,1513,12,0
1400,1514,13,0
1400,1515,14,0
1400,1516,15,0
1400,1517,16,0
1400,830,17,1
1401,830,1,0
1401,1518,2,0
1401,1519,3,0
1401,1521,4,0
1401,1522,5,0
1401,1511,6,0
1401,1512,7,0
1401,1523,8,0
1401,1503,9,0
1401,1525,10,0
1401,1526,11,0
1401,1527,12,0
1401,1528,13,0
1401,1442,14,0
1401,1453,15,0
1401,528,16,1
1501,1537,1,0
1501,1355,2,0
1501,1361,3,0
1501,656,4,0
1501,657,5,0
1501,658,6,0
1501,1180,7,0
1501,1181,8,0
1501,1182,9,0
1501,1183,10,0
1501,1539,11,0
1501,1540,12,0
1501,1391,13,0
1501,1529,14,0
1501,1588,15,0
1501,1186,16,0
1501,1187,17,0
1501,793,18,0
1501,794,19,0
1501,1188,20,0
1501,1189,21,1
1502,1189,1,0
1502,887,2,0
1502,888,3,0
1502,1194,4,0
1502,957,5,0
1502,958,6,0
1502,1195,7,0
1502,1196,8,0
1502,1197,9,0
1502,691,10,0
1502,692,11,0
1502,1199,12,0
1502,1174,13,0
1502,652,14,0
1502,653,15,0
1502,654,16,0
1502,403,17,0
1502,404,18,0
1502,38,19,0
1502,1537,20,1
1601,202,1,0
1601,203,2,0
1601,1262,3,0
1601,204,4,0
1601,1451,5,0
1601,1452,6,0
1601,1432,7,0
1601,1433,8,0
1601,1569,9,0
1601,1570,10,0
1601,1571,11,0
1601,1572,12,0
1601,1574,13,1
1602,1574,1,0
1602,1575,2,0
1602,1576,3,0
1602,1577,4,0
1602,1578,5,0
1602,153,6,0
1602,1423,7,0
1602,1530,8,0
1602,1531,9,0
1602,1532,10,0
1602,1533,11,0
1602,1534,12,0
1602,1206,13,0
1602,1207,14,0
1602,1208,15,0
1602,1209,16,0
1602,1210,17,0
1602,1211,18,0
1602,1535,19,0
1602,202,20,1
1701,1450,1,0
1701,1222,2,0
1701,1223,3,0
1701,1270,4,0
1701,1224,5,0
1701,1225,6,0
1701,1226,7,0
1701,321,8,0
1701,322,9,0
1701,202,10,0
1701,203,11,0
1701,1262,12,0
1701,204,13,0
1701,1451,14,0
1701,1452,15,0
1701,1432,16,0
1701,1433,17,0
1701,1589,18,1
1702,1589,1,0
1702,1578,2,0
1702,153,3,0
1702,1423,4,0
1702,1424,5,0
1702,1425,6,0
1702,439,7,0
1702,440,8,0
1702,441,9,0
1702,442,10,0
1702,323,11,0
1702,1445,12,0
1702,1212,13,0
1702,1213,14,0
1702,1214,15,0
1702,1215,16,0
1702,1216,17,0
1702,1217,18,0
1702,1218,19,0
1702,1219,20,0
1702,1446,21,0
1702,1447,22,0
1702,1448,23,0
1702,1449,24,0
1702,1450,25,1
1800,1566,1,0
1800,1403,2,0
1800,1418,3,0
1800,1411,4,0
1800,1412,5,0
1800,1413,6,0
1800,1419,7,0
1800,1414,8,0
1800,1584,9,0
1800,1415,10,0
1800,1416,11,0
1800,1417,12,0
1800,612,13,0
1800,613,14,0
1800,614,15,0
1800,261,16,0
1800,262,17,0
1800,263,18,0
1800,265,19,0
1800,266,20,0
1800,267,21,0
1800,268,22,0
1800,269,23,0
1800,270,24,0
1800,271,25,0
1800,1586,26,0
1800,382,27,1
1801,382,1,0
1801,1228,2,0
1801,270,3,0
1801,250,4,0
1801,251,5,0
1801,252,6,0
1801,253,7,0
1801,254,8,0
1801,255,9,0
1801,256,10,0
1801,257,11,0
1801,258,12,0
1801,583,13,0
1801,584,14,0
1801,753,15,0
1801,754,16,0
1801,755,17,0
1801,1393,18,0
1801,1394,19,0
1801,1395,20,0
1801,1396,21,0
1801,1585,22,0
1801,1397,23,0
1801,1554,24,0
1801,1555,25,0
1801,1556,26,0
1801,1557,27,0
1801,1558,28,0
1801,1563,29,0
1801,1559,30,0
1801,1560,31,0
1801,1561,32,0
1801,1562,33,0
1801,1406,34,0
1801,1407,35,0
1801,1566,36,1
2100,752,1,0
2100,710,2,0
2100,1293,3,0
2100,1295,4,0
2100,1296,5,0
2100,1297,6,0
2100,732,7,0
2100,733,8,0
2100,734,9,0
2100,735,10,0
2100,736,11,0
2100,737,12,0
2100,1298,13,0
2100,1299,14,0
2100,520,15,0
2100,1591,16,0
2100,824,17,0
2100,1043,18,0
2100,1010,19,0
2100,1011,20,0
2100,1012,21,0
2100,1013,22,0
2100,1014,23,0
2100,1015,24,0
2100,1016,25,0
2100,1017,26,0
2100,836,27,0
2100,248,28,0
2100,249,29,1
2101,249,1,0
2101,383,2,0
2101,384,3,0
2101,838,4,0
2101,839,5,0
2101,840,6,0
2101,841,7,0
2101,842,8,0
2101,843,9,0
2101,844,10,0
2101,845,11,0
2101,811,12,0
2101,1031,13,0
2101,1443,14,0
2101,742,15,0
2101,743,16,0
2101,744,17,0
2101,745,18,0
2101,746,19,0
2101,747,20,0
2101,1318,21,0
2101,752,22,1
2200,830,1,0
2200,1518,2,0
2200,1593,3,0
2200,1510,4,0
2200,1511,5,0
2200,1594,6,0
2200,1607,7,0
2200,1595,8,0
2200,1596,9,0
2200,1597,10,0
2200,1598,11,0
2200,1600,12,0
2200,1601,13,0
2200,1602,14,0
2200,1603,15,0
2200,1604,16,0
2200,1605,17,0
2200,1606,18,0
2200,831,19,0
2200,832,20,0
2200,833,21,0
2200,834,22,0
2200,835,23,0
2200,836,24,0
2200,270,25,0
2200,250,26,0
2200,251,27,0
2200,252,28,0
2200,253,29,0
2200,254,30,0
2200,586,31,0
2200,587,32,1
2201,587,1,0
2201,588,2,0
2201,1592,3,0
2201,775,4,0
2201,776,5,0
2201,777,6,0
2201,778,7,0
2201,779,8,0
2201,780,9,0
2201,781,10,0
2201,782,11,0
2201,783,12,0
2201,885,13,0
2201,909,14,0
2201,249,15,0
2201,383,16,0
2201,838,17,0
2201,1328,18,0
2201,1018,19,0
2201,1019,20,0
2201,1020,21,0
2201,1021,22,0
2201,1022,23,0
2201,829,24,0
2201,830,25,1
3000,202,1,0
3000,337,2,0
3000,340,3,0
3000,219,4,0
3000,172,5,0
3000,37,6,0
3000,38,7,0
3000,1538,8,0
3000,1355,9,0
3000,1362,10,0
3000,238,11,0
3000,241,12,0
3000,248,13,0
3000,249,14,0
3000,383,15,0
3000,384,16,1
3001,384,1,0
3001,270,2,0
3001,271,3,0
3001,280,4,0
3001,283,5,0
3001,41,6,0
3001,114,7,0
3001,180,8,0
3001,1356,9,0
3001,1360,10,0
3001,480,11,0
3001,420,12,0
3001,305,13,0
3001,308,14,0
3001,202,15,1
4003,1566,1,0
4003,1403,2,0
4003,1567,3,0
4003,1388,4,0
4003,1371,5,0
4003,769,6,0
4003,770,7,0
4003,771,8,0
4003,599,9,0
4003,600,10,0
4003,601,11,0
4003,602,12,0
4003,603,13,0
4003,604,14,0
4003,772,15,0
4003,773,16,0
4003,1264,17,0
4003,932,18,0
4003,933,19,0
4003,934,20,0
4003,936,21,0
4003,259,22,0
4003,260,23,0
4003,261,24,0
4003,395,25,0
4003,400,26,0
4003,401,27,0
4003,402,28,0
4003,403,29,0
4003,404,30,0
4003,1360,31,0
4003,181,32,0
4003,186,33,0
4003,189,34,0
4003,60,35,0
4003,61,36,0
4003,1552,37,0
4003,1589,38,0
4003,1578,39,0
4003,153,40,0
4003,1423,41,1
4004,1423,1,0
4004,1424,2,0
4004,1425,3,0
4004,439,4,0
4004,440,5,0
4004,441,6,0
4004,1426,7,0
4004,1427,8,0
4004,1428,9,0
4004,1429,10,0
4004,1430,11,0
4004,1564,12,0
4004,1431,13,0
4004,1541,14,0
4004,1432,15,0
4004,1433,16,0
4004,86,17,0
4004,87,18,0
4004,88,19,0
4004,172,20,0
4004,175,21,0
4004,35,22,0
4004,37,23,0
4004,360,24,0
4004,361,25,0
4004,362,26,0
4004,363,27,0
4004,364,28,0
4004,365,29,0
4004,369,30,0
4004,584,31,0
4004,585,32,0
4004,1105,33,0
4004,1107,34,0
4004,1108,35,0
4004,1109,36,0
4004,598,37,0
4004,599,38,0
4004,600,39,0
4004,601,40,0
4004,602,41,0
4004,603,42,0
4004,604,43,0
4004,605,44,0
4004,606,45,0
4004,764,46,0
4004,1370,47,0
4004,1387,48,0
4004,1566,49,1
5000,1544,1,0
5000,1355,2,0
5000,1362,3,0
5000,618,4,0
5000,622,5,0
5000,625,6,0
5000,629,7,0
5000,1265,8,0
5000,819,9,0
5000,521,10,0
5000,522,11,0
5000,738,12,0
5000,523,13,0
5000,739,14,0
5000,524,15,0
5000,525,16,0
5000,526,17,0
5000,1233,18,0
5000,528,19,1
5001,528,1,0
5001,529,2,0
5001,1372,3,0
5001,1422,4,0
5001,1420,5,0
5001,1436,6,0
5001,1475,7,0
5001,1476,8,0
5001,1267,9,0
5001,530,10,0
5001,531,11,0
5001,532,12,0
5001,740,13,0
5001,741,14,0
5001,1038,15,0
5001,566,16,0
5001,571,17,0
5001,575,18,0
5001,579,19,0
5001,1547,20,0
5001,1544,21,1
